4 0.892578 0.372396 0.091797 0.041667
4 0.514648 0.629557 0.095703 0.045573
3 0.155762 0.508464 0.045898 0.136719
4 0.277832 0.777995 0.090820 0.066406
0 0.542480 0.235677 0.041992 0.039063
2 0.637207 0.208984 0.045898 0.053385
0 0.705566 0.313802 0.040039 0.044271
0 0.872559 0.416667 0.047852 0.028646
0 0.966309 0.425781 0.041992 0.028646
0 0.571777 0.285156 0.041992 0.036458
0 0.231934 0.453776 0.026367 0.055990
0 0.263672 0.268880 0.039063 0.045573
0 0.404297 0.041016 0.041016 0.035156
0 0.623047 0.250000 0.035156 0.044271
0 0.593262 0.657552 0.043945 0.028646
0 0.513672 0.669271 0.041016 0.026042
0 0.440918 0.622396 0.040039 0.028646
0 0.494629 0.749349 0.040039 0.042969
0 0.208984 0.828776 0.035156 0.045573
0 0.163086 0.804688 0.029297 0.054688
2 0.203613 0.705078 0.024414 0.055990
2 0.174805 0.686849 0.027344 0.053385
0 0.194336 0.436198 0.039063 0.039063
0 0.100098 0.128906 0.034180 0.046875
0 0.144531 0.680339 0.023438 0.045573
0 0.140137 0.634766 0.030273 0.042969
0 0.100098 0.410807 0.041992 0.035156
4 0.140137 0.283854 0.061523 0.104167
0 0.154785 0.150391 0.030273 0.045573
0 0.132813 0.162109 0.029297 0.048177
0 0.101074 0.201172 0.020508 0.048177
0 0.270508 0.028646 0.033203 0.039063
0 0.234863 0.052083 0.038086 0.039063
0 0.247070 0.073568 0.033203 0.040365
0 0.258301 0.091797 0.034180 0.035156
0 0.345215 0.020833 0.036133 0.031250
0 0.312988 0.034505 0.038086 0.035156
0 0.357422 0.043620 0.033203 0.024740
0 0.363770 0.069661 0.038086 0.029948
0 0.318848 0.054688 0.036133 0.031250
2 0.324707 0.079427 0.041992 0.033854
0 0.288574 0.083333 0.028320 0.041667
0 0.280273 0.050781 0.033203 0.036458
0 0.099121 0.438802 0.032227 0.041667
0 0.137695 0.587891 0.031250 0.042969
2 0.299805 0.820964 0.025391 0.050781
0 0.333496 0.776042 0.030273 0.033854