4 0.439453 0.132161 0.095703 0.037760
4 0.718750 0.151042 0.087891 0.039063
4 0.164551 0.138021 0.086914 0.044271
0 0.147949 0.180990 0.043945 0.028646
0 0.537109 0.228516 0.042969 0.029948
0 0.805664 0.344401 0.041016 0.035156
0 0.639648 0.296875 0.041016 0.031250
0 0.239746 0.188802 0.040039 0.026042
0 0.027344 0.169271 0.042969 0.033854
2 0.716797 0.757161 0.035156 0.058594
2 0.731445 0.840495 0.037109 0.040365
2 0.748047 0.794922 0.037109 0.053385
0 0.780273 0.829427 0.039063 0.044271
2 0.788086 0.884766 0.044922 0.042969
4 0.828125 0.744141 0.070313 0.105469
0 0.662598 0.985026 0.040039 0.029948
0 0.145020 0.582031 0.041992 0.041667
0 0.423340 0.784505 0.034180 0.037760
0 0.873047 0.642578 0.033203 0.048177
4 0.562988 0.311198 0.088867 0.049479
4 0.963379 0.559245 0.067383 0.115885
4 0.889648 0.653646 0.078125 0.106771
0 0.554199 0.889323 0.034180 0.026042
0 0.520508 0.875651 0.035156 0.040365
0 0.490234 0.850911 0.035156 0.048177
0 0.437012 0.914714 0.040039 0.032552
0 0.380859 0.848958 0.033203 0.036458
0 0.513672 0.949870 0.037109 0.045573
0 0.350098 0.844401 0.038086 0.042969
0 0.191406 0.687500 0.037109 0.041667
0 0.138184 0.635417 0.041992 0.044271
0 0.086426 0.563151 0.034180 0.040365
0 0.228516 0.718099 0.033203 0.045573
0 0.059082 0.558594 0.034180 0.044271
0 0.405273 0.872396 0.035156 0.049479
0 0.316895 0.807943 0.038086 0.045573