4 0.698730 0.376953 0.096680 0.037760
4 0.598145 0.373698 0.092773 0.036458
4 0.505371 0.371745 0.092773 0.040365
0 0.594238 0.344401 0.041992 0.027344
2 0.425781 0.279297 0.041016 0.027344
0 0.422852 0.331380 0.039063 0.029948
0 0.428711 0.382813 0.039063 0.028646
2 0.527832 0.418620 0.049805 0.029948
0 0.602051 0.416667 0.034180 0.028646
0 0.569336 0.415365 0.035156 0.026042
0 0.710938 0.075521 0.027344 0.054688
2 0.402344 0.433594 0.044922 0.044271
2 0.387207 0.346354 0.043945 0.039063
0 0.261719 0.375000 0.035156 0.046875
2 0.113770 0.611328 0.032227 0.058594
0 0.212402 0.060547 0.022461 0.045573
0 0.148438 0.057943 0.029297 0.045573
0 0.217773 0.121745 0.023438 0.050781
0 0.180176 0.212240 0.022461 0.052083
0 0.223633 0.169922 0.025391 0.042969
0 0.146484 0.110026 0.033203 0.042969
0 0.143066 0.157552 0.026367 0.041667
0 0.147461 0.194010 0.021484 0.044271
0 0.151367 0.243490 0.029297 0.044271
0 0.172852 0.263672 0.023438 0.053385
0 0.160645 0.333333 0.024414 0.054688
0 0.192383 0.339844 0.027344 0.057292
0 0.239258 0.208333 0.029297 0.049479
2 0.057129 0.425781 0.022461 0.054688
10 0.009277 0.427734 0.020508 0.048177
0 0.090332 0.420573 0.022461 0.049479
0 0.214844 0.469401 0.035156 0.048177
0 0.174316 0.615234 0.030273 0.055990
0 0.155762 0.652344 0.026367 0.052083
0 0.174805 0.848958 0.025391 0.052083
0 0.818848 0.533203 0.022461 0.050781
10 0.195801 0.265625 0.022461 0.054688
0 0.823730 0.572266 0.018555 0.048177
0 0.826660 0.617839 0.026367 0.050781
0 0.827148 0.701823 0.017578 0.049479
0 0.820801 0.764974 0.026367 0.053385
0 0.816895 0.806641 0.018555 0.050781
0 0.805176 0.942057 0.024414 0.058594
0 0.897949 0.572917 0.026367 0.054688
0 0.918457 0.552083 0.022461 0.052083
0 0.941406 0.536458 0.023438 0.057292
0 0.936035 0.586589 0.024414 0.050781
0 0.809082 0.895833 0.022461 0.041667