4 0.874023 0.802083 0.048828 0.122396
4 0.673340 0.175130 0.090820 0.045573
2 0.716309 0.016276 0.051758 0.029948
2 0.351563 0.085286 0.054688 0.029948
10 0.873047 0.087240 0.025391 0.057292
0 0.937012 0.167969 0.036133 0.039063
0 0.867676 0.378906 0.022461 0.057292
1 0.935547 0.519531 0.027344 0.085938
0 0.958496 0.712891 0.024414 0.058594
2 0.974609 0.753906 0.023438 0.057292
10 0.930176 0.440104 0.024414 0.059896
0 0.759277 0.395833 0.032227 0.039063
0 0.738770 0.404948 0.030273 0.044271
0 0.798828 0.450521 0.031250 0.039063
0 0.770508 0.486979 0.035156 0.028646
0 0.599121 0.149740 0.047852 0.026042
0 0.709961 0.138672 0.044922 0.035156
0 0.645996 0.146484 0.043945 0.029948
2 0.484863 0.312500 0.022461 0.059896
2 0.476074 0.438151 0.022461 0.055990
0 0.663574 0.018880 0.034180 0.032552
0 0.626953 0.024089 0.039063 0.027344
0 0.548340 0.024740 0.036133 0.033854
0 0.520020 0.027344 0.034180 0.031250
0 0.491699 0.027344 0.036133 0.028646
0 0.461426 0.031250 0.036133 0.028646
0 0.384766 0.014974 0.041016 0.027344
0 0.402832 0.082031 0.043945 0.031250
4 0.052246 0.212891 0.106445 0.040365
0 0.101563 0.055990 0.037109 0.028646
0 0.023926 0.394531 0.024414 0.052083
0 0.054688 0.395833 0.023438 0.054688
0 0.089844 0.389323 0.027344 0.052083
0 0.173828 0.385417 0.021484 0.054688
0 0.188965 0.386068 0.026367 0.061198
0 0.391113 0.373698 0.022461 0.054688
0 0.408691 0.371745 0.022461 0.048177
10 0.358398 0.376953 0.025391 0.058594
2 0.430664 0.414714 0.042969 0.027344
0 0.429199 0.442708 0.043945 0.028646
0 0.428711 0.460938 0.042969 0.020833
0 0.426270 0.505208 0.041992 0.026042
0 0.419434 0.542969 0.041992 0.031250
0 0.417480 0.589193 0.038086 0.032552
0 0.410645 0.611979 0.047852 0.028646
0 0.403320 0.725911 0.037109 0.029948
0 0.396973 0.771484 0.040039 0.029948
0 0.393555 0.815104 0.041016 0.026042
0 0.389648 0.856771 0.041016 0.028646
0 0.157715 0.388672 0.024414 0.058594
2 0.251465 0.476563 0.026367 0.065104
0 0.182617 0.486328 0.025391 0.050781
0 0.166504 0.488281 0.018555 0.049479
0 0.135254 0.478516 0.024414 0.048177
0 0.065918 0.488932 0.028320 0.058594
0 0.082520 0.553385 0.036133 0.028646
0 0.228027 0.561198 0.022461 0.052083
0 0.196777 0.573568 0.024414 0.053385
0 0.165527 0.583984 0.024414 0.053385
0 0.219238 0.479818 0.022461 0.058594
0 0.102539 0.606771 0.023438 0.059896
0 0.082520 0.610026 0.024414 0.050781
0 0.116699 0.590495 0.028320 0.053385
0 0.028809 0.621094 0.038086 0.031250
0 0.035156 0.664063 0.042969 0.031250
0 0.041016 0.687500 0.037109 0.028646
0 0.046875 0.705729 0.037109 0.028646
2 0.135254 0.692057 0.026367 0.053385
0 0.171387 0.677083 0.024414 0.057292
0 0.189941 0.668620 0.022461 0.055990
0 0.215820 0.662760 0.023438 0.054688
0 0.232422 0.655599 0.019531 0.053385
0 0.268555 0.643880 0.027344 0.053385
0 0.283203 0.636068 0.021484 0.055990
0 0.299805 0.633464 0.021484 0.045573
0 0.332031 0.627604 0.021484 0.046875
0 0.314941 0.628906 0.022461 0.052083
10 0.125977 0.388672 0.027344 0.050781
10 0.103516 0.486979 0.023438 0.052083
0 0.053223 0.757161 0.040039 0.029948
0 0.132324 0.751302 0.026367 0.049479
0 0.179199 0.738281 0.024414 0.046875
0 0.312012 0.685547 0.020508 0.050781
0 0.150391 0.740885 0.021484 0.046875
0 0.344238 0.776042 0.024414 0.052083
0 0.311523 0.784505 0.023438 0.048177
0 0.294434 0.792318 0.022461 0.050781
0 0.275391 0.797526 0.021484 0.053385
0 0.259277 0.804036 0.022461 0.048177
0 0.241211 0.809245 0.025391 0.050781
0 0.139160 0.841146 0.022461 0.046875
0 0.119629 0.852214 0.022461 0.053385
0 0.104492 0.860677 0.023438 0.052083
0 0.307129 0.822266 0.041992 0.032552
0 0.306641 0.848307 0.041016 0.029948
0 0.265137 0.923177 0.024414 0.054688
0 0.236816 0.932292 0.022461 0.057292
0 0.202637 0.938151 0.024414 0.048177
0 0.332031 0.895182 0.021484 0.053385
0 0.821289 0.432943 0.027344 0.048177