2 0.064941 0.692057 0.018555 0.061198
2 0.065430 0.869792 0.021484 0.054688
0 0.034180 0.476563 0.019531 0.041667
4 0.310547 0.150391 0.025391 0.131510
4 0.327148 0.599609 0.037109 0.139323
0 0.266113 0.218099 0.020508 0.050781
0 0.263672 0.268880 0.019531 0.042969
0 0.264160 0.319661 0.020508 0.048177
0 0.261230 0.395182 0.020508 0.048177
0 0.255859 0.447917 0.021484 0.052083
0 0.254395 0.511068 0.020508 0.053385
0 0.253418 0.566406 0.020508 0.049479
0 0.251953 0.628906 0.021484 0.052083
0 0.241211 0.843099 0.019531 0.050781
0 0.412598 0.095052 0.018555 0.059896
2 0.420898 0.138672 0.025391 0.053385
10 0.395508 0.347656 0.017578 0.041667
0 0.375488 0.481771 0.022461 0.052083
0 0.368164 0.539063 0.019531 0.049479
0 0.351074 0.588542 0.018555 0.044271
0 0.499512 0.756510 0.024414 0.049479
0 0.682129 0.855469 0.032227 0.026042
0 0.756836 0.845703 0.041016 0.029948
0 0.813965 0.885417 0.038086 0.028646
0 0.862793 0.897135 0.040039 0.028646
0 0.907227 0.906250 0.037109 0.031250
0 0.950195 0.843099 0.017578 0.048177
0 0.935547 0.957682 0.019531 0.045573