4 0.238281 0.361328 0.087891 0.037760
4 0.527344 0.331380 0.091797 0.035156
4 0.874023 0.344401 0.087891 0.040365
2 0.974609 0.135417 0.031250 0.054688
0 0.986816 0.089844 0.026367 0.049479
0 0.710449 0.158203 0.028320 0.042969
0 0.874023 0.272135 0.033203 0.028646
0 0.857422 0.293620 0.042969 0.032552
2 0.705566 0.369141 0.041992 0.027344
0 0.685547 0.305339 0.039063 0.029948
0 0.775391 0.295573 0.041016 0.026042
0 0.604492 0.337240 0.039063 0.026042
4 0.415527 0.341146 0.083008 0.041667
0 0.494141 0.302083 0.037109 0.028646
2 0.458008 0.305339 0.035156 0.029948
2 0.427246 0.307292 0.034180 0.031250
0 0.351074 0.317057 0.032227 0.024740
0 0.317871 0.323568 0.038086 0.027344
0 0.018555 0.352865 0.035156 0.028646
0 0.042969 0.348307 0.029297 0.029948
0 0.069824 0.344401 0.026367 0.027344
0 0.103516 0.344401 0.035156 0.027344
0 0.132813 0.340495 0.031250 0.029948
0 0.158691 0.338542 0.030273 0.028646
0 0.982422 0.459635 0.021484 0.044271
0 0.962891 0.487630 0.023438 0.050781
0 0.973145 0.535807 0.024414 0.042969
0 0.985352 0.504557 0.017578 0.040365
0 0.988281 0.590495 0.023438 0.050781
0 0.967773 0.592448 0.021484 0.052083
0 0.973633 0.638672 0.023438 0.042969
0 0.419434 0.555990 0.018555 0.049479
0 0.436523 0.561849 0.019531 0.061198
0 0.435547 0.621094 0.019531 0.049479
0 0.431641 0.718099 0.019531 0.053385
0 0.414551 0.744141 0.020508 0.048177
0 0.412598 0.812500 0.018555 0.049479
0 0.438477 0.969401 0.023438 0.048177
10 0.392090 0.929688 0.041992 0.031250
0 0.372070 0.958333 0.039063 0.039063
0 0.345703 0.977214 0.015625 0.045573
0 0.285156 0.929688 0.021484 0.049479
0 0.332031 0.970703 0.019531 0.050781
0 0.320313 0.882161 0.031250 0.045573
0 0.251953 0.903646 0.019531 0.052083
0 0.291504 0.853516 0.032227 0.045573
0 0.265137 0.830078 0.030273 0.042969
0 0.218262 0.874349 0.018555 0.053385
0 0.239258 0.806641 0.029297 0.045573
0 0.199707 0.822917 0.034180 0.039063
0 0.187988 0.848307 0.014648 0.042969
0 0.189941 0.770182 0.030273 0.035156
0 0.159180 0.822266 0.017578 0.048177
0 0.166992 0.748047 0.031250 0.037760
0 0.145020 0.805990 0.018555 0.054688
0 0.139648 0.725260 0.029297 0.033854
0 0.128906 0.790365 0.023438 0.057292
0 0.111328 0.699219 0.029297 0.031250
0 0.109375 0.770182 0.015625 0.053385
0 0.088867 0.709635 0.033203 0.039063
0 0.014648 0.613281 0.027344 0.041667
0 0.037109 0.712891 0.019531 0.050781
0 0.038086 0.635417 0.027344 0.036458
0 0.008301 0.684896 0.016602 0.049479
0 0.064941 0.644531 0.022461 0.039063
0 0.080078 0.655599 0.029297 0.037760
0 0.089355 0.669922 0.026367 0.040365
0 0.708008 0.020182 0.019531 0.040365