1 0.019531 0.291667 0.037109 0.046875
0 0.130371 0.333984 0.036133 0.027344
0 0.063965 0.291016 0.034180 0.040365
0 0.045410 0.404948 0.038086 0.031250
4 0.219727 0.375000 0.082031 0.033854
0 0.241211 0.319661 0.033203 0.019531
1 0.230957 0.341146 0.055664 0.028646
2 0.312012 0.311849 0.036133 0.024740
0 0.362305 0.305990 0.029297 0.023438
0 0.392090 0.303385 0.030273 0.026042
0 0.422852 0.298828 0.031250 0.027344
0 0.449707 0.296875 0.028320 0.026042
0 0.479492 0.295573 0.033203 0.026042
0 0.509277 0.292318 0.030273 0.029948
0 0.537598 0.288411 0.028320 0.029948
4 0.617676 0.314453 0.086914 0.037760
4 0.909180 0.281901 0.093750 0.037760
0 0.258301 0.068359 0.020508 0.042969
0 0.243652 0.112630 0.020508 0.045573
0 0.698242 0.274089 0.035156 0.027344
2 0.806641 0.259115 0.033203 0.026042
2 0.841797 0.253255 0.039063 0.035156
4 0.797363 0.292318 0.083008 0.035156
0 0.874512 0.251953 0.036133 0.029948
0 0.983398 0.287109 0.033203 0.027344
0 0.729492 0.266927 0.029297 0.023438
0 0.753418 0.264323 0.026367 0.028646
0 0.801758 0.508464 0.019531 0.053385
0 0.818848 0.568359 0.024414 0.050781
0 0.822266 0.511719 0.021484 0.059896
0 0.817383 0.667318 0.021484 0.058594
0 0.801758 0.694010 0.021484 0.052083
0 0.800293 0.757813 0.016602 0.054688
0 0.828125 0.919922 0.019531 0.048177
10 0.781738 0.878906 0.038086 0.039063
0 0.801758 0.942057 0.031250 0.040365
0 0.785645 0.977214 0.016602 0.045573
0 0.760742 0.906901 0.035156 0.037760
0 0.734863 0.936198 0.020508 0.054688
0 0.671875 0.880208 0.023438 0.049479
0 0.718262 0.921224 0.020508 0.048177
0 0.637207 0.852865 0.022461 0.049479
0 0.604004 0.825521 0.018555 0.059896
0 0.709473 0.831380 0.032227 0.045573
0 0.678223 0.804688 0.032227 0.044271
0 0.647949 0.777995 0.028320 0.040365
0 0.583984 0.774740 0.033203 0.041667
0 0.542480 0.770833 0.018555 0.046875
0 0.573730 0.720703 0.026367 0.037760
0 0.549316 0.698568 0.028320 0.045573
0 0.277832 0.421224 0.032227 0.024740
0 0.219727 0.496745 0.015625 0.048177
0 0.247559 0.518229 0.018555 0.044271
0 0.292480 0.560547 0.018555 0.048177
0 0.305176 0.563802 0.018555 0.049479
0 0.320801 0.577474 0.020508 0.050781
0 0.352539 0.607422 0.019531 0.055990
0 0.385254 0.636068 0.016602 0.050781
0 0.417480 0.662760 0.018555 0.054688
0 0.490234 0.723958 0.015625 0.049479
0 0.511719 0.740885 0.019531 0.057292
0 0.357910 0.561849 0.030273 0.040365
0 0.418457 0.588542 0.028320 0.036458
0 0.468262 0.660807 0.036133 0.045573
0 0.392578 0.565755 0.029297 0.037760
0 0.367188 0.542318 0.031250 0.040365
0 0.442383 0.595703 0.027344 0.040365
0 0.341309 0.524740 0.032227 0.044271
0 0.520508 0.675781 0.033203 0.041667
0 0.492676 0.647786 0.030273 0.045573
0 0.468750 0.622396 0.023438 0.036458
0 0.459473 0.609375 0.030273 0.041667
0 0.800781 0.626953 0.019531 0.042969
0 0.017090 0.254557 0.026367 0.040365