2 0.034668 0.304036 0.047852 0.032552
10 0.102051 0.335938 0.043945 0.028646
0 0.188477 0.301432 0.048828 0.027344
0 0.295410 0.299479 0.043945 0.031250
0 0.139160 0.335286 0.036133 0.024740
0 0.173340 0.339193 0.038086 0.029948
0 0.208984 0.341797 0.037109 0.029948
0 0.288086 0.347005 0.046875 0.032552
0 0.338867 0.352865 0.046875 0.033854
2 0.418945 0.325521 0.046875 0.033854
4 0.497559 0.335938 0.100586 0.049479
2 0.441406 0.298177 0.046875 0.031250
0 0.375977 0.200521 0.041016 0.026042
0 0.379395 0.173177 0.049805 0.036458
0 0.392090 0.102865 0.038086 0.028646
0 0.398926 0.059245 0.045898 0.032552
2 0.435059 0.113932 0.053711 0.040365
2 0.590332 0.071615 0.055664 0.049479
0 0.673828 0.055339 0.025391 0.063802
0 0.703125 0.035807 0.025391 0.048177
2 0.510742 0.220052 0.027344 0.062500
2 0.529785 0.759766 0.032227 0.069010
2 0.486328 0.905599 0.035156 0.058594
0 0.615723 0.597005 0.024414 0.053385
0 0.646484 0.642578 0.027344 0.055990
0 0.377441 0.336589 0.047852 0.040365
0 0.828613 0.572266 0.040039 0.032552
0 0.929688 0.554688 0.037109 0.031250
0 0.954102 0.632813 0.027344 0.049479
0 0.859863 0.534505 0.041992 0.035156
1 0.854980 0.038411 0.092773 0.040365
2 0.985352 0.099609 0.025391 0.069010
2 0.965820 0.098307 0.019531 0.066406
0 0.912598 0.084635 0.022461 0.062500
0 0.819824 0.072266 0.024414 0.050781