4 0.223633 0.067708 0.101563 0.033854
4 0.550781 0.160807 0.101563 0.045573
2 0.904297 0.095052 0.046875 0.036458
2 0.788574 0.118490 0.047852 0.033854
2 0.700684 0.175130 0.045898 0.029948
2 0.535645 0.203776 0.057617 0.037760
0 0.656738 0.216146 0.040039 0.026042
0 0.622070 0.215495 0.041016 0.027344
0 0.587402 0.206380 0.038086 0.032552
2 0.300293 0.039063 0.045898 0.036458
0 0.388672 0.136068 0.042969 0.027344
0 0.333008 0.128906 0.041016 0.031250
0 0.286133 0.130208 0.044922 0.033854
10 0.187012 0.123698 0.059570 0.033854
0 0.441406 0.158854 0.041016 0.031250
2 0.340332 0.155599 0.045898 0.029948
1 0.273926 0.798177 0.034180 0.085938
0 0.830566 0.706380 0.026367 0.063802
0 0.860352 0.782552 0.025391 0.057292
0 0.859863 0.834635 0.022461 0.057292
1 0.878906 0.677083 0.048828 0.041667
2 0.410156 0.811198 0.050781 0.070313
0 0.374512 0.775391 0.024414 0.055990
0 0.369141 0.882161 0.046875 0.040365
0 0.458008 0.938151 0.048828 0.045573
0 0.888184 0.841146 0.036133 0.044271
0 0.571777 0.127604 0.034180 0.026042
1 0.324707 0.670573 0.034180 0.067708