4 0.283203 0.269531 0.119141 0.041667
1 0.844238 0.038411 0.051758 0.037760
0 0.801758 0.039063 0.037109 0.031250
0 0.105469 0.276693 0.046875 0.040365
0 0.191895 0.344401 0.047852 0.035156
0 0.149414 0.410156 0.046875 0.033854
0 0.196777 0.413411 0.047852 0.037760
0 0.501465 0.023438 0.045898 0.044271
0 0.498535 0.079427 0.036133 0.049479
0 0.436523 0.141276 0.041016 0.048177
0 0.638672 0.107422 0.033203 0.048177
0 0.616211 0.152344 0.039063 0.054688
1 0.507813 0.172526 0.044922 0.058594
1 0.449707 0.212891 0.051758 0.066406
1 0.398926 0.356120 0.043945 0.071615
0 0.414063 0.283854 0.037109 0.052083
2 0.472168 0.303385 0.041992 0.059896
0 0.461426 0.516927 0.028320 0.052083
0 0.472656 0.575521 0.031250 0.054688
0 0.491211 0.665365 0.031250 0.057292
0 0.355957 0.542318 0.030273 0.055990
0 0.380371 0.681641 0.030273 0.055990
0 0.420410 0.753255 0.026367 0.055990
0 0.510742 0.764974 0.029297 0.053385
0 0.409180 0.849609 0.044922 0.035156
0 0.240234 0.900391 0.046875 0.032552
0 0.073242 0.896484 0.041016 0.032552
0 0.518555 0.812500 0.029297 0.049479
0 0.532715 0.866536 0.028320 0.055990
0 0.542480 0.919922 0.030273 0.066406