4 0.569824 0.947917 0.120117 0.059896
4 0.423828 0.835938 0.119141 0.075521
4 0.103027 0.911458 0.040039 0.153646
0 0.746582 0.977865 0.024414 0.044271
0 0.724609 0.979167 0.023438 0.041667
0 0.701660 0.981771 0.026367 0.036458
0 0.186523 0.016276 0.041016 0.029948
0 0.137207 0.050130 0.045898 0.040365
0 0.096191 0.080078 0.040039 0.037760
0 0.073242 0.125651 0.039063 0.037760
0 0.323730 0.023438 0.043945 0.041667
0 0.264160 0.074219 0.041992 0.041667
0 0.163574 0.136068 0.045898 0.053385
0 0.132813 0.170573 0.037109 0.044271
0 0.027832 0.249349 0.047852 0.040365
0 0.798340 0.759115 0.047852 0.031250
0 0.906250 0.919271 0.044922 0.028646
0 0.732422 0.744141 0.048828 0.040365
0 0.692383 0.727865 0.046875 0.039063
0 0.603027 0.695313 0.045898 0.039063
0 0.556152 0.676432 0.047852 0.037760
0 0.511719 0.660807 0.041016 0.035156
0 0.457031 0.634115 0.048828 0.039063
0 0.385254 0.609375 0.045898 0.039063
0 0.321289 0.550781 0.031250 0.057292
0 0.288574 0.531901 0.032227 0.053385
0 0.263184 0.541016 0.034180 0.053385
10 0.240234 0.549479 0.031250 0.049479
0 0.207520 0.533203 0.038086 0.045573
0 0.183594 0.539063 0.041016 0.046875
0 0.129883 0.677734 0.031250 0.045573
0 0.112793 0.726563 0.030273 0.052083
0 0.068359 0.866536 0.027344 0.045573
0 0.017090 0.880859 0.028320 0.048177
0 0.084473 0.678385 0.028320 0.049479
0 0.064453 0.731771 0.031250 0.049479
0 0.849121 0.751302 0.051758 0.033854
0 0.947754 0.914063 0.045898 0.031250
0 0.094238 0.195964 0.043945 0.040365
10 0.419922 0.621094 0.029297 0.028646