0 0.146484 0.079427 0.056641 0.041667
2 0.311035 0.095703 0.069336 0.042969
10 0.515625 0.094401 0.041016 0.035156
0 0.728027 0.156901 0.047852 0.050781
0 0.869141 0.227865 0.046875 0.041667
0 0.729980 0.200521 0.045898 0.031250
10 0.922852 0.285807 0.048828 0.037760
0 0.972656 0.589193 0.050781 0.042969
2 0.666504 0.514323 0.055664 0.046875
0 0.576172 0.436849 0.048828 0.040365
0 0.445801 0.373698 0.049805 0.039063
10 0.445313 0.429688 0.064453 0.044271
10 0.288086 0.454427 0.064453 0.046875
0 0.240234 0.392578 0.048828 0.035156
10 0.290527 0.313151 0.043945 0.042969
0 0.141113 0.392578 0.049805 0.035156
0 0.030273 0.322266 0.050781 0.040365
0 0.124512 0.492839 0.047852 0.035156
0 0.325684 0.548828 0.045898 0.050781
2 0.905273 0.622396 0.054688 0.049479
4 0.470703 0.479818 0.126953 0.055990
2 0.489746 0.711589 0.030273 0.076823
0 0.480957 0.782552 0.024414 0.057292
0 0.450684 0.871094 0.024414 0.054688
0 0.456055 0.785156 0.023438 0.057292
0 0.377441 0.927734 0.028320 0.061198
10 0.360840 0.818359 0.026367 0.055990