2 0.146484 0.066406 0.035156 0.078125
2 0.180176 0.050130 0.038086 0.079427
2 0.231445 0.121745 0.052734 0.035156
2 0.306152 0.110026 0.047852 0.032552
1 0.202637 0.375000 0.057617 0.127604
10 0.566406 0.298828 0.068359 0.037760
11 0.617188 0.735026 0.093750 0.045573
10 0.652344 0.867839 0.060547 0.048177
10 0.668457 0.902995 0.059570 0.048177
10 0.809570 0.771484 0.060547 0.040365
2 0.673340 0.307943 0.043945 0.087240
11 0.709473 0.488281 0.047852 0.114583
4 0.807129 0.235026 0.151367 0.071615
4 0.814453 0.287760 0.140625 0.054688
4 0.818359 0.369141 0.140625 0.071615
4 0.718750 0.318359 0.050781 0.196615
4 0.746582 0.500000 0.047852 0.182292
2 0.891602 0.768880 0.064453 0.040365
11 0.884277 0.860026 0.092773 0.050781
11 0.875488 0.805990 0.073242 0.041667
2 0.862793 0.966797 0.040039 0.066406
10 0.035645 0.878255 0.071289 0.045573