11 0.940430 0.190104 0.058594 0.104167
5 0.739746 0.473307 0.338867 0.503906
0 0.126465 0.287109 0.047852 0.032552
5 0.282715 0.486328 0.325195 0.464844
2 0.603027 0.168620 0.026367 0.050781
2 0.585938 0.083984 0.033203 0.055990
2 0.554199 0.080078 0.047852 0.087240
0 0.432617 0.047526 0.046875 0.035156
2 0.405273 0.138021 0.029297 0.059896
2 0.398926 0.084635 0.026367 0.054688
2 0.374023 0.095703 0.029297 0.058594
2 0.341309 0.126302 0.038086 0.052083
2 0.214844 0.094401 0.035156 0.055990
2 0.074219 0.130208 0.041016 0.078125
2 0.193848 0.125000 0.049805 0.093750
2 0.159180 0.107422 0.039063 0.079427