0 0.215820 0.077474 0.046875 0.074219
2 0.371582 0.115234 0.086914 0.040365
2 0.349121 0.335286 0.086914 0.042969
4 0.649902 0.115885 0.043945 0.164063
4 0.711426 0.207031 0.036133 0.174479
4 0.776367 0.307292 0.041016 0.177083
4 0.809570 0.354818 0.039063 0.170573
4 0.845215 0.391276 0.034180 0.170573
4 0.880859 0.455078 0.041016 0.167969
4 0.625000 0.708333 0.125000 0.054688
4 0.596680 0.658203 0.109375 0.048177
4 0.552246 0.609375 0.137695 0.052083
4 0.626465 0.479818 0.143555 0.050781
4 0.486816 0.522786 0.135742 0.048177
4 0.452637 0.474609 0.139648 0.050781
4 0.539063 0.389323 0.125000 0.049479
3 0.508301 0.332682 0.131836 0.053385
4 0.432617 0.239583 0.144531 0.052083
4 0.279785 0.242188 0.124023 0.046875
4 0.421875 0.854818 0.031250 0.170573
4 0.939453 0.557943 0.103516 0.162760
4 0.315918 0.292969 0.086914 0.049479
4 0.145996 0.484375 0.036133 0.171875
4 0.180664 0.529948 0.031250 0.169271
2 0.217773 0.539063 0.029297 0.096354
4 0.286621 0.673177 0.036133 0.177083
4 0.324707 0.717448 0.038086 0.171875
1 0.051758 0.386068 0.029297 0.082031
2 0.194336 0.703776 0.044922 0.071615
0 0.176758 0.954427 0.029297 0.070313