4 0.497070 0.198568 0.132813 0.050781
4 0.493164 0.249349 0.130859 0.042969
4 0.488281 0.297526 0.128906 0.042969
4 0.489258 0.344401 0.134766 0.053385
4 0.492676 0.395182 0.135742 0.053385
4 0.496582 0.440104 0.135742 0.057292
4 0.502930 0.498047 0.130859 0.058594
4 0.505859 0.554036 0.128906 0.058594
4 0.503906 0.608073 0.136719 0.057292
4 0.510254 0.651042 0.135742 0.057292
4 0.517090 0.703776 0.129883 0.055990
4 0.508789 0.811198 0.128906 0.059896
4 0.373047 0.701823 0.130859 0.052083
4 0.375977 0.747396 0.126953 0.041667
4 0.371094 0.794922 0.128906 0.048177
4 0.369629 0.845703 0.133789 0.061198
4 0.478027 0.914714 0.137695 0.050781
4 0.473145 0.958333 0.125977 0.041667