1 0.700684 0.105469 0.073242 0.044271
1 0.805664 0.104167 0.072266 0.046875
1 0.894043 0.097656 0.073242 0.046875
1 0.918945 0.239583 0.072266 0.041667
1 0.801758 0.237630 0.074219 0.048177
1 0.916504 0.311849 0.077148 0.042969
1 0.922363 0.356120 0.061523 0.037760
1 0.916504 0.412760 0.075195 0.044271
1 0.916992 0.458333 0.072266 0.041667
1 0.913574 0.656901 0.073242 0.042969
1 0.904297 0.701172 0.083984 0.048177
1 0.907227 0.749349 0.076172 0.040365
1 0.904297 0.786458 0.083984 0.039063
1 0.902832 0.842448 0.084961 0.049479
1 0.903809 0.917318 0.075195 0.040365
1 0.524414 0.136719 0.023438 0.080729
1 0.566895 0.137370 0.024414 0.089844
1 0.588867 0.138672 0.023438 0.089844
1 0.611328 0.141927 0.023438 0.072917
3 0.115234 0.626302 0.027344 0.164063
2 0.729492 0.031250 0.021484 0.049479
2 0.769531 0.041016 0.023438 0.042969
2 0.750000 0.038411 0.023438 0.050781
10 0.497070 0.063802 0.041016 0.033854
2 0.028320 0.473958 0.031250 0.059896
0 0.351563 0.125000 0.035156 0.026042
0 0.029785 0.271484 0.038086 0.040365
0 0.128906 0.384115 0.037109 0.028646
0 0.134766 0.275391 0.035156 0.029948
0 0.047852 0.153646 0.029297 0.046875
0 0.031250 0.348958 0.033203 0.033854