3 0.290039 0.309896 0.212891 0.078125
2 0.168457 0.287760 0.028320 0.075521
2 0.130859 0.298177 0.037109 0.091146
2 0.087891 0.288411 0.029297 0.076823
2 0.014648 0.326172 0.029297 0.074219
12 0.420898 0.675781 0.107422 0.075521
1 0.609863 0.322917 0.038086 0.104167
4 0.737793 0.315104 0.163086 0.065104
4 0.903320 0.322266 0.166016 0.066406
2 0.725586 0.480469 0.074219 0.041667
2 0.511719 0.697917 0.031250 0.065104
2 0.909668 0.673177 0.036133 0.106771
10 0.912598 0.495443 0.075195 0.079427
1 0.945313 0.602214 0.039063 0.128906
1 0.601563 0.587240 0.041016 0.132813
1 0.329590 0.623047 0.041992 0.108073
12 0.165527 0.614583 0.055664 0.145833
12 0.411133 0.560547 0.099609 0.066406