2 0.963379 0.305990 0.020508 0.059896
1 0.627930 0.315104 0.025391 0.075521
3 0.549805 0.335286 0.031250 0.121094
3 0.366211 0.335286 0.029297 0.115885
3 0.342285 0.335938 0.028320 0.117188
1 0.316406 0.315755 0.023438 0.076823
2 0.212891 0.300130 0.019531 0.042969
2 0.189453 0.357422 0.023438 0.061198
3 0.055176 0.735026 0.030273 0.139323
3 0.160156 0.766276 0.029297 0.160156
2 0.209961 0.692708 0.021484 0.052083
1 0.331543 0.851563 0.028320 0.101563
0 0.451660 0.677083 0.018555 0.044271
0 0.477051 0.685547 0.018555 0.042969
3 0.558594 0.736979 0.029297 0.140625
2 0.611816 0.679036 0.026367 0.076823
3 0.664063 0.762370 0.031250 0.160156
3 0.689453 0.749349 0.029297 0.180990
2 0.716797 0.691406 0.023438 0.065104
3 0.766113 0.731771 0.030273 0.161458
2 0.792969 0.686849 0.019531 0.061198
2 0.819336 0.663411 0.021484 0.048177
1 0.844238 0.694010 0.024414 0.085938
1 0.933105 0.634115 0.051758 0.036458
0 0.965332 0.689453 0.040039 0.032552
0 0.958984 0.723958 0.039063 0.031250
0 0.683105 0.362630 0.022461 0.045573