0 0.180664 0.131510 0.041016 0.031250
2 0.054199 0.261719 0.053711 0.044271
0 0.191406 0.287760 0.042969 0.031250
0 0.146484 0.326823 0.046875 0.036458
2 0.135254 0.428385 0.049805 0.039063
0 0.193359 0.473307 0.041016 0.032552
0 0.279785 0.400391 0.038086 0.035156
0 0.286621 0.201823 0.036133 0.026042
0 0.289551 0.236979 0.038086 0.028646
1 0.372070 0.281901 0.083984 0.042969
0 0.550293 0.229167 0.041992 0.033854
0 0.568848 0.134766 0.043945 0.029948
0 0.624512 0.134115 0.043945 0.031250
2 0.625488 0.199870 0.030273 0.066406
3 0.533691 0.511068 0.135742 0.045573
3 0.541992 0.565755 0.126953 0.042969
1 0.699707 0.140625 0.049805 0.088542