1 0.066406 0.195313 0.099609 0.057292
1 0.943359 0.287109 0.095703 0.105469
1 0.854004 0.356120 0.104492 0.113281
0 0.776855 0.255208 0.081055 0.046875
0 0.544922 0.259766 0.068359 0.042969
0 0.274902 0.252604 0.071289 0.046875
0 0.401367 0.226563 0.074219 0.075521
0 0.442383 0.143229 0.064453 0.039063
0 0.368652 0.143229 0.065430 0.039063
0 0.607422 0.143880 0.062500 0.048177
0 0.053223 0.419271 0.034180 0.083333
0 0.095215 0.431641 0.032227 0.082031
0 0.036621 0.610026 0.032227 0.079427
0 0.067383 0.675781 0.037109 0.093750
0 0.027344 0.703125 0.037109 0.085938
2 0.019531 0.811849 0.039063 0.095052
2 0.129883 0.634766 0.064453 0.087240
0 0.113281 0.809245 0.074219 0.092448
0 0.119629 0.759766 0.059570 0.074219
0 0.935547 0.554036 0.068359 0.050781
0 0.457520 0.849609 0.061523 0.063802
2 0.323730 0.938151 0.073242 0.069010
2 0.016602 0.917318 0.033203 0.100260