3 0.670898 0.110026 0.050781 0.201823
3 0.707520 0.662760 0.133789 0.059896
3 0.685547 0.767578 0.146484 0.066406
10 0.700684 0.848307 0.077148 0.040365
10 0.624023 0.867188 0.064453 0.041667
10 0.671875 0.951823 0.101563 0.059896
2 0.689941 0.360026 0.057617 0.071615
0 0.764160 0.323568 0.047852 0.035156
3 0.351563 0.505208 0.128906 0.033854
0 0.385742 0.546875 0.046875 0.031250
0 0.326172 0.374349 0.048828 0.032552
0 0.717285 0.550130 0.051758 0.040365
2 0.443359 0.785156 0.050781 0.033854
2 0.443359 0.817708 0.056641 0.033854
2 0.313477 0.697266 0.056641 0.035156
2 0.403320 0.699870 0.054688 0.035156
2 0.449707 0.701823 0.049805 0.039063
1 0.426758 0.643229 0.085938 0.046875
4 0.405273 0.598307 0.107422 0.040365
1 0.416016 0.861328 0.089844 0.037760
0 0.358398 0.699870 0.042969 0.035156
0 0.392090 0.743490 0.040039 0.031250
0 0.340332 0.458984 0.053711 0.037760
2 0.312500 0.665365 0.052734 0.041667
0 0.354980 0.668620 0.041992 0.035156
0 0.147461 0.041667 0.027344 0.057292
0 0.236328 0.061198 0.029297 0.062500
4 0.235352 0.246094 0.029297 0.083333
0 0.234375 0.176432 0.025391 0.055990
0 0.354492 0.202474 0.042969 0.032552
10 0.348633 0.245443 0.066406 0.042969
0 0.235352 0.349609 0.027344 0.055990
0 0.234863 0.469401 0.026367 0.053385
0 0.234863 0.727865 0.026367 0.057292
0 0.232422 0.854818 0.027344 0.058594
0 0.232422 0.906901 0.029297 0.058594
0 0.231934 0.959635 0.024414 0.054688
0 0.144043 0.869141 0.028320 0.058594
0 0.143555 0.756510 0.029297 0.052083
0 0.142578 0.810547 0.023438 0.053385
0 0.145020 0.683594 0.030273 0.057292
0 0.145020 0.628906 0.024414 0.052083
0 0.146973 0.440755 0.028320 0.061198
0 0.145508 0.379557 0.025391 0.058594
0 0.148926 0.328776 0.026367 0.048177
0 0.147949 0.111979 0.022461 0.054688