0 0.034180 0.078776 0.048828 0.126302
0 0.029785 0.207682 0.049805 0.128906
0 0.165527 0.264323 0.094727 0.075521
0 0.488281 0.276042 0.091797 0.062500
0 0.244141 0.405599 0.097656 0.063802
0 0.491699 0.402344 0.098633 0.065104
0 0.597656 0.402344 0.076172 0.059896
0 0.695801 0.409505 0.100586 0.055990
0 0.820313 0.409505 0.091797 0.058594
0 0.912109 0.412760 0.091797 0.062500
4 0.529785 0.511068 0.250977 0.079427
0 0.305664 0.683594 0.083984 0.062500
0 0.400879 0.675781 0.086914 0.059896
0 0.745117 0.954427 0.042969 0.091146