1 0.160645 0.692708 0.106445 0.057292
2 0.267090 0.688151 0.084961 0.061198
2 0.403809 0.688802 0.120117 0.062500
2 0.674316 0.346354 0.051758 0.130208
2 0.723633 0.326172 0.050781 0.152344
2 0.771973 0.311849 0.051758 0.149740
2 0.818848 0.303385 0.049805 0.132813
4 0.732910 0.510417 0.108398 0.065104
4 0.780762 0.676432 0.104492 0.050781
2 0.833008 0.607422 0.115234 0.058594
4 0.854980 0.414714 0.096680 0.055990
4 0.972656 0.236979 0.054688 0.140625
4 0.923340 0.256510 0.059570 0.151042
4 0.870605 0.281250 0.065430 0.151042
0 0.521484 0.056641 0.074219 0.063802
0 0.083984 0.192057 0.074219 0.053385
0 0.917480 0.125000 0.075195 0.057292
0 0.849121 0.145833 0.063477 0.052083
0 0.782227 0.170573 0.066406 0.052083
2 0.209473 0.354167 0.086914 0.067708
0 0.128906 0.380208 0.072266 0.057292
2 0.135742 0.574219 0.070313 0.148438