2 0.027344 0.650391 0.042969 0.113281
1 0.365723 0.600911 0.118164 0.076823
1 0.572754 0.291667 0.157227 0.085938
4 0.523926 0.451823 0.268555 0.085938
4 0.501953 0.538411 0.232422 0.084635
2 0.339355 0.541667 0.077148 0.046875
1 0.386230 0.952474 0.135742 0.089844
1 0.613281 0.093750 0.103516 0.065104
0 0.341309 0.247396 0.069336 0.049479
0 0.599609 0.699870 0.070313 0.053385
0 0.681641 0.757161 0.074219 0.048177
0 0.678711 0.905599 0.083984 0.053385
0 0.600098 0.908854 0.067383 0.046875
0 0.597656 0.965495 0.066406 0.048177
0 0.675293 0.959635 0.079102 0.046875
0 0.674805 0.651693 0.074219 0.048177
0 0.845215 0.652344 0.075195 0.052083
10 0.843750 0.494141 0.085938 0.058594
0 0.856445 0.301432 0.070313 0.045573
0 0.856934 0.201172 0.067383 0.048177
0 0.859375 0.093099 0.076172 0.048177
0 0.860352 0.035807 0.076172 0.048177
0 0.582031 0.045573 0.072266 0.044271
0 0.672363 0.044271 0.075195 0.044271
0 0.411621 0.760417 0.079102 0.049479
0 0.413574 0.866536 0.073242 0.048177
0 0.417969 0.804036 0.070313 0.045573
0 0.417969 0.095703 0.083984 0.048177
0 0.339355 0.046875 0.081055 0.049479
0 0.592773 0.231771 0.076172 0.052083
0 0.674805 0.243490 0.076172 0.057292
0 0.673828 0.199219 0.074219 0.044271
0 0.176270 0.603516 0.069336 0.066406
2 0.650391 0.397135 0.117188 0.062500