4 0.508301 0.121745 0.206055 0.069010
4 0.168945 0.169922 0.216797 0.074219
4 0.508301 0.190104 0.192383 0.062500
4 0.502930 0.255859 0.191406 0.066406
4 0.497559 0.326172 0.206055 0.074219
4 0.496094 0.391276 0.199219 0.066406
4 0.491211 0.507161 0.195313 0.069010
4 0.505859 0.649089 0.199219 0.074219
4 0.499512 0.718099 0.194336 0.071615
4 0.494141 0.775391 0.195313 0.069010
4 0.502441 0.843750 0.194336 0.072917
4 0.504395 0.910156 0.202148 0.065104
4 0.499023 0.970703 0.205078 0.058594
4 0.159180 0.372396 0.189453 0.070313
4 0.168457 0.438802 0.215820 0.070313
4 0.152832 0.562500 0.190430 0.065104
4 0.155762 0.634766 0.184570 0.071615
4 0.145996 0.817057 0.194336 0.079427
4 0.143555 0.893229 0.199219 0.065104
10 0.166992 0.744792 0.148438 0.065104
4 0.161621 0.951823 0.200195 0.072917
4 0.162109 0.237630 0.166016 0.069010