4 0.524902 0.031901 0.190430 0.061198
4 0.533203 0.100911 0.201172 0.071615
4 0.541016 0.171875 0.195313 0.062500
4 0.534180 0.240885 0.191406 0.067708
4 0.530762 0.304688 0.190430 0.067708
4 0.537109 0.366536 0.189453 0.076823
4 0.541504 0.432943 0.196289 0.058594
4 0.533691 0.497396 0.206055 0.062500
4 0.536621 0.568359 0.190430 0.069010
4 0.538086 0.644531 0.195313 0.067708
3 0.600586 0.845703 0.058594 0.308594
4 0.230957 0.800781 0.190430 0.075521
4 0.222168 0.718099 0.168945 0.071615
4 0.178711 0.554688 0.216797 0.080729
4 0.189453 0.478516 0.207031 0.063802
4 0.204102 0.033854 0.128906 0.054688
4 0.187500 0.090495 0.183594 0.063802
4 0.190918 0.160807 0.176758 0.058594
4 0.184082 0.274740 0.120117 0.065104
4 0.182129 0.347005 0.196289 0.071615
4 0.180664 0.420573 0.193359 0.065104