4 0.823242 0.567057 0.052734 0.248698
4 0.683105 0.755208 0.188477 0.091146
4 0.492188 0.716146 0.181641 0.083333
1 0.960938 0.205078 0.078125 0.128906
2 0.781738 0.128255 0.090820 0.095052
2 0.707031 0.130859 0.074219 0.095052
0 0.660645 0.136068 0.057617 0.087240
0 0.426270 0.150391 0.055664 0.074219
0 0.389160 0.158854 0.055664 0.067708
0 0.034180 0.652344 0.066406 0.049479
0 0.106445 0.530599 0.033203 0.082031
0 0.153809 0.591797 0.057617 0.071615
0 0.883789 0.131510 0.048828 0.075521
0 0.847168 0.130859 0.057617 0.079427