4 0.477051 0.572917 0.270508 0.096354
4 0.653809 0.475911 0.266602 0.087240
4 0.328613 0.387370 0.268555 0.097656
0 0.970215 0.363932 0.053711 0.121094
0 0.888184 0.574219 0.084961 0.075521
0 0.783203 0.226563 0.078125 0.114583
0 0.730957 0.239583 0.073242 0.106771
0 0.669434 0.244141 0.079102 0.110677
0 0.603516 0.244792 0.076172 0.106771
0 0.526367 0.234375 0.083984 0.104167
0 0.369141 0.250651 0.101563 0.105469
0 0.283203 0.252604 0.097656 0.104167
0 0.184570 0.253906 0.097656 0.098958
0 0.070313 0.266927 0.109375 0.072917
0 0.048340 0.101563 0.083008 0.111979
0 0.135742 0.080729 0.095703 0.127604
0 0.276855 0.057943 0.083008 0.115885