0 0.379883 0.257161 0.044922 0.029948
0 0.418457 0.259115 0.041992 0.028646
2 0.502930 0.264974 0.052734 0.035156
3 0.515625 0.343750 0.154297 0.046875
1 0.560547 0.388672 0.083984 0.040365
3 0.604492 0.511068 0.156250 0.053385
1 0.646973 0.555990 0.084961 0.049479
0 0.042480 0.276693 0.034180 0.048177
0 0.093750 0.273438 0.044922 0.057292
0 0.033691 0.591146 0.038086 0.046875
0 0.041016 0.712240 0.037109 0.054688
0 0.166504 0.716146 0.036133 0.052083
0 0.129395 0.714193 0.038086 0.050781
0 0.076172 0.712891 0.041016 0.058594