2 0.179688 0.057943 0.062500 0.035156
1 0.853027 0.280599 0.096680 0.053385
10 0.948242 0.506510 0.068359 0.054688
0 0.935059 0.591146 0.041992 0.049479
0 0.914551 0.759115 0.030273 0.065104
0 0.877930 0.927083 0.031250 0.070313
3 0.154785 0.226563 0.163086 0.065104
0 0.375488 0.338542 0.053711 0.036458
0 0.208496 0.425781 0.047852 0.041667
0 0.161621 0.292969 0.041992 0.057292
0 0.228516 0.279297 0.037109 0.055990
2 0.303223 0.483073 0.041992 0.101563
2 0.359375 0.624349 0.046875 0.037760
2 0.272949 0.644531 0.034180 0.070313
0 0.354980 0.444010 0.045898 0.039063
3 0.200195 0.796875 0.070313 0.218750
3 0.233887 0.823568 0.067383 0.212240
0 0.726074 0.777995 0.051758 0.045573