0 0.068359 0.682292 0.027344 0.065104
0 0.212891 0.590495 0.054688 0.032552
2 0.299805 0.595052 0.052734 0.036458
2 0.376953 0.201823 0.031250 0.085938
2 0.378418 0.284505 0.030273 0.069010
2 0.379395 0.358073 0.030273 0.075521
2 0.351074 0.394531 0.026367 0.070313
2 0.460938 0.258464 0.025391 0.066406
2 0.463379 0.350260 0.028320 0.070313
2 0.456543 0.579427 0.026367 0.062500
2 0.480957 0.249349 0.020508 0.058594
1 0.520996 0.284505 0.036133 0.147135
0 0.517578 0.394531 0.029297 0.067708
0 0.517578 0.458333 0.029297 0.057292
2 0.393555 0.672526 0.050781 0.037760
0 0.686523 0.842448 0.048828 0.031250
2 0.681641 0.879557 0.068359 0.050781
0 0.949707 0.402995 0.028320 0.069010
0 0.812500 0.061849 0.029297 0.061198
0 0.847168 0.051432 0.028320 0.066406
0 0.946289 0.259115 0.023438 0.059896