1 0.611816 0.779948 0.041992 0.127604
1 0.616211 0.359375 0.046875 0.130208
0 0.617676 0.223307 0.032227 0.087240
0 0.622070 0.049479 0.035156 0.083333
0 0.330566 0.085938 0.053711 0.036458
0 0.331543 0.126953 0.053711 0.042969
0 0.329590 0.227214 0.055664 0.042969
0 0.334473 0.274740 0.059570 0.039063
0 0.338867 0.487630 0.052734 0.042969
0 0.691406 0.196615 0.037109 0.088542
0 0.689453 0.289063 0.035156 0.085938
0 0.687500 0.406250 0.033203 0.096354
0 0.687012 0.532552 0.032227 0.075521
0 0.685059 0.621094 0.028320 0.091146
0 0.684570 0.725911 0.029297 0.079427
0 0.685547 0.809896 0.029297 0.085938
0 0.319824 0.796224 0.055664 0.048177
0 0.479004 0.494792 0.055664 0.049479
0 0.484375 0.698568 0.052734 0.042969