3 0.418457 0.115234 0.049805 0.230469
3 0.162598 0.315104 0.206055 0.067708
3 0.222168 0.373698 0.208008 0.059896
3 0.240234 0.425130 0.208984 0.055990
3 0.264648 0.475911 0.199219 0.055990
3 0.277832 0.533203 0.172852 0.053385
2 0.399414 0.456380 0.056641 0.079427
0 0.347168 0.688802 0.049805 0.036458
0 0.352539 0.740234 0.050781 0.040365
3 0.390137 0.780599 0.124023 0.131510
0 0.621582 0.927734 0.047852 0.066406
3 0.503418 0.280599 0.043945 0.259115
3 0.541504 0.324219 0.045898 0.260417
3 0.545410 0.075521 0.051758 0.151042
0 0.583984 0.092448 0.031250 0.083333
1 0.620117 0.171875 0.044922 0.130208
1 0.702148 0.311198 0.046875 0.177083
3 0.744141 0.796875 0.111328 0.177083
3 0.703613 0.827474 0.131836 0.196615
3 0.671875 0.851563 0.156250 0.223958
0 0.524902 0.944010 0.043945 0.062500
0 0.587891 0.333984 0.031250 0.076823
0 0.306641 0.572266 0.060547 0.037760