4 0.396484 0.078125 0.175781 0.072917
10 0.251465 0.144531 0.079102 0.117188
10 0.540527 0.520182 0.106445 0.055990
3 0.559570 0.578125 0.140625 0.059896
3 0.581055 0.642578 0.132813 0.063802
1 0.807617 0.881510 0.113281 0.218750
1 0.896484 0.861328 0.121094 0.222656
10 0.172852 0.514974 0.083984 0.055990
10 0.127930 0.348307 0.072266 0.040365
10 0.224609 0.686198 0.070313 0.041667
10 0.242676 0.750651 0.096680 0.055990
10 0.320801 0.615234 0.086914 0.061198
10 0.277832 0.868490 0.086914 0.044271
10 0.291992 0.925130 0.095703 0.050781
10 0.308105 0.977865 0.084961 0.044271