10 0.499023 0.058594 0.107422 0.057292
3 0.518555 0.119141 0.140625 0.061198
3 0.541992 0.179688 0.126953 0.062500
1 0.854492 0.405599 0.121094 0.212240
1 0.765137 0.421224 0.118164 0.217448
1 0.947266 0.753255 0.091797 0.167969
1 0.885742 0.796875 0.093750 0.182292
10 0.130859 0.055990 0.087891 0.046875
10 0.201660 0.292318 0.092773 0.050781
2 0.236816 0.407552 0.094727 0.054688
2 0.250488 0.468099 0.094727 0.055990
2 0.270508 0.522786 0.085938 0.055990
2 0.280273 0.579427 0.091797 0.046875
2 0.300293 0.640625 0.084961 0.057292
10 0.280762 0.160807 0.094727 0.045573
2 0.316406 0.699870 0.093750 0.050781
2 0.336914 0.755859 0.083984 0.045573
2 0.353027 0.816406 0.092773 0.052083
2 0.391113 0.928385 0.092773 0.057292
1 0.743164 0.850911 0.138672 0.063802
1 0.746094 0.919271 0.105469 0.059896