10 0.624023 0.128255 0.109375 0.063802
10 0.622559 0.242839 0.100586 0.058594
2 0.631348 0.304036 0.092773 0.055990
0 0.619141 0.369141 0.078125 0.050781
1 0.622070 0.427083 0.097656 0.057292
1 0.622070 0.488281 0.113281 0.059896
1 0.638184 0.553385 0.102539 0.057292
1 0.516113 0.618490 0.043945 0.132813
2 0.424805 0.600911 0.039063 0.123698
2 0.382813 0.593750 0.037109 0.132813
2 0.336914 0.597005 0.039063 0.126302
0 0.204102 0.616536 0.035156 0.105469
2 0.105469 0.623698 0.037109 0.125000
10 0.338379 0.287760 0.038086 0.130208
10 0.385254 0.130208 0.040039 0.145833