1 0.275391 0.175130 0.046875 0.118490
3 0.048340 0.498698 0.053711 0.263021
3 0.119141 0.502604 0.054688 0.270833
1 0.193359 0.455078 0.044922 0.128906
10 0.043457 0.718750 0.043945 0.114583
10 0.122070 0.709635 0.039063 0.109375
10 0.198242 0.709635 0.035156 0.117188
10 0.196777 0.572917 0.034180 0.101563
0 0.243164 0.690104 0.039063 0.119792
0 0.333984 0.578125 0.037109 0.114583
1 0.310547 0.746094 0.074219 0.119792
10 0.318848 0.174479 0.036133 0.101563
10 0.293945 0.580729 0.039063 0.104167
10 0.243652 0.576172 0.038086 0.105469
10 0.381836 0.570313 0.035156 0.106771
10 0.364746 0.176432 0.043945 0.102865
10 0.412109 0.188151 0.037109 0.105469
10 0.462891 0.188151 0.035156 0.102865
3 0.480469 0.449870 0.056641 0.178385
2 0.594727 0.494141 0.044922 0.121094
2 0.683105 0.811198 0.040039 0.132813
1 0.863281 0.558594 0.048828 0.140625
2 0.732422 0.513672 0.037109 0.113281
10 0.543945 0.765625 0.035156 0.111979
10 0.593750 0.774089 0.037109 0.144531
10 0.638184 0.797526 0.036133 0.121094
10 0.690430 0.505208 0.039063 0.140625
10 0.699707 0.198568 0.040039 0.128906
10 0.871094 0.387370 0.089844 0.050781
10 0.772461 0.511068 0.039063 0.126302
10 0.954102 0.799479 0.042969 0.127604
10 0.909668 0.799479 0.041992 0.106771