3 0.673828 0.595052 0.039063 0.197917
3 0.497070 0.889323 0.154297 0.049479
3 0.469727 0.675130 0.140625 0.048177
3 0.457031 0.567708 0.117188 0.041667
3 0.456055 0.622396 0.123047 0.044271
3 0.466309 0.352865 0.143555 0.046875
3 0.456055 0.460938 0.123047 0.044271
3 0.467773 0.513672 0.144531 0.042969
0 0.460938 0.063151 0.042969 0.027344
0 0.556641 0.059245 0.039063 0.029948
0 0.349121 0.065755 0.041992 0.029948
0 0.213867 0.065755 0.041016 0.027344
0 0.173340 0.069661 0.041992 0.029948
0 0.087402 0.069010 0.043945 0.028646