14 0.052734 0.430990 0.062500 0.033854
14 0.216309 0.297526 0.057617 0.037760
14 0.286621 0.183594 0.047852 0.033854
14 0.293945 0.297526 0.068359 0.037760
14 0.286133 0.712240 0.062500 0.036458
14 0.286621 0.750651 0.059570 0.035156
14 0.294922 0.845052 0.080078 0.039063
14 0.281250 0.875651 0.048828 0.027344
14 0.287109 0.906250 0.064453 0.031250
14 0.287598 0.929688 0.057617 0.028646
14 0.433594 0.076172 0.080078 0.037760
14 0.426758 0.111328 0.083984 0.045573
14 0.436523 0.207682 0.080078 0.040365
14 0.441406 0.242188 0.066406 0.033854
14 0.450195 0.302083 0.062500 0.039063
14 0.445801 0.339844 0.071289 0.039063
14 0.461426 0.626953 0.061523 0.035156
14 0.538574 0.623047 0.061523 0.035156
14 0.538574 0.668620 0.059570 0.037760
14 0.536621 0.734375 0.045898 0.026042
14 0.543945 0.762370 0.064453 0.032552
14 0.531250 0.320313 0.074219 0.041667
14 0.530762 0.382813 0.067383 0.039063
14 0.527344 0.418620 0.060547 0.035156
14 0.518555 0.156901 0.058594 0.027344
14 0.527344 0.128906 0.076172 0.039063
14 0.624512 0.121094 0.049805 0.028646
14 0.689941 0.125651 0.063477 0.029948
14 0.728027 0.080078 0.114258 0.045573
14 0.678223 0.146484 0.041992 0.022135
14 0.620605 0.145182 0.053711 0.024740
14 0.624023 0.169922 0.044922 0.022135
14 0.614746 0.191406 0.063477 0.033854
14 0.609863 0.239583 0.067383 0.036458
14 0.620605 0.271484 0.045898 0.027344
14 0.614746 0.292969 0.055664 0.031250
14 0.690430 0.193359 0.068359 0.037760
14 0.686035 0.226563 0.063477 0.031250
14 0.805176 0.298177 0.053711 0.119792
14 0.886719 0.124349 0.054688 0.136719
2 0.988770 0.398438 0.022461 0.041667
14 0.882324 0.440104 0.036133 0.088542
14 0.901367 0.520182 0.035156 0.084635
14 0.955078 0.567057 0.044922 0.092448
14 0.708984 0.498698 0.041016 0.091146
14 0.780273 0.486328 0.021484 0.055990
14 0.643555 0.641927 0.042969 0.130208
14 0.685059 0.651042 0.038086 0.127604
14 0.673828 0.526693 0.035156 0.100260
14 0.874512 0.679036 0.059570 0.092448
14 0.856934 0.709635 0.053711 0.080729
14 0.828125 0.744792 0.056641 0.088542
14 0.800781 0.756510 0.072266 0.093750
14 0.788574 0.789063 0.061523 0.080729
14 0.764160 0.807292 0.069336 0.101563
14 0.739258 0.853516 0.058594 0.079427
14 0.730957 0.889974 0.040039 0.063802
14 0.701172 0.921875 0.031250 0.072917
14 0.681641 0.941406 0.039063 0.080729
14 0.613281 0.968750 0.041016 0.036458