14 0.312988 0.046224 0.061523 0.076823
14 0.280273 0.087240 0.060547 0.080729
14 0.231934 0.139974 0.041992 0.061198
14 0.218750 0.175781 0.058594 0.093750
14 0.135742 0.441406 0.050781 0.046875
14 0.776367 0.092448 0.078125 0.156250
14 0.504883 0.130208 0.072266 0.117188
14 0.400391 0.196615 0.099609 0.148438
14 0.427246 0.253255 0.094727 0.139323
14 0.554199 0.145182 0.061523 0.110677
14 0.624023 0.229167 0.037109 0.070313
14 0.743164 0.311849 0.064453 0.110677
14 0.704102 0.410156 0.056641 0.104167
14 0.718262 0.516927 0.065430 0.106771
14 0.569336 0.508464 0.044922 0.134115
14 0.533203 0.514974 0.044922 0.118490
14 0.482422 0.505859 0.037109 0.128906
14 0.449707 0.485026 0.040039 0.152344
14 0.417969 0.500000 0.033203 0.127604
14 0.381348 0.483724 0.049805 0.157552
14 0.328613 0.492839 0.041992 0.128906
14 0.294922 0.515625 0.035156 0.088542
14 0.214844 0.500000 0.050781 0.096354
14 0.243164 0.509115 0.042969 0.091146
14 0.951172 0.475260 0.093750 0.057292
14 0.959961 0.526042 0.080078 0.041667
2 0.869629 0.401042 0.034180 0.054688
0 0.818359 0.953776 0.027344 0.053385