2 0.048340 0.317708 0.036133 0.049479
14 0.124512 0.393229 0.100586 0.049479
14 0.133789 0.442708 0.083984 0.044271
14 0.232910 0.528646 0.143555 0.054688
14 0.713379 0.178385 0.043945 0.106771
14 0.805664 0.091146 0.037109 0.117188
14 0.864258 0.285156 0.039063 0.096354
14 0.894531 0.280599 0.031250 0.097656
14 0.921875 0.287760 0.027344 0.083333
14 0.940430 0.281901 0.031250 0.071615
14 0.982422 0.216146 0.031250 0.101563
14 0.957031 0.240885 0.031250 0.072917
14 0.651367 0.393229 0.126953 0.114583
14 0.499512 0.617188 0.124023 0.083333
14 0.383301 0.654948 0.114258 0.091146
14 0.301758 0.625651 0.123047 0.110677