14 0.098633 0.513021 0.142578 0.093750
14 0.292969 0.557292 0.126953 0.059896
14 0.567871 0.183594 0.032227 0.111979
14 0.468750 0.377604 0.134766 0.075521
14 0.700195 0.324219 0.035156 0.093750
14 0.727539 0.327474 0.023438 0.092448
14 0.751953 0.342448 0.021484 0.075521
14 0.772949 0.338542 0.022461 0.072917
14 0.797363 0.300781 0.024414 0.072917
14 0.824219 0.285156 0.027344 0.104167
14 0.935547 0.324219 0.029297 0.072917
14 0.963867 0.339844 0.029297 0.078125
14 0.858398 0.417969 0.029297 0.127604
14 0.888184 0.424479 0.032227 0.125000
14 0.828125 0.414063 0.031250 0.125000
14 0.917969 0.429688 0.029297 0.130208
14 0.946289 0.445964 0.035156 0.115885
14 0.157715 0.402344 0.129883 0.059896
14 0.176758 0.569010 0.117188 0.067708