14 0.395020 0.225911 0.086914 0.053385
14 0.383789 0.282552 0.076172 0.049479
14 0.517090 0.240885 0.129883 0.054688
14 0.502930 0.298828 0.138672 0.055990
14 0.506836 0.361979 0.132813 0.054688
14 0.505859 0.418620 0.134766 0.058594
14 0.508301 0.481120 0.133789 0.053385
14 0.370605 0.505208 0.106445 0.054688
14 0.397461 0.557943 0.070313 0.050781
14 0.437988 0.593099 0.073242 0.058594
14 0.447754 0.634115 0.073242 0.057292
14 0.442871 0.736328 0.094727 0.063802
14 0.439453 0.689453 0.101563 0.058594
14 0.226563 0.839844 0.126953 0.075521