14 0.450684 0.173177 0.051758 0.138021
14 0.519531 0.160807 0.050781 0.118490
14 0.593262 0.187500 0.045898 0.145833
14 0.630371 0.174479 0.032227 0.161458
14 0.666504 0.162109 0.034180 0.141927
14 0.820313 0.173828 0.105469 0.061198
14 0.841797 0.359375 0.107422 0.065104
14 0.855957 0.481120 0.092773 0.066406
14 0.891113 0.604818 0.094727 0.058594
14 0.587402 0.717448 0.063477 0.138021
14 0.731445 0.676432 0.062500 0.141927
14 0.494629 0.718099 0.061523 0.157552
14 0.443848 0.748698 0.057617 0.153646
14 0.403809 0.776693 0.051758 0.118490
14 0.220215 0.561198 0.075195 0.054688
14 0.234863 0.608073 0.098633 0.062500
14 0.246582 0.651693 0.094727 0.071615
14 0.253418 0.699219 0.084961 0.065104
14 0.252441 0.766927 0.094727 0.062500
14 0.250488 0.810547 0.090820 0.050781