14 0.968750 0.377604 0.048828 0.132813
14 0.932617 0.374349 0.048828 0.131510
14 0.837891 0.377604 0.035156 0.104167
14 0.807129 0.371094 0.041992 0.117188
14 0.770508 0.386719 0.044922 0.135417
14 0.734375 0.392578 0.039063 0.113281
14 0.700684 0.410807 0.041992 0.113281
14 0.666016 0.408854 0.046875 0.153646
14 0.572266 0.395833 0.046875 0.122396
14 0.488770 0.424479 0.051758 0.158854
14 0.395996 0.397135 0.034180 0.091146
14 0.362305 0.396484 0.035156 0.102865
14 0.333984 0.406250 0.035156 0.104167
14 0.300781 0.390625 0.037109 0.127604
14 0.269531 0.430339 0.037109 0.157552
14 0.235840 0.404948 0.038086 0.130208
14 0.204590 0.399089 0.034180 0.108073
14 0.177734 0.403646 0.033203 0.104167
14 0.155273 0.440755 0.035156 0.121094
14 0.121582 0.416667 0.043945 0.101563
14 0.074219 0.490234 0.083984 0.097656