14 0.231445 0.223958 0.068359 0.036458
14 0.137207 0.233073 0.084961 0.054688
14 0.139648 0.386719 0.078125 0.044271
14 0.242188 0.475911 0.064453 0.037760
14 0.145508 0.423828 0.080078 0.042969
14 0.140137 0.462240 0.090820 0.046875
14 0.238281 0.511068 0.064453 0.037760
14 0.142578 0.541016 0.085938 0.053385
14 0.145508 0.652995 0.091797 0.055990
14 0.243164 0.643229 0.054688 0.049479
14 0.252930 0.757813 0.080078 0.039063
14 0.386719 0.972005 0.062500 0.037760
14 0.432617 0.238932 0.062500 0.045573
14 0.434082 0.382813 0.073242 0.041667
14 0.439941 0.606771 0.077148 0.044271
14 0.447266 0.662109 0.060547 0.037760
14 0.450195 0.748047 0.072266 0.042969
14 0.524902 0.510417 0.057617 0.036458
14 0.531738 0.741536 0.049805 0.032552
14 0.506836 0.147135 0.056641 0.033854
14 0.511230 0.180339 0.055664 0.040365
14 0.708496 0.129557 0.057617 0.037760
14 0.708496 0.186849 0.051758 0.035156
14 0.631836 0.195313 0.046875 0.039063
14 0.635742 0.304688 0.058594 0.044271
14 0.640137 0.362630 0.057617 0.040365
14 0.714844 0.412109 0.052734 0.037760
14 0.642578 0.419922 0.046875 0.037760
14 0.715332 0.502604 0.045898 0.033854
14 0.646973 0.503906 0.045898 0.041667
14 0.748047 0.639974 0.080078 0.048177
14 0.748535 0.725260 0.096680 0.049479
14 0.777832 0.856120 0.106445 0.048177
14 0.901367 0.620443 0.107422 0.055990
14 0.886719 0.711589 0.093750 0.053385
14 0.902832 0.847005 0.098633 0.055990
0 0.830566 0.169922 0.041992 0.029948
0 0.925781 0.202474 0.046875 0.045573
0 0.831543 0.251953 0.047852 0.029948
0 0.827637 0.304036 0.049805 0.029948