1 0.063477 0.187500 0.031250 0.130208
3 0.099609 0.203125 0.035156 0.166667
1 0.251465 0.190104 0.034180 0.132813
3 0.362305 0.197917 0.033203 0.151042
1 0.399414 0.227865 0.037109 0.140625
0 0.596191 0.210938 0.024414 0.070313
3 0.820313 0.195313 0.033203 0.138021
3 0.856934 0.195964 0.032227 0.136719
3 0.655273 0.423828 0.160156 0.045573
3 0.646973 0.490234 0.135742 0.045573
3 0.807129 0.523438 0.135742 0.046875
3 0.797852 0.567708 0.130859 0.044271
3 0.641602 0.575521 0.173828 0.046875
3 0.435059 0.386719 0.155273 0.078125
3 0.233398 0.474609 0.146484 0.134115
0 0.978516 0.640625 0.042969 0.039063
0 0.979980 0.845703 0.040039 0.035156