4 0.211914 0.248047 0.048828 0.194010
4 0.164551 0.253906 0.043945 0.195313
1 0.106934 0.141276 0.038086 0.082031
10 0.116211 0.289714 0.042969 0.089844
2 0.173828 0.505208 0.037109 0.085938
1 0.133301 0.763672 0.041992 0.118490
0 0.180176 0.841797 0.034180 0.084635
2 0.828125 0.263021 0.037109 0.111979
0 0.830078 0.354818 0.031250 0.071615
2 0.830078 0.458333 0.041016 0.104167
2 0.837402 0.566406 0.034180 0.101563
2 0.839844 0.668620 0.031250 0.087240
0 0.560547 0.925130 0.060547 0.037760
0 0.502930 0.927083 0.064453 0.036458
0 0.863281 0.962240 0.033203 0.075521