1 0.311523 0.155599 0.037109 0.113281
2 0.151855 0.795573 0.038086 0.093750
0 0.809082 0.377604 0.030273 0.062500
0 0.815430 0.504557 0.031250 0.066406
0 0.816895 0.572917 0.032227 0.070313
0 0.820313 0.636719 0.027344 0.070313
0 0.824707 0.699870 0.028320 0.063802
0 0.885742 0.864583 0.048828 0.059896
0 0.440430 0.789063 0.056641 0.036458
0 0.626465 0.779297 0.053711 0.032552
0 0.670898 0.775391 0.052734 0.032552
0 0.747070 0.844401 0.054688 0.037760
0 0.651855 0.847656 0.055664 0.036458
0 0.601074 0.852865 0.055664 0.036458
0 0.546875 0.856120 0.062500 0.035156
0 0.499023 0.861979 0.052734 0.036458