0 0.550781 0.040365 0.044922 0.067708
0 0.583984 0.155599 0.044922 0.069010
0 0.617188 0.279297 0.042969 0.076823
0 0.950684 0.307943 0.049805 0.037760
0 0.903320 0.313151 0.046875 0.035156
0 0.858398 0.319010 0.048828 0.036458
0 0.807129 0.327474 0.055664 0.037760
0 0.858887 0.355469 0.049805 0.033854
0 0.708984 0.338542 0.050781 0.041667
0 0.160156 0.514974 0.054688 0.035156
0 0.400391 0.711589 0.052734 0.040365
0 0.558594 0.354167 0.050781 0.036458
0 0.509766 0.360677 0.060547 0.039063
0 0.440918 0.368490 0.053711 0.036458
0 0.385254 0.371745 0.047852 0.042969
0 0.164063 0.396484 0.056641 0.037760