0 0.935547 0.022786 0.060547 0.040365
0 0.931641 0.143880 0.052734 0.037760
2 0.655273 0.458333 0.048828 0.078125
0 0.733398 0.495443 0.039063 0.066406
0 0.647949 0.529297 0.045898 0.066406
0 0.724121 0.139974 0.059570 0.037760
0 0.688477 0.664714 0.029297 0.055990
0 0.707520 0.717448 0.030273 0.065104
0 0.740723 0.826172 0.043945 0.079427
0 0.373535 0.264323 0.041992 0.072917
0 0.325195 0.132813 0.056641 0.049479
0 0.376465 0.141276 0.041992 0.035156
0 0.421875 0.144531 0.046875 0.041667
0 0.475098 0.152995 0.059570 0.042969