0 0.142090 0.307292 0.057617 0.033854
0 0.189453 0.308594 0.046875 0.033854
0 0.149902 0.350911 0.055664 0.037760
0 0.414551 0.335286 0.063477 0.040365
0 0.486816 0.345052 0.057617 0.036458
0 0.639160 0.340495 0.061523 0.040365
0 0.573242 0.387370 0.052734 0.035156
0 0.621582 0.386068 0.049805 0.035156
0 0.769043 0.380859 0.051758 0.032552
0 0.827637 0.382161 0.057617 0.037760
0 0.878906 0.382813 0.050781 0.033854
0 0.927246 0.386068 0.055664 0.040365
0 0.254395 0.381510 0.045898 0.036458
0 0.204590 0.378906 0.063477 0.036458
10 0.322754 0.326823 0.088867 0.052083
0 0.307617 0.901042 0.052734 0.052083
0 0.347168 0.927083 0.043945 0.065104
2 0.394531 0.953125 0.050781 0.067708
0 0.571289 0.339193 0.056641 0.035156
0 0.464355 0.386068 0.051758 0.032552
0 0.665527 0.387370 0.057617 0.037760