0 0.251465 0.264323 0.053711 0.052083
0 0.291992 0.291016 0.041016 0.053385
2 0.335938 0.313151 0.046875 0.061198
0 0.438477 0.371745 0.056641 0.050781
0 0.606934 0.460286 0.051758 0.050781
0 0.808105 0.582682 0.057617 0.050781
0 0.898926 0.738932 0.053711 0.053385
0 0.849609 0.706380 0.046875 0.055990
0 0.803711 0.675130 0.054688 0.053385
0 0.710449 0.623698 0.047852 0.054688
0 0.626465 0.574870 0.049805 0.050781
0 0.578125 0.547526 0.050781 0.053385
0 0.384277 0.554688 0.036133 0.075521
0 0.404297 0.569661 0.035156 0.079427
0 0.480469 0.608724 0.037109 0.079427
0 0.409668 0.761068 0.032227 0.063802
1 0.465820 0.874349 0.060547 0.113281
0 0.505859 0.912109 0.044922 0.053385
0 0.501465 0.961589 0.047852 0.040365