0 0.242188 0.068359 0.044922 0.066406
0 0.316895 0.282552 0.041992 0.065104
1 0.439453 0.417969 0.066406 0.104167
0 0.100586 0.078125 0.044922 0.070313
0 0.177734 0.208984 0.044922 0.066406
0 0.209473 0.268880 0.045898 0.074219
0 0.266602 0.373698 0.041016 0.065104
0 0.309570 0.439453 0.046875 0.066406
2 0.437988 0.583984 0.051758 0.082031
0 0.490723 0.501302 0.040039 0.062500
0 0.540527 0.592448 0.036133 0.057292
0 0.570801 0.647135 0.040039 0.052083
0 0.607422 0.710938 0.048828 0.067708
2 0.475098 0.729818 0.043945 0.079427
0 0.409668 0.626302 0.036133 0.054688
0 0.643555 0.860026 0.044922 0.063802
0 0.179688 0.652995 0.042969 0.055990
0 0.185547 0.953776 0.050781 0.037760
0 0.219727 0.926432 0.048828 0.029948
0 0.161133 0.925781 0.052734 0.033854
0 0.640625 0.761068 0.042969 0.069010
0 0.490234 0.652995 0.050781 0.076823