0 0.139160 0.342448 0.049805 0.039063
0 0.189941 0.346354 0.051758 0.033854
0 0.244141 0.345703 0.054688 0.040365
0 0.092285 0.526693 0.043945 0.029948
0 0.139648 0.529297 0.054688 0.032552
0 0.193359 0.531250 0.050781 0.036458
0 0.243164 0.530599 0.050781 0.035156
0 0.291016 0.529948 0.048828 0.036458
0 0.340332 0.527344 0.055664 0.033854
0 0.355957 0.481120 0.059570 0.035156
0 0.226074 0.455078 0.053711 0.032552
0 0.523926 0.375000 0.061523 0.039063
0 0.620605 0.345052 0.055664 0.036458
0 0.675293 0.345703 0.057617 0.032552
0 0.791504 0.338542 0.057617 0.039063
0 0.804199 0.386719 0.051758 0.033854
0 0.799316 0.419271 0.053711 0.039063
0 0.745117 0.407552 0.048828 0.036458
0 0.686523 0.383464 0.054688 0.029948
0 0.682129 0.423177 0.061523 0.036458
0 0.616211 0.423828 0.060547 0.035156
2 0.546387 0.412760 0.071289 0.036458
0 0.789551 0.555339 0.045898 0.055990
0 0.946777 0.341146 0.051758 0.031250
0 0.849609 0.341146 0.050781 0.033854
0 0.619141 0.380208 0.058594 0.033854