0 0.302246 0.043620 0.034180 0.076823
0 0.337402 0.173177 0.034180 0.078125
0 0.298828 0.132161 0.035156 0.082031
0 0.442871 0.066406 0.059570 0.067708
2 0.580566 0.294271 0.084961 0.093750
2 0.637695 0.284505 0.042969 0.084635
0 0.292480 0.280599 0.032227 0.076823
0 0.290039 0.378255 0.033203 0.074219
2 0.340820 0.455078 0.037109 0.087240
2 0.327637 0.572266 0.036133 0.092448
0 0.288086 0.508464 0.029297 0.079427
0 0.282227 0.591797 0.033203 0.074219
0 0.278320 0.770182 0.031250 0.082031
0 0.421875 0.778646 0.054688 0.054688
0 0.426758 0.822266 0.048828 0.061198
0 0.416504 0.869792 0.053711 0.062500
0 0.416992 0.914063 0.062500 0.065104
0 0.354004 0.904948 0.038086 0.091146
0 0.319824 0.925781 0.034180 0.080729
0 0.871582 0.809245 0.051758 0.053385
0 0.752930 0.291016 0.052734 0.079427