2 0.933594 0.444661 0.064453 0.037760
0 0.875977 0.442708 0.052734 0.039063
0 0.753906 0.436198 0.056641 0.039063
0 0.688477 0.429036 0.056641 0.045573
0 0.622070 0.427734 0.050781 0.040365
0 0.475586 0.416667 0.054688 0.039063
0 0.419922 0.417318 0.056641 0.040365
0 0.230957 0.404297 0.053711 0.040365
0 0.177246 0.404297 0.055664 0.040365
0 0.126465 0.401042 0.059570 0.041667
0 0.067871 0.395833 0.055664 0.044271
2 0.215820 0.547526 0.078125 0.045573
0 0.289551 0.552083 0.059570 0.044271
0 0.409180 0.559245 0.054688 0.048177
0 0.600586 0.558594 0.054688 0.039063
0 0.654785 0.570313 0.047852 0.044271
0 0.769531 0.579427 0.060547 0.044271
2 0.851563 0.583333 0.062500 0.036458
0 0.912598 0.585938 0.057617 0.041667
2 0.415527 0.241536 0.059570 0.037760
2 0.416016 0.277344 0.062500 0.041667
0 0.657715 0.087240 0.049805 0.044271