0 0.293457 0.375000 0.030273 0.078125
10 0.320313 0.373047 0.029297 0.082031
0 0.348633 0.375651 0.025391 0.074219
0 0.376465 0.383464 0.028320 0.076823
0 0.505371 0.549479 0.030273 0.072917
0 0.477539 0.544271 0.031250 0.075521
0 0.451172 0.554688 0.031250 0.067708
0 0.424316 0.552734 0.030273 0.079427
0 0.367188 0.554036 0.029297 0.071615
0 0.361816 0.621094 0.028320 0.070313
0 0.424316 0.630208 0.030273 0.072917
0 0.454590 0.633464 0.026367 0.076823
0 0.479492 0.621745 0.027344 0.076823
0 0.504395 0.617188 0.030273 0.062500
0 0.304688 0.795573 0.029297 0.083333
0 0.335449 0.798177 0.030273 0.078125
0 0.436035 0.796875 0.030273 0.083333
0 0.461914 0.796875 0.029297 0.085938
0 0.504395 0.803385 0.030273 0.070313
0 0.531250 0.795573 0.027344 0.085938
10 0.559082 0.798828 0.026367 0.074219