0 0.021484 0.464193 0.031250 0.074219
0 0.040527 0.448568 0.020508 0.055990
0 0.120605 0.449870 0.030273 0.061198
2 0.330566 0.472656 0.038086 0.093750
0 0.246094 0.759766 0.058594 0.040365
0 0.580078 0.739583 0.052734 0.039063
0 0.805664 0.395182 0.025391 0.058594
0 0.291504 0.470052 0.030273 0.065104
0 0.290039 0.402344 0.031250 0.070313
0 0.255859 0.404948 0.025391 0.065104
0 0.231934 0.403646 0.026367 0.057292
0 0.205078 0.409505 0.025391 0.058594
10 0.431152 0.305990 0.043945 0.114583
0 0.924805 0.070964 0.054688 0.040365