1 0.074219 0.555990 0.083984 0.052083
1 0.308105 0.561198 0.096680 0.054688
0 0.748047 0.722656 0.060547 0.044271
0 0.316895 0.142578 0.061523 0.040365
0 0.325684 0.442057 0.030273 0.063802
0 0.394043 0.434896 0.028320 0.067708
0 0.421387 0.430339 0.020508 0.055990
0 0.479492 0.428385 0.029297 0.054688
0 0.526367 0.430339 0.027344 0.074219
0 0.545898 0.412760 0.021484 0.059896
0 0.623535 0.414714 0.030273 0.063802
0 0.708496 0.371745 0.024414 0.058594
0 0.737305 0.369792 0.027344 0.057292
0 0.764160 0.371745 0.026367 0.063802
0 0.795410 0.369141 0.030273 0.071615
0 0.793945 0.432292 0.031250 0.062500
2 0.835938 0.438802 0.035156 0.091146
10 0.938965 0.272786 0.045898 0.108073
0 0.764160 0.439453 0.030273 0.063802