1 0.205566 0.187500 0.040039 0.093750
0 0.250977 0.445964 0.029297 0.071615
0 0.280762 0.438151 0.030273 0.079427
0 0.293457 0.644531 0.057617 0.041667
0 0.379395 0.692057 0.065430 0.042969
0 0.499512 0.419922 0.030273 0.069010
0 0.551270 0.408203 0.032227 0.063802
2 0.561035 0.963542 0.032227 0.072917
0 0.650391 0.686198 0.048828 0.036458
0 0.708496 0.685547 0.051758 0.037760
0 0.833984 0.784505 0.052734 0.045573
0 0.684082 0.494141 0.030273 0.071615
0 0.713379 0.496094 0.028320 0.075521
0 0.798340 0.457031 0.032227 0.070313
0 0.810059 0.524740 0.049805 0.036458
0 0.863281 0.524740 0.056641 0.041667
0 0.943359 0.522135 0.050781 0.041667
0 0.910645 0.457682 0.028320 0.061198
0 0.953613 0.450521 0.026367 0.059896
0 0.980957 0.451823 0.026367 0.059896
0 0.900391 0.313151 0.029297 0.076823
0 0.818848 0.313802 0.032227 0.067708
0 0.580566 0.029948 0.051758 0.036458