0 0.896973 0.279297 0.049805 0.048177
0 0.790039 0.309245 0.058594 0.048177
0 0.651855 0.365234 0.051758 0.050781
0 0.594238 0.389323 0.055664 0.057292
0 0.515137 0.419271 0.051758 0.046875
2 0.440430 0.375000 0.042969 0.072917
3 0.146973 0.113281 0.153320 0.054688
3 0.145996 0.166667 0.159180 0.062500
1 0.200684 0.231120 0.096680 0.066406
3 0.205566 0.319661 0.135742 0.079427
3 0.229492 0.373047 0.109375 0.063802
1 0.270020 0.546875 0.108398 0.093750
4 0.300781 0.679688 0.134766 0.109375
3 0.304688 0.811849 0.189453 0.165365
1 0.318359 0.766276 0.111328 0.097656
1 0.335938 0.889974 0.119141 0.126302
2 0.018066 0.750651 0.034180 0.089844
2 0.072754 0.746745 0.036133 0.097656
2 0.044434 0.748698 0.032227 0.091146
2 0.163086 0.838542 0.039063 0.083333
2 0.135742 0.845052 0.039063 0.091146
2 0.108887 0.849609 0.034180 0.092448
2 0.083008 0.851563 0.033203 0.096354
2 0.058105 0.860026 0.032227 0.097656
2 0.028809 0.861328 0.036133 0.100260
0 0.895996 0.055990 0.040039 0.075521
2 0.741211 0.115885 0.039063 0.067708
2 0.605469 0.165365 0.039063 0.070313
0 0.682129 0.133464 0.032227 0.071615
0 0.711426 0.128255 0.032227 0.076823
0 0.797852 0.089844 0.035156 0.067708
0 0.911621 0.126302 0.036133 0.065104
2 0.871094 0.067708 0.035156 0.065104
0 0.843262 0.072266 0.030273 0.058594
0 0.821289 0.080078 0.027344 0.066406
0 0.658691 0.146484 0.034180 0.063802
0 0.628418 0.153646 0.038086 0.067708
0 0.576660 0.177734 0.034180 0.063802
0 0.522949 0.195313 0.036133 0.062500
0 0.558105 0.261719 0.036133 0.072917
0 0.654297 0.222656 0.033203 0.065104
0 0.631836 0.232422 0.035156 0.063802
0 0.606934 0.242188 0.034180 0.062500
0 0.583984 0.247396 0.033203 0.062500
0 0.353027 0.026042 0.034180 0.052083
10 0.403809 0.224609 0.034180 0.058594
10 0.418457 0.297526 0.041992 0.069010
10 0.861328 0.151042 0.035156 0.065104
10 0.811523 0.165365 0.037109 0.067708
10 0.782227 0.171875 0.035156 0.072917
10 0.757813 0.180339 0.035156 0.061198
10 0.734863 0.184245 0.038086 0.066406
10 0.707520 0.206380 0.038086 0.066406
2 0.682617 0.212240 0.042969 0.070313