1 0.753418 0.524740 0.092773 0.046875
0 0.747070 0.625000 0.029297 0.072917
0 0.802734 0.635417 0.029297 0.067708
0 0.828613 0.640625 0.026367 0.065104
0 0.857422 0.626953 0.029297 0.066406
0 0.886230 0.629557 0.028320 0.066406
10 0.906250 0.520833 0.097656 0.052083
0 0.889160 0.323568 0.032227 0.074219
0 0.728027 0.333333 0.028320 0.072917
0 0.668457 0.338542 0.032227 0.075521
3 0.479980 0.383464 0.159180 0.050781
2 0.445801 0.429036 0.069336 0.037760
2 0.511719 0.424479 0.064453 0.036458
3 0.075684 0.576823 0.147461 0.052083
0 0.276855 0.116536 0.057617 0.040365
0 0.354492 0.158854 0.031250 0.057292
0 0.354980 0.236328 0.030273 0.066406
0 0.396973 0.290365 0.047852 0.036458
0 0.531250 0.328125 0.048828 0.039063
1 0.446777 0.339193 0.081055 0.053385
0 0.247070 0.287760 0.054688 0.033854
0 0.192383 0.688151 0.054688 0.037760
0 0.515137 0.826823 0.051758 0.039063
0 0.832520 0.758464 0.049805 0.037760
3 0.522949 0.480469 0.086914 0.054688