3 0.330078 0.576823 0.164063 0.171875
3 0.107422 0.774089 0.162109 0.175781
3 0.795410 0.358073 0.184570 0.111979
3 0.750488 0.392578 0.131836 0.079427
3 0.717773 0.437500 0.179688 0.106771
3 0.665039 0.470052 0.181641 0.119792
3 0.615723 0.506510 0.112305 0.080729
0 0.729980 0.101563 0.053711 0.054688
0 0.798340 0.240234 0.053711 0.050781
0 0.772461 0.185547 0.048828 0.048177
3 0.536133 0.229818 0.044922 0.160156
3 0.498535 0.232422 0.040039 0.131510
3 0.453613 0.231120 0.063477 0.240885
3 0.397949 0.229818 0.040039 0.165365
3 0.359375 0.276042 0.050781 0.236979
3 0.320801 0.276042 0.047852 0.239583
3 0.279297 0.335286 0.048828 0.253906
3 0.234375 0.361328 0.044922 0.235677
3 0.161621 0.451172 0.053711 0.238281
0 0.056152 0.177734 0.040039 0.058594
0 0.089844 0.360677 0.029297 0.070313
0 0.013672 0.395182 0.027344 0.069010
0 0.054199 0.460286 0.024414 0.069010
0 0.052734 0.374349 0.027344 0.074219
10 0.084961 0.430990 0.029297 0.067708
10 0.086426 0.505859 0.032227 0.063802
10 0.085449 0.562500 0.030273 0.059896