3 0.433594 0.085938 0.181641 0.072917
3 0.409180 0.166016 0.125000 0.069010
3 0.414551 0.405599 0.133789 0.074219
3 0.429688 0.481771 0.166016 0.078125
3 0.396484 0.561198 0.091797 0.067708
3 0.442383 0.886719 0.160156 0.075521
3 0.596191 0.496094 0.055664 0.236979
3 0.895996 0.098307 0.165039 0.175781
3 0.889648 0.159505 0.166016 0.173177
3 0.907227 0.242839 0.164063 0.209635
3 0.882813 0.309245 0.154297 0.180990
0 0.688965 0.104818 0.030273 0.079427
0 0.685547 0.638672 0.060547 0.042969
0 0.878906 0.795573 0.046875 0.062500
10 0.896973 0.880208 0.047852 0.067708
10 0.694336 0.180339 0.025391 0.079427
10 0.720215 0.376302 0.038086 0.075521
10 0.697266 0.346354 0.035156 0.072917
10 0.695801 0.251953 0.034180 0.087240
10 0.709961 0.604818 0.054688 0.045573
10 0.685059 0.679036 0.055664 0.037760
10 0.672852 0.720703 0.056641 0.040365
10 0.675781 0.786458 0.062500 0.044271