4 0.039551 0.330078 0.049805 0.225260
4 0.086914 0.333984 0.050781 0.225260
4 0.139160 0.329427 0.047852 0.197917
4 0.188965 0.365885 0.045898 0.229167
4 0.139648 0.548177 0.046875 0.208333
4 0.091309 0.550130 0.051758 0.217448
4 0.044922 0.541016 0.044922 0.178385
1 0.289063 0.267578 0.031250 0.084635
0 0.392578 0.294271 0.035156 0.096354
0 0.530762 0.291667 0.073242 0.057292
2 0.663086 0.245443 0.087891 0.053385
0 0.717285 0.320964 0.038086 0.089844
0 0.938477 0.248047 0.083984 0.048177
0 0.826172 0.324870 0.041016 0.095052
0 0.895508 0.324219 0.041016 0.101563
0 0.863281 0.321615 0.033203 0.101563
2 0.923828 0.530599 0.048828 0.139323
2 0.854004 0.530599 0.049805 0.157552
2 0.790527 0.513672 0.040039 0.131510
2 0.750000 0.505208 0.041016 0.119792
2 0.710449 0.501953 0.041992 0.108073
2 0.674316 0.561198 0.086914 0.085938
2 0.781250 0.621745 0.074219 0.079427
0 0.874023 0.639323 0.068359 0.054688
1 0.933594 0.751953 0.052734 0.136719
1 0.857422 0.768229 0.044922 0.122396
1 0.725586 0.751302 0.046875 0.138021
0 0.683105 0.735677 0.041992 0.109375
0 0.645996 0.746094 0.041992 0.138021
0 0.527832 0.666016 0.059570 0.053385
0 0.614258 0.465495 0.074219 0.050781
0 0.467285 0.304688 0.041992 0.106771
10 0.727539 0.658203 0.078125 0.087240