14 0.171387 0.735026 0.079102 0.303385
0 0.297363 0.189453 0.041992 0.110677
0 0.354004 0.290365 0.041992 0.096354
3 0.641602 0.278646 0.052734 0.234375
4 0.636719 0.494792 0.042969 0.216146
4 0.682129 0.518229 0.041992 0.166667
4 0.731445 0.499349 0.050781 0.207031
4 0.830078 0.268880 0.042969 0.188802
4 0.872070 0.262370 0.054688 0.214844
4 0.920898 0.272135 0.054688 0.223958
4 0.965332 0.276693 0.051758 0.217448
4 0.958008 0.490885 0.042969 0.187500
4 0.914063 0.498698 0.042969 0.213542
4 0.867188 0.498047 0.046875 0.209635