14 0.188965 0.563802 0.067383 0.247396
14 0.772949 0.791667 0.073242 0.148438
14 0.203125 0.268229 0.039063 0.104167
14 0.688477 0.363932 0.044922 0.152344
14 0.663086 0.602214 0.070313 0.089844
14 0.670410 0.750000 0.069336 0.174479
14 0.629395 0.714844 0.057617 0.164063
14 0.585449 0.717448 0.059570 0.171875
14 0.532715 0.724609 0.100586 0.269531
14 0.478027 0.662760 0.063477 0.158854
14 0.437500 0.619792 0.068359 0.161458
14 0.389648 0.606771 0.064453 0.177083
14 0.335449 0.597656 0.067383 0.177083
14 0.916504 0.440104 0.067383 0.182292
14 0.862793 0.424479 0.047852 0.158854
14 0.813477 0.414714 0.052734 0.173177
14 0.771973 0.393880 0.045898 0.183594
14 0.731445 0.369141 0.039063 0.154948
14 0.613770 0.339193 0.051758 0.141927
14 0.572266 0.333984 0.042969 0.162760
14 0.497559 0.317708 0.040039 0.156250
14 0.531250 0.327474 0.042969 0.167969
14 0.459473 0.305990 0.043945 0.153646
14 0.420410 0.297526 0.038086 0.144531
14 0.386230 0.294271 0.036133 0.138021
14 0.348633 0.287109 0.039063 0.144531
14 0.312500 0.279948 0.039063 0.151042
14 0.276855 0.281250 0.043945 0.148438
14 0.242188 0.273438 0.039063 0.151042