14 0.106445 0.102865 0.041016 0.093750
14 0.229980 0.097005 0.102539 0.061198
14 0.244629 0.138021 0.065430 0.041667
14 0.245605 0.179036 0.055664 0.050781
14 0.238770 0.677734 0.118164 0.378906
14 0.360840 0.688802 0.143555 0.408854
14 0.466309 0.732422 0.153320 0.501302
14 0.542969 0.642578 0.123047 0.384115
14 0.709473 0.625000 0.104492 0.382813
14 0.792969 0.598307 0.083984 0.305990
14 0.893555 0.602865 0.085938 0.270833
14 0.956055 0.595052 0.070313 0.247396
14 0.958496 0.282552 0.065430 0.164063
14 0.904297 0.268880 0.066406 0.204427
14 0.855469 0.299479 0.041016 0.127604
14 0.815430 0.272135 0.056641 0.179688
14 0.773438 0.258464 0.060547 0.178385
14 0.721680 0.263021 0.062500 0.184896
14 0.670410 0.271484 0.055664 0.183594
14 0.627441 0.260417 0.057617 0.190104
14 0.585938 0.282552 0.054688 0.161458
14 0.541504 0.244792 0.057617 0.171875
14 0.490234 0.272786 0.060547 0.194010
14 0.443848 0.300781 0.047852 0.132813
14 0.368164 0.298828 0.056641 0.149740
14 0.333008 0.328776 0.046875 0.123698
14 0.303223 0.337240 0.051758 0.117188
14 0.263184 0.321615 0.047852 0.130208
14 0.233887 0.325521 0.047852 0.135417