14 0.705078 0.054036 0.062500 0.066406
14 0.428223 0.098307 0.071289 0.079427
14 0.664551 0.130859 0.057617 0.058594
14 0.639160 0.169271 0.057617 0.062500
14 0.634277 0.270182 0.061523 0.069010
14 0.571777 0.484375 0.071289 0.054688
14 0.568359 0.544922 0.089844 0.076823
14 0.412109 0.581380 0.062500 0.050781
14 0.415527 0.623047 0.084961 0.061198
14 0.296875 0.389323 0.103516 0.093750
14 0.280273 0.459635 0.103516 0.078125
14 0.257813 0.632161 0.132813 0.084635
14 0.212402 0.695313 0.086914 0.072917
14 0.193848 0.757813 0.090820 0.065104
14 0.171387 0.839844 0.114258 0.070313