14 0.952637 0.025391 0.094727 0.050781
14 0.939453 0.108724 0.091797 0.055990
14 0.933594 0.174479 0.095703 0.046875
14 0.921387 0.263672 0.108398 0.050781
14 0.963867 0.679036 0.044922 0.188802
14 0.526367 0.174479 0.130859 0.065104
14 0.893066 0.719401 0.041992 0.139323
14 0.854980 0.714844 0.041992 0.145833
14 0.821777 0.718750 0.041992 0.148438
14 0.781250 0.675781 0.042969 0.140625
14 0.743652 0.701823 0.038086 0.125000
14 0.706055 0.729167 0.041016 0.135417
14 0.673828 0.729167 0.033203 0.127604
14 0.636719 0.733073 0.048828 0.140625
14 0.598145 0.748698 0.049805 0.125000
14 0.518555 0.768880 0.046875 0.102865
14 0.473633 0.768229 0.062500 0.085938
14 0.409668 0.795573 0.057617 0.070313
14 0.342285 0.813151 0.065430 0.058594
14 0.248047 0.828125 0.097656 0.057292
14 0.148438 0.822266 0.083984 0.061198
14 0.039063 0.798177 0.064453 0.044271
14 0.400391 0.180339 0.050781 0.175781
14 0.342773 0.279297 0.123047 0.082031
14 0.326660 0.327474 0.143555 0.087240
14 0.316895 0.389323 0.153320 0.093750
14 0.220215 0.024089 0.069336 0.048177
14 0.113281 0.360677 0.060547 0.044271
14 0.111816 0.392578 0.077148 0.045573
14 0.222656 0.499349 0.035156 0.097656
14 0.304688 0.535156 0.126953 0.083333
14 0.527344 0.487630 0.191406 0.089844
14 0.466309 0.568359 0.124023 0.063802
14 0.432129 0.670573 0.071289 0.041667
14 0.475586 0.625651 0.167969 0.082031
14 0.379883 0.667318 0.027344 0.097656
14 0.333984 0.666016 0.035156 0.118490
14 0.300781 0.662760 0.042969 0.127604
14 0.265137 0.664063 0.034180 0.114583
14 0.231445 0.665365 0.044922 0.148438
14 0.194336 0.674479 0.035156 0.158854
14 0.160156 0.667318 0.046875 0.173177
14 0.117188 0.666016 0.042969 0.170573
14 0.195313 0.493490 0.025391 0.111979
14 0.170410 0.485677 0.030273 0.117188
14 0.145020 0.479818 0.036133 0.113281
14 0.111816 0.472656 0.040039 0.127604
14 0.087891 0.458333 0.035156 0.101563
0 0.885742 0.926432 0.023438 0.061198
0 0.989258 0.919922 0.021484 0.058594
0 0.968262 0.917318 0.024414 0.055990
0 0.948242 0.916016 0.025391 0.053385
0 0.925781 0.921224 0.023438 0.053385
0 0.906738 0.925781 0.024414 0.059896
0 0.864746 0.924479 0.026367 0.052083
0 0.844238 0.930339 0.026367 0.063802
10 0.820313 0.932292 0.023438 0.054688
0 0.799316 0.934245 0.026367 0.058594
10 0.777344 0.934896 0.025391 0.059896
0 0.757324 0.932292 0.024414 0.052083
0 0.737305 0.936849 0.029297 0.055990
0 0.715820 0.934896 0.021484 0.057292
0 0.697754 0.935547 0.022461 0.048177
0 0.672363 0.933594 0.026367 0.057292
0 0.624023 0.923828 0.027344 0.055990
0 0.598145 0.929036 0.028320 0.055990
0 0.577148 0.930339 0.025391 0.063802
0 0.555664 0.932292 0.027344 0.059896
0 0.536133 0.932943 0.027344 0.058594
0 0.515137 0.940755 0.028320 0.061198
10 0.487305 0.935547 0.027344 0.063802
10 0.467285 0.938802 0.022461 0.057292
10 0.445801 0.944010 0.028320 0.054688
0 0.426270 0.945313 0.022461 0.052083
10 0.403809 0.944661 0.028320 0.055990
0 0.381836 0.949219 0.027344 0.059896
10 0.362305 0.952474 0.025391 0.055990
10 0.341309 0.952474 0.024414 0.055990
0 0.320313 0.956380 0.025391 0.061198
0 0.300293 0.956380 0.022461 0.050781
0 0.277344 0.957031 0.025391 0.059896
10 0.256348 0.962240 0.028320 0.057292
10 0.230957 0.961589 0.024414 0.055990
0 0.211914 0.968099 0.023438 0.058594
10 0.187500 0.965495 0.023438 0.053385
0 0.167969 0.966146 0.025391 0.054688