14 0.142578 0.041667 0.085938 0.052083
14 0.377930 0.063151 0.171875 0.105469
14 0.074219 0.083984 0.025391 0.050781
14 0.088867 0.107422 0.031250 0.076823
14 0.113281 0.128255 0.039063 0.110677
14 0.143066 0.141927 0.043945 0.140625
14 0.177734 0.151042 0.041016 0.135417
14 0.205566 0.157552 0.038086 0.132813
14 0.237793 0.172526 0.041992 0.123698
14 0.264648 0.182943 0.042969 0.115885
14 0.358887 0.233073 0.141602 0.096354
14 0.633301 0.089193 0.221680 0.115885
14 0.611328 0.196615 0.207031 0.109375
14 0.539551 0.285156 0.139648 0.075521
14 0.550293 0.348958 0.186523 0.093750
14 0.496094 0.397135 0.074219 0.046875
14 0.437012 0.393880 0.032227 0.108073
14 0.384766 0.384115 0.044922 0.138021
14 0.350098 0.381510 0.047852 0.140625
14 0.303223 0.374349 0.043945 0.128906
14 0.269531 0.371745 0.048828 0.157552
14 0.227539 0.380859 0.044922 0.173177
14 0.187988 0.368490 0.051758 0.187500
14 0.136719 0.365885 0.054688 0.187500
14 0.042969 0.508464 0.070313 0.045573
14 0.165527 0.548828 0.088867 0.061198
14 0.280762 0.563802 0.110352 0.059896
14 0.388672 0.557292 0.083984 0.057292
14 0.470703 0.541667 0.066406 0.080729
14 0.541504 0.519531 0.069336 0.091146
14 0.588379 0.521484 0.051758 0.118490
14 0.683105 0.500651 0.059570 0.139323
14 0.725586 0.494141 0.058594 0.147135
14 0.770508 0.488281 0.042969 0.140625
14 0.807129 0.493490 0.043945 0.143229
14 0.854004 0.462240 0.045898 0.148438
14 0.895996 0.442057 0.057617 0.152344
14 0.938477 0.492839 0.046875 0.170573
14 0.982422 0.490234 0.035156 0.170573
0 0.059570 0.685547 0.033203 0.066406
0 0.084473 0.787109 0.047852 0.037760
0 0.159668 0.708984 0.028320 0.058594
0 0.232910 0.718750 0.026367 0.065104
0 0.310059 0.715495 0.022461 0.061198
2 0.533203 0.814453 0.058594 0.032552
0 0.628906 0.711589 0.025391 0.063802
0 0.652344 0.709635 0.029297 0.072917
0 0.673828 0.814453 0.046875 0.029948
0 0.839355 0.837240 0.045898 0.031250
0 0.890137 0.834635 0.051758 0.031250
0 0.904297 0.732422 0.025391 0.069010
0 0.956055 0.729818 0.027344 0.071615
0 0.939941 0.837240 0.045898 0.028646
0 0.330566 0.712891 0.024414 0.058594
0 0.086426 0.692057 0.028320 0.055990
0 0.041016 0.776042 0.044922 0.036458