14 0.452148 0.015625 0.064453 0.031250
14 0.383789 0.033854 0.031250 0.065104
14 0.458008 0.098307 0.072266 0.037760
14 0.454590 0.160156 0.063477 0.036458
14 0.449219 0.222005 0.052734 0.035156
14 0.462402 0.261719 0.057617 0.033854
14 0.465820 0.297526 0.068359 0.037760
14 0.463867 0.330729 0.066406 0.031250
14 0.464844 0.362630 0.068359 0.032552
14 0.460938 0.445313 0.056641 0.033854
14 0.391113 0.406901 0.026367 0.097656
14 0.393555 0.513021 0.031250 0.096354
14 0.432617 0.840495 0.041016 0.121094
14 0.168945 0.118490 0.035156 0.125000
14 0.196289 0.106771 0.033203 0.138021
14 0.224609 0.121745 0.027344 0.121094
14 0.251953 0.115885 0.027344 0.122396
14 0.276367 0.120443 0.029297 0.118490
14 0.308594 0.109375 0.035156 0.132813
14 0.337891 0.104167 0.039063 0.145833
14 0.366699 0.108724 0.030273 0.095052
14 0.389160 0.125000 0.026367 0.085938
14 0.172852 0.286458 0.041016 0.138021
14 0.226563 0.291016 0.039063 0.141927
14 0.258789 0.274740 0.037109 0.125000
14 0.293457 0.281901 0.040039 0.131510
14 0.330078 0.292969 0.041016 0.143229
14 0.362305 0.276042 0.033203 0.119792
14 0.387695 0.264323 0.027344 0.101563
14 0.397461 0.689453 0.029297 0.102865
14 0.367676 0.685547 0.030273 0.108073
14 0.331055 0.682943 0.037109 0.121094
14 0.273438 0.675781 0.042969 0.140625
14 0.209473 0.672526 0.043945 0.162760
14 0.177246 0.681641 0.032227 0.141927
14 0.151367 0.682943 0.027344 0.082031
14 0.375977 0.895182 0.050781 0.209635
14 0.333984 0.881510 0.039063 0.195313
14 0.297852 0.865885 0.039063 0.153646
14 0.260254 0.872396 0.041992 0.158854
14 0.222656 0.881510 0.046875 0.177083
14 0.183105 0.882813 0.045898 0.177083
14 0.459961 0.497396 0.058594 0.033854
14 0.462402 0.469401 0.061523 0.024740
14 0.461426 0.526042 0.055664 0.023438
14 0.463867 0.550130 0.060547 0.040365
14 0.470703 0.606120 0.066406 0.032552
14 0.482910 0.639323 0.081055 0.039063
14 0.473633 0.667318 0.062500 0.032552
14 0.465820 0.694010 0.060547 0.033854
14 0.468262 0.722656 0.063477 0.033854
14 0.501953 0.754557 0.042969 0.048177