0 0.094238 0.063151 0.034180 0.061198
0 0.020508 0.339844 0.027344 0.065104
14 0.549316 0.035807 0.069336 0.066406
14 0.306152 0.072266 0.032227 0.082031
14 0.345215 0.096354 0.034180 0.078125
14 0.308105 0.174479 0.059570 0.057292
14 0.192383 0.475911 0.078125 0.055990
14 0.441406 0.147786 0.031250 0.074219
14 0.460938 0.160807 0.031250 0.082031
14 0.479980 0.169922 0.032227 0.076823
14 0.500488 0.178385 0.032227 0.078125
14 0.520508 0.191406 0.037109 0.075521
14 0.357422 0.231771 0.039063 0.080729
14 0.375488 0.249349 0.032227 0.071615
14 0.395996 0.290365 0.067383 0.122396
14 0.428223 0.298177 0.051758 0.109375
14 0.469238 0.311198 0.047852 0.104167
14 0.504395 0.324219 0.034180 0.104167
14 0.805176 0.636068 0.034180 0.108073
14 0.811035 0.830729 0.045898 0.132813
14 0.582031 0.953776 0.074219 0.040365
14 0.627930 0.621094 0.050781 0.161458
14 0.729980 0.826172 0.041992 0.123698
14 0.694336 0.830078 0.039063 0.113281
14 0.664551 0.833984 0.040039 0.118490
14 0.635254 0.837240 0.036133 0.114583
14 0.604004 0.839193 0.041992 0.121094
14 0.535156 0.839844 0.037109 0.117188
14 0.509277 0.839193 0.034180 0.110677
14 0.483398 0.850260 0.033203 0.119792
14 0.458008 0.843750 0.025391 0.088542
14 0.431641 0.841797 0.033203 0.089844
14 0.382813 0.857422 0.033203 0.095052
14 0.358398 0.857422 0.031250 0.087240
14 0.333984 0.855469 0.031250 0.091146
14 0.310059 0.854818 0.030273 0.084635
14 0.286133 0.861979 0.031250 0.083333
14 0.237793 0.867839 0.030273 0.084635
14 0.215332 0.867839 0.030273 0.076823
14 0.191406 0.874349 0.031250 0.069010
14 0.171387 0.876302 0.032227 0.083333
14 0.553223 0.641276 0.049805 0.152344
14 0.514160 0.641927 0.051758 0.158854
14 0.477539 0.656250 0.046875 0.151042
14 0.412109 0.660156 0.044922 0.145833
14 0.377930 0.664063 0.037109 0.145833
14 0.345703 0.680990 0.033203 0.117188
14 0.316406 0.682292 0.035156 0.127604
14 0.290527 0.690104 0.028320 0.101563
14 0.264648 0.691406 0.025391 0.104167
14 0.239746 0.707031 0.034180 0.088542
14 0.215332 0.708333 0.030273 0.091146
14 0.191406 0.714193 0.029297 0.087240