2 0.043457 0.576823 0.040039 0.080729
2 0.394531 0.072266 0.042969 0.082031
2 0.133301 0.640625 0.047852 0.078125
2 0.431641 0.202474 0.039063 0.084635
10 0.511230 0.401693 0.040039 0.074219
0 0.561523 0.419271 0.046875 0.085938
0 0.567383 0.514974 0.058594 0.084635
0 0.643555 0.627604 0.042969 0.072917
2 0.603027 0.628255 0.045898 0.089844
0 0.253906 0.675781 0.052734 0.075521
0 0.942871 0.701172 0.049805 0.069010
0 0.681152 0.799479 0.053711 0.085938
0 0.718262 0.882813 0.053711 0.075521
0 0.773438 0.886068 0.046875 0.092448
0 0.258789 0.845052 0.050781 0.083333
0 0.205566 0.891927 0.045898 0.078125
0 0.151367 0.925130 0.048828 0.084635