4 0.523926 0.391927 0.131836 0.057292
3 0.565918 0.139323 0.038086 0.156250
4 0.327148 0.101563 0.031250 0.109375
4 0.375488 0.108724 0.036133 0.123698
2 0.701660 0.125000 0.034180 0.111979
2 0.852051 0.135417 0.030273 0.109375
2 0.158203 0.356120 0.027344 0.097656
2 0.124512 0.352865 0.030273 0.083333
2 0.356934 0.364583 0.047852 0.070313
2 0.271484 0.372396 0.050781 0.072917
2 0.650879 0.117188 0.028320 0.093750
2 0.612305 0.121094 0.027344 0.080729
0 0.157715 0.085286 0.024414 0.058594
0 0.130859 0.093750 0.025391 0.067708
0 0.068848 0.444661 0.047852 0.063802
0 0.103516 0.437500 0.042969 0.067708
0 0.327148 0.454427 0.046875 0.057292
0 0.447754 0.462891 0.041992 0.058594
0 0.485840 0.460286 0.041992 0.061198
0 0.680176 0.463542 0.038086 0.054688
0 0.767578 0.474609 0.052734 0.069010
0 0.803711 0.468750 0.048828 0.062500
0 0.832031 0.469401 0.048828 0.058594
0 0.860840 0.481771 0.045898 0.059896
0 0.960938 0.478516 0.044922 0.061198
0 0.787598 0.085938 0.024414 0.072917
0 0.054688 0.585938 0.042969 0.062500
0 0.122070 0.591146 0.041016 0.059896
0 0.179199 0.587891 0.043945 0.066406
0 0.214355 0.585938 0.043945 0.070313
0 0.250977 0.587240 0.041016 0.067708
0 0.311035 0.586589 0.040039 0.055990
0 0.407227 0.597656 0.041016 0.065104
0 0.505371 0.604167 0.043945 0.070313
0 0.658203 0.601563 0.044922 0.067708
0 0.761719 0.606771 0.039063 0.059896
0 0.853516 0.610026 0.044922 0.063802
0 0.892090 0.608073 0.038086 0.057292
0 0.889160 0.677083 0.041992 0.057292
0 0.853516 0.672526 0.048828 0.061198
0 0.981934 0.679688 0.036133 0.070313
0 0.979004 0.809245 0.038086 0.066406
0 0.915527 0.808594 0.047852 0.070313
0 0.881836 0.803385 0.046875 0.070313
0 0.861816 0.818359 0.043945 0.066406
0 0.785645 0.797526 0.047852 0.069010
0 0.749023 0.805339 0.048828 0.071615
0 0.595215 0.849609 0.045898 0.066406
0 0.496094 0.863281 0.050781 0.067708
0 0.564941 0.794922 0.041992 0.061198
0 0.529785 0.795573 0.043945 0.062500
0 0.500000 0.799479 0.039063 0.059896
0 0.466309 0.789714 0.049805 0.071615
0 0.520508 0.724609 0.056641 0.040365
0 0.724121 0.673177 0.043945 0.062500
0 0.688965 0.678385 0.041992 0.070313
0 0.625000 0.676432 0.042969 0.058594
0 0.590332 0.673177 0.043945 0.075521
0 0.532227 0.664714 0.042969 0.063802
0 0.501953 0.660807 0.042969 0.058594
0 0.442383 0.657552 0.044922 0.059896
0 0.341309 0.657552 0.045898 0.062500
0 0.316895 0.650391 0.043945 0.061198
0 0.185547 0.651042 0.039063 0.057292
0 0.121582 0.649089 0.043945 0.053385
0 0.063477 0.636068 0.046875 0.053385