4 0.071289 0.412109 0.042969 0.123698
4 0.114258 0.430990 0.033203 0.101563
4 0.021484 0.416016 0.037109 0.118490
4 0.178223 0.555990 0.038086 0.104167
4 0.076172 0.554036 0.037109 0.102865
4 0.026855 0.732422 0.040039 0.110677
4 0.114258 0.746745 0.033203 0.105469
4 0.170898 0.732422 0.039063 0.121094
4 0.209961 0.745443 0.033203 0.115885
4 0.247070 0.749349 0.035156 0.115885
4 0.137207 0.869792 0.077148 0.049479
14 0.283203 0.182943 0.060547 0.100260
14 0.348145 0.216797 0.041992 0.167969
14 0.377441 0.220052 0.030273 0.164063
14 0.521973 0.239583 0.026367 0.072917
14 0.469727 0.251953 0.027344 0.108073
14 0.496582 0.230469 0.034180 0.156250
14 0.669434 0.228516 0.036133 0.170573
14 0.701172 0.273438 0.027344 0.078125
14 0.792480 0.262370 0.032227 0.108073
14 0.875977 0.254557 0.031250 0.113281
14 0.783691 0.399089 0.034180 0.097656
14 0.723145 0.416016 0.026367 0.141927
14 0.462891 0.414714 0.035156 0.154948
14 0.618652 0.727865 0.090820 0.109375
14 0.664551 0.412760 0.032227 0.140625
14 0.635742 0.409505 0.031250 0.139323
14 0.697266 0.423828 0.041016 0.160156
14 0.579102 0.419922 0.042969 0.162760
14 0.550781 0.415365 0.041016 0.161458
14 0.519531 0.423828 0.037109 0.178385
14 0.493164 0.412760 0.039063 0.156250