14 0.118652 0.134115 0.038086 0.166667
14 0.149902 0.175781 0.026367 0.080729
14 0.241699 0.166667 0.032227 0.109375
14 0.321777 0.160807 0.032227 0.118490
14 0.231934 0.304688 0.032227 0.101563
14 0.171387 0.319010 0.028320 0.143229
14 0.065430 0.631510 0.091797 0.109375
14 0.145020 0.328776 0.041992 0.165365
14 0.112305 0.319010 0.031250 0.145833
14 0.083984 0.315104 0.031250 0.140625
14 0.028320 0.322917 0.044922 0.169271
14 0.528320 0.474609 0.107422 0.123698
14 0.542969 0.511719 0.107422 0.111979
14 0.588867 0.559245 0.076172 0.079427
14 0.638672 0.654297 0.072266 0.084635
14 0.728027 0.575521 0.083008 0.062500
14 0.666992 0.732422 0.082031 0.087240
14 0.680664 0.756510 0.078125 0.083333
14 0.763672 0.583333 0.109375 0.109375
14 0.784180 0.614583 0.115234 0.104167
14 0.798340 0.649089 0.112305 0.108073
14 0.803711 0.697917 0.068359 0.078125
14 0.814453 0.723958 0.070313 0.083333
14 0.848145 0.751953 0.100586 0.110677
14 0.843262 0.792969 0.067383 0.083333
14 0.863281 0.824870 0.070313 0.084635
14 0.780273 0.905599 0.054688 0.063802
14 0.806641 0.966797 0.080078 0.066406
14 0.857910 0.218099 0.096680 0.095052
14 0.794434 0.094401 0.108398 0.100260
14 0.947754 0.072266 0.102539 0.123698