14 0.587891 0.275391 0.048828 0.178385
14 0.542969 0.249349 0.042969 0.173177
14 0.512695 0.248698 0.037109 0.171875
14 0.461426 0.253255 0.041992 0.178385
14 0.416992 0.254557 0.039063 0.173177
14 0.388184 0.289063 0.053711 0.208333
14 0.301758 0.286458 0.058594 0.187500
14 0.265625 0.299479 0.054688 0.208333
14 0.230469 0.264323 0.031250 0.119792
14 0.192383 0.296875 0.042969 0.169271
14 0.103516 0.319661 0.056641 0.222656
14 0.599609 0.773438 0.037109 0.174479
14 0.567871 0.781250 0.036133 0.161458
14 0.532715 0.786458 0.041992 0.177083
14 0.463867 0.794922 0.037109 0.173177
14 0.425293 0.790365 0.047852 0.182292
14 0.360352 0.809245 0.048828 0.175781
14 0.593262 0.944661 0.028320 0.110677
14 0.566895 0.944010 0.028320 0.111979
14 0.538086 0.947917 0.037109 0.104167
14 0.282715 0.805990 0.040039 0.197917
14 0.258301 0.826172 0.038086 0.160156
14 0.220215 0.822266 0.040039 0.180990
14 0.112793 0.845703 0.040039 0.175781
14 0.082031 0.848958 0.042969 0.174479
14 0.041016 0.843750 0.044922 0.174479