4 0.195801 0.186849 0.081055 0.152344
0 0.319336 0.540365 0.037109 0.070313
0 0.257324 0.776042 0.034180 0.059896
14 0.532227 0.300781 0.080078 0.127604
14 0.618164 0.384766 0.083984 0.121094
14 0.700684 0.461589 0.071289 0.128906
14 0.388672 0.340495 0.066406 0.136719
14 0.359375 0.358073 0.068359 0.164063
14 0.363281 0.464844 0.062500 0.044271
14 0.394043 0.529948 0.059570 0.096354
14 0.775879 0.543620 0.075195 0.100260
14 0.822266 0.597005 0.068359 0.092448
14 0.898438 0.954427 0.076172 0.091146
14 0.715332 0.744141 0.088867 0.180990
14 0.440918 0.691406 0.075195 0.143229
14 0.468262 0.720703 0.075195 0.139323
14 0.476563 0.819010 0.082031 0.122396
14 0.499023 0.847656 0.083984 0.117188
14 0.532715 0.933594 0.088867 0.122396
14 0.619141 0.688151 0.076172 0.126302
14 0.660156 0.715495 0.080078 0.149740
14 0.677246 0.740885 0.077148 0.148438
14 0.941895 0.902995 0.110352 0.144531