0 0.152832 0.900391 0.028320 0.063802
14 0.113770 0.074870 0.071289 0.136719
14 0.139648 0.103516 0.076172 0.141927
14 0.152832 0.200521 0.081055 0.130208
14 0.169922 0.226563 0.080078 0.125000
14 0.205566 0.313802 0.086914 0.130208
14 0.201660 0.396484 0.084961 0.134115
14 0.209961 0.443359 0.093750 0.139323
14 0.226563 0.480469 0.091797 0.122396
14 0.292480 0.069661 0.077148 0.131510
14 0.285645 0.738281 0.127930 0.179688
14 0.262207 0.668620 0.090820 0.128906
14 0.241211 0.650391 0.080078 0.110677
14 0.223633 0.612630 0.103516 0.154948
14 0.206055 0.567057 0.078125 0.113281
14 0.460938 0.438151 0.083984 0.152344
14 0.500000 0.399740 0.087891 0.140625
14 0.573242 0.341146 0.078125 0.104167
14 0.615723 0.288411 0.116211 0.144531
14 0.389648 0.126302 0.082031 0.179688
14 0.356934 0.126302 0.079102 0.143229
14 0.335449 0.098307 0.079102 0.144531
0 0.888184 0.574870 0.040039 0.055990