14 0.474121 0.770833 0.073242 0.135417
14 0.456055 0.139974 0.191406 0.152344
14 0.488770 0.189453 0.163086 0.134115
14 0.502441 0.250000 0.186523 0.148438
14 0.520508 0.311198 0.173828 0.169271
14 0.573730 0.357422 0.079102 0.063802
14 0.581055 0.395833 0.123047 0.109375
14 0.595703 0.457682 0.123047 0.113281
14 0.610352 0.493490 0.128906 0.122396
14 0.637207 0.550781 0.133789 0.109375
14 0.662598 0.572266 0.104492 0.092448
14 0.679688 0.601563 0.091797 0.088542
14 0.705078 0.715495 0.130859 0.118490
14 0.745605 0.785156 0.135742 0.125000
14 0.802734 0.842448 0.097656 0.088542
14 0.818359 0.869792 0.097656 0.088542
14 0.831055 0.908203 0.095703 0.084635
14 0.846191 0.940104 0.090820 0.088542
14 0.862305 0.964193 0.097656 0.071615