14 0.035645 0.239583 0.071289 0.119792
14 0.790039 0.354818 0.072266 0.136719
14 0.776367 0.855469 0.105469 0.200521
14 0.170898 0.208333 0.144531 0.158854
14 0.195801 0.254557 0.143555 0.165365
14 0.278320 0.271484 0.091797 0.100260
14 0.292480 0.311849 0.086914 0.097656
14 0.340332 0.399089 0.090820 0.102865
14 0.283203 0.520182 0.085938 0.100260
14 0.302246 0.551432 0.094727 0.100260
14 0.372559 0.614583 0.084961 0.109375
14 0.405762 0.689453 0.088867 0.095052
14 0.495605 0.925130 0.092773 0.118490
14 0.472168 0.887370 0.098633 0.105469
14 0.450684 0.837240 0.102539 0.114583
14 0.424316 0.799479 0.098633 0.111979
14 0.397461 0.753906 0.097656 0.101563
14 0.928711 0.073568 0.125000 0.128906