14 0.718262 0.267578 0.077148 0.121094
14 0.664551 0.670573 0.122070 0.278646
14 0.492676 0.852865 0.057617 0.119792
14 0.486328 0.780599 0.076172 0.110677
14 0.500488 0.747396 0.079102 0.111979
14 0.525391 0.324870 0.125000 0.298177
14 0.407227 0.391927 0.082031 0.111979
14 0.337891 0.340495 0.109375 0.113281
14 0.323242 0.304688 0.089844 0.096354
14 0.300293 0.259766 0.086914 0.095052
14 0.333496 0.091146 0.088867 0.111979
14 0.247559 0.178385 0.086914 0.109375
14 0.240723 0.096354 0.143555 0.174479