0 0.922363 0.092448 0.030273 0.078125
0 0.931152 0.671224 0.028320 0.076823
0 0.931641 0.756510 0.035156 0.085938
0 0.930664 0.831380 0.023438 0.069010
0 0.925293 0.907552 0.030273 0.078125
4 0.680664 0.958333 0.136719 0.075521
4 0.475098 0.853516 0.190430 0.121094
4 0.073242 0.646484 0.130859 0.105469
4 0.369629 0.584635 0.124023 0.096354
4 0.290039 0.556641 0.142578 0.108073
4 0.274414 0.485026 0.117188 0.084635
4 0.203125 0.371745 0.107422 0.147135
0 0.020020 0.072266 0.038086 0.063802
4 0.750488 0.141927 0.086914 0.174479
0 0.132813 0.828125 0.054688 0.054688
0 0.190918 0.857422 0.051758 0.053385
0 0.099121 0.927734 0.045898 0.045573
0 0.063477 0.910807 0.052734 0.050781
0 0.031738 0.889323 0.049805 0.046875