14 0.060059 0.076823 0.069336 0.054688
14 0.242676 0.165365 0.079102 0.065104
14 0.371094 0.224609 0.050781 0.042969
14 0.445313 0.268229 0.056641 0.046875
14 0.840820 0.457682 0.066406 0.053385
14 0.942871 0.518229 0.086914 0.072917
14 0.507324 0.449870 0.069336 0.037760
14 0.487305 0.485026 0.054688 0.037760
14 0.460449 0.548828 0.065430 0.045573
14 0.428711 0.690755 0.072266 0.042969
14 0.393555 0.775391 0.080078 0.053385
14 0.359375 0.345052 0.052734 0.052083
14 0.836914 0.670573 0.050781 0.049479
14 0.767090 0.611328 0.057617 0.058594
14 0.212402 0.270182 0.053711 0.040365
14 0.026855 0.196615 0.053711 0.041667