14 0.265625 0.074219 0.037109 0.078125
14 0.256348 0.223958 0.047852 0.065104
14 0.377441 0.273438 0.028320 0.067708
14 0.236816 0.357422 0.059570 0.063802
14 0.230469 0.398438 0.048828 0.062500
14 0.219727 0.453776 0.056641 0.069010
14 0.208984 0.473958 0.042969 0.065104
14 0.203613 0.513021 0.049805 0.067708
14 0.197266 0.566406 0.050781 0.070313
14 0.325195 0.609375 0.048828 0.096354
14 0.261230 0.813151 0.041992 0.097656
14 0.229004 0.915365 0.043945 0.078125
14 0.132813 0.866536 0.048828 0.069010
14 0.413574 0.486328 0.075195 0.058594
14 0.562012 0.545573 0.075195 0.052083
14 0.590332 0.658203 0.069336 0.053385
14 0.649902 0.681641 0.053711 0.032552
14 0.799805 0.642578 0.054688 0.042969
14 0.858887 0.671875 0.061523 0.052083
14 0.826172 0.765625 0.050781 0.044271
14 0.887207 0.797526 0.053711 0.040365
14 0.926270 0.697917 0.061523 0.046875