11 0.948242 0.106771 0.058594 0.080729
0 0.473633 0.431641 0.037109 0.048177
0 0.192383 0.390625 0.041016 0.052083
0 0.177734 0.414714 0.042969 0.055990
0 0.249512 0.488932 0.047852 0.063802
0 0.175293 0.582682 0.053711 0.061198
0 0.139648 0.616536 0.048828 0.061198
0 0.115234 0.697917 0.037109 0.036458
0 0.097168 0.721354 0.038086 0.046875
4 0.195313 0.827474 0.099609 0.048177
4 0.138672 0.925130 0.103516 0.040365
1 0.144531 0.877604 0.091797 0.039063
2 0.453613 0.459635 0.045898 0.052083
2 0.437012 0.490885 0.047852 0.057292
2 0.422363 0.515625 0.045898 0.054688