3 0.930176 0.800781 0.129883 0.197917
0 0.795898 0.602214 0.048828 0.066406
0 0.735352 0.669271 0.050781 0.072917
0 0.695313 0.675781 0.050781 0.067708
0 0.718750 0.472005 0.046875 0.079427
0 0.702148 0.290365 0.035156 0.062500
0 0.408203 0.066406 0.048828 0.078125
0 0.191895 0.129557 0.053711 0.053385
0 0.215332 0.211589 0.053711 0.071615
0 0.139160 0.398438 0.053711 0.075521
2 0.043457 0.503255 0.057617 0.079427
0 0.249512 0.607422 0.061523 0.074219
0 0.255859 0.713542 0.064453 0.072917
0 0.204590 0.712240 0.053711 0.070313
0 0.156250 0.826172 0.052734 0.076823
0 0.318848 0.770182 0.053711 0.069010
0 0.217773 0.882813 0.054688 0.072917