3 0.816895 0.169271 0.147461 0.151042
0 0.941895 0.138672 0.055664 0.048177
0 0.897949 0.086589 0.055664 0.058594
2 0.234863 0.176432 0.063477 0.058594
0 0.341309 0.223307 0.028320 0.053385
0 0.328613 0.284505 0.034180 0.076823
0 0.319824 0.436849 0.030273 0.082031
0 0.321289 0.515625 0.033203 0.085938
0 0.222656 0.292969 0.058594 0.039063
0 0.217285 0.331380 0.059570 0.040365
0 0.216797 0.445313 0.066406 0.044271
0 0.220215 0.476563 0.055664 0.033854
0 0.223633 0.514323 0.056641 0.041667
0 0.899414 0.955078 0.060547 0.069010