0 0.892090 0.078776 0.041992 0.069010
0 0.958008 0.173828 0.039063 0.069010
0 0.935059 0.240234 0.043945 0.066406
2 0.850586 0.211589 0.050781 0.082031
0 0.824707 0.289063 0.041992 0.072917
0 0.792969 0.381510 0.048828 0.075521
0 0.820313 0.564453 0.042969 0.071615
0 0.750977 0.761068 0.044922 0.082031
0 0.660645 0.756510 0.045898 0.072917
0 0.533691 0.862630 0.055664 0.050781
0 0.355469 0.808594 0.054688 0.054688
2 0.231934 0.757813 0.065430 0.062500
2 0.100098 0.707682 0.077148 0.063802
0 0.054688 0.262370 0.046875 0.071615