11 0.877441 0.493490 0.114258 0.130208
11 0.763672 0.429036 0.083984 0.108073
4 0.623047 0.964193 0.175781 0.071615
4 0.447754 0.692708 0.172852 0.088542
4 0.407227 0.615234 0.179688 0.082031
4 0.372070 0.552734 0.177734 0.084635
4 0.235352 0.349609 0.169922 0.071615
4 0.204102 0.283203 0.177734 0.076823
4 0.128906 0.154297 0.179688 0.082031
2 0.131348 0.602865 0.065430 0.075521
2 0.231445 0.776693 0.068359 0.082031
2 0.257813 0.822266 0.062500 0.074219
2 0.299805 0.893880 0.064453 0.076823
2 0.238281 0.942708 0.064453 0.083333
2 0.057617 0.512370 0.064453 0.087240
2 0.211914 0.962891 0.064453 0.074219