2 0.682617 0.146484 0.074219 0.121094
2 0.641602 0.120443 0.064453 0.115885
2 0.631836 0.444010 0.076172 0.127604
2 0.586426 0.410156 0.079102 0.125000
2 0.490234 0.335938 0.072266 0.127604
2 0.439941 0.311849 0.071289 0.126302
2 0.362793 0.265625 0.075195 0.132813
2 0.316895 0.235677 0.073242 0.122396
2 0.273438 0.208333 0.076172 0.122396
2 0.197754 0.166016 0.073242 0.126302
2 0.111328 0.110026 0.078125 0.128906
2 0.215332 0.391276 0.071289 0.123698
2 0.264648 0.413411 0.074219 0.123698
2 0.391602 0.503255 0.072266 0.123698
2 0.435547 0.539063 0.076172 0.127604
2 0.481445 0.549479 0.074219 0.125000
2 0.564453 0.620443 0.076172 0.131510