1 0.882813 0.040365 0.072266 0.062500
1 0.835449 0.045573 0.075195 0.062500
3 0.787109 0.044922 0.121094 0.079427
3 0.742676 0.050781 0.120117 0.096354
3 0.713867 0.067057 0.119141 0.087240
3 0.678711 0.080078 0.121094 0.097656
3 0.473145 0.057943 0.079102 0.110677
3 0.502441 0.116536 0.079102 0.118490
1 0.539063 0.169271 0.058594 0.088542
3 0.541016 0.236328 0.078125 0.134115
3 0.386719 0.333984 0.091797 0.147135
3 0.367676 0.229818 0.086914 0.136719
3 0.356445 0.202474 0.095703 0.144531
3 0.360352 0.139974 0.060547 0.082031
3 0.317871 0.215495 0.059570 0.087240
3 0.303711 0.169922 0.091797 0.126302
3 0.276367 0.756510 0.058594 0.177083
3 0.212891 0.808594 0.048828 0.114583
3 0.172852 0.807943 0.058594 0.207031
3 0.117188 0.861979 0.048828 0.221354
3 0.050293 0.791667 0.038086 0.122396
3 0.054199 0.914714 0.036133 0.121094
3 0.019043 0.876953 0.034180 0.160156
1 0.028809 0.048828 0.043945 0.061198