4 0.090332 0.375000 0.147461 0.057292
4 0.070801 0.455078 0.106445 0.053385
4 0.286621 0.232422 0.043945 0.139323
4 0.228027 0.242188 0.041992 0.143229
4 0.199707 0.251302 0.038086 0.140625
11 0.485840 0.263021 0.067383 0.057292
11 0.482422 0.333984 0.068359 0.048177
4 0.311523 0.581380 0.091797 0.113281
4 0.323242 0.690755 0.089844 0.110677
4 0.324707 0.754557 0.090820 0.115885
4 0.335938 0.826172 0.093750 0.110677
4 0.336914 0.899089 0.095703 0.118490
3 0.388184 0.667318 0.040039 0.139323
11 0.529297 0.826823 0.062500 0.057292
5 0.706055 0.597005 0.458984 0.542969