14 0.655762 0.196615 0.182617 0.065104
14 0.657227 0.250000 0.152344 0.067708
14 0.707031 0.702474 0.089844 0.061198
14 0.488281 0.243490 0.158203 0.065104
14 0.328125 0.248047 0.156250 0.069010
14 0.168945 0.264323 0.146484 0.067708
14 0.441406 0.388672 0.123047 0.063802
14 0.263672 0.397786 0.128906 0.069010
14 0.086426 0.417318 0.165039 0.082031
14 0.435547 0.517578 0.099609 0.053385
14 0.305664 0.500651 0.083984 0.050781
14 0.445801 0.574219 0.118164 0.062500
14 0.297852 0.557943 0.115234 0.058594
14 0.449707 0.667318 0.081055 0.045573
14 0.445801 0.720703 0.104492 0.055990
14 0.305176 0.669271 0.088867 0.057292
14 0.311523 0.727865 0.109375 0.059896
14 0.309570 0.940104 0.150391 0.119792
14 0.136230 0.839193 0.108398 0.087240