3 0.969238 0.171875 0.043945 0.208333
3 0.931641 0.165365 0.044922 0.203125
3 0.892090 0.161458 0.043945 0.203125
3 0.854492 0.158854 0.046875 0.208333
3 0.775879 0.164714 0.047852 0.204427
3 0.737305 0.184896 0.042969 0.208333
3 0.701172 0.182943 0.044922 0.204427
3 0.669434 0.182292 0.049805 0.205729
3 0.605957 0.185547 0.047852 0.207031
3 0.572266 0.191406 0.048828 0.208333
3 0.536621 0.189453 0.055664 0.204427
3 0.489746 0.199870 0.065430 0.204427
3 0.930664 0.642578 0.119141 0.183594
3 0.907715 0.680339 0.114258 0.173177
3 0.854004 0.724609 0.118164 0.183594
3 0.832031 0.761719 0.123047 0.171875
3 0.784668 0.823568 0.104492 0.194010
3 0.748047 0.844401 0.097656 0.188802
3 0.638184 0.914063 0.106445 0.171875
3 0.398926 0.699219 0.147461 0.096354
3 0.375488 0.143229 0.147461 0.083333
3 0.390137 0.189453 0.145508 0.095052