3 0.735840 0.283203 0.088867 0.058594
3 0.731934 0.324219 0.094727 0.059896
3 0.715820 0.369141 0.126953 0.063802
3 0.649414 0.430339 0.169922 0.074219
3 0.634277 0.266276 0.112305 0.173177
3 0.601563 0.251953 0.111328 0.183594
3 0.493164 0.265625 0.085938 0.190104
3 0.343750 0.288411 0.068359 0.209635
3 0.299316 0.281250 0.071289 0.203125
3 0.260254 0.284505 0.071289 0.209635
3 0.222656 0.292318 0.064453 0.201823
3 0.184570 0.292318 0.060547 0.204427
3 0.086914 0.312500 0.048828 0.208333
3 0.047363 0.313802 0.045898 0.208333
3 0.245117 0.654948 0.066406 0.158854
3 0.215820 0.665365 0.062500 0.161458
3 0.184570 0.692057 0.074219 0.199219
3 0.125977 0.764974 0.056641 0.118490
2 0.913086 0.557943 0.042969 0.095052
2 0.923340 0.643880 0.038086 0.095052
2 0.898438 0.655599 0.042969 0.097656
2 0.840820 0.629557 0.052734 0.095052
2 0.849609 0.832031 0.035156 0.101563
2 0.691895 0.718099 0.047852 0.084635
2 0.532715 0.830729 0.045898 0.085938
1 0.343262 0.949219 0.067383 0.085938