1 0.287598 0.083984 0.100586 0.131510
0 0.243164 0.120443 0.072266 0.087240
1 0.192871 0.214193 0.098633 0.131510
1 0.503418 0.197917 0.098633 0.132813
0 0.601563 0.332682 0.060547 0.087240
1 0.669434 0.417318 0.102539 0.134115
1 0.345703 0.434245 0.095703 0.139323
1 0.375977 0.467448 0.097656 0.140625
1 0.479492 0.589193 0.082031 0.113281
1 0.572266 0.686198 0.091797 0.122396
1 0.355469 0.729818 0.101563 0.139323
0 0.125000 0.744792 0.056641 0.080729
2 0.165527 0.770182 0.079102 0.115885
1 0.197266 0.815755 0.095703 0.139323
1 0.223145 0.863281 0.079102 0.104167
1 0.247070 0.908203 0.082031 0.100260