2 0.385254 0.163411 0.063477 0.084635
2 0.695313 0.189453 0.087891 0.113281
2 0.642578 0.288411 0.105469 0.126302
0 0.608398 0.332031 0.072266 0.091146
1 0.212402 0.082031 0.106445 0.143229
3 0.118164 0.173177 0.119141 0.148438
0 0.390137 0.614583 0.069336 0.083333
1 0.370605 0.682292 0.112305 0.140625
1 0.332520 0.723958 0.108398 0.135417
1 0.305176 0.772135 0.112305 0.138021
1 0.257324 0.801432 0.110352 0.136719
1 0.419922 0.930990 0.099609 0.138021
0 0.958496 0.719401 0.061523 0.089844
0 0.937500 0.875651 0.072266 0.089844