0 0.713867 0.452474 0.046875 0.045573
0 0.721191 0.477214 0.043945 0.037760
0 0.723145 0.503906 0.059570 0.046875
0 0.734375 0.526042 0.050781 0.044271
0 0.763184 0.619792 0.043945 0.049479
0 0.770996 0.671224 0.053711 0.045573
3 0.308594 0.141276 0.171875 0.102865
3 0.167969 0.218099 0.169922 0.108073
3 0.280273 0.363281 0.138672 0.111979
3 0.236328 0.380859 0.146484 0.105469
3 0.541992 0.254557 0.134766 0.110677
3 0.679199 0.177734 0.137695 0.105469
3 0.714355 0.155599 0.124023 0.118490
3 0.765137 0.145182 0.129883 0.121094
1 0.876465 0.110677 0.077148 0.072917
1 0.824707 0.136068 0.077148 0.069010
3 0.238770 0.830078 0.065430 0.149740
3 0.153320 0.872396 0.064453 0.153646