3 0.257813 0.472005 0.158203 0.110677
4 0.236328 0.710286 0.125000 0.092448
3 0.441895 0.805339 0.165039 0.105469
4 0.652344 0.895182 0.140625 0.092448
0 0.465820 0.623047 0.037109 0.076823
0 0.508301 0.645182 0.041992 0.076823
0 0.519531 0.532552 0.050781 0.054688
0 0.543457 0.241536 0.051758 0.040365
0 0.468262 0.276042 0.053711 0.046875
0 0.423340 0.302083 0.051758 0.052083
0 0.282227 0.152995 0.056641 0.042969
0 0.288086 0.187500 0.060547 0.041667
0 0.255859 0.075521 0.050781 0.052083
0 0.428711 0.510417 0.056641 0.075521
0 0.652344 0.703776 0.035156 0.089844
0 0.734375 0.732422 0.037109 0.082031
2 0.773926 0.061198 0.049805 0.088542
3 0.556152 0.382161 0.151367 0.102865
3 0.749512 0.290365 0.157227 0.104167