3 0.097656 0.615885 0.140625 0.239583
0 0.719727 0.780599 0.039063 0.102865
2 0.813965 0.736979 0.047852 0.096354
3 0.758301 0.184245 0.165039 0.118490
3 0.456543 0.331380 0.163086 0.123698
3 0.688965 0.339193 0.163086 0.115885
3 0.768555 0.475260 0.107422 0.239583
3 0.716797 0.486979 0.101563 0.239583
3 0.851074 0.573568 0.174805 0.118490
3 0.617676 0.520833 0.096680 0.221354
3 0.574707 0.525391 0.088867 0.199219
3 0.480957 0.595052 0.108398 0.226563
3 0.428223 0.617188 0.104492 0.229167
3 0.324219 0.679688 0.087891 0.229167
3 0.258301 0.748698 0.092773 0.208333