2 0.536621 0.828125 0.047852 0.096354
2 0.661133 0.763672 0.035156 0.071615
0 0.584961 0.798828 0.037109 0.074219
1 0.317383 0.604818 0.072266 0.136719
3 0.503906 0.158203 0.105469 0.246094
3 0.576660 0.389974 0.088867 0.240885
2 0.614746 0.389323 0.047852 0.104167
3 0.500488 0.432943 0.098633 0.243490
3 0.426270 0.161458 0.104492 0.242188
3 0.400879 0.195313 0.069336 0.148438
3 0.150391 0.242188 0.132813 0.106771
3 0.187500 0.376953 0.134766 0.108073
3 0.205566 0.448568 0.135742 0.110677
3 0.329590 0.835938 0.151367 0.111979
3 0.300293 0.768880 0.135742 0.105469
3 0.803711 0.882161 0.101563 0.233073