4 0.347656 0.583333 0.138672 0.119792
4 0.577148 0.697266 0.136719 0.097656
4 0.212891 0.214193 0.138672 0.115885
4 0.388672 0.315755 0.119141 0.134115
4 0.090332 0.280599 0.122070 0.108073
4 0.228516 0.294922 0.189453 0.152344
4 0.268066 0.393880 0.127930 0.100260
4 0.228516 0.533854 0.125000 0.101563
4 0.597168 0.401042 0.122070 0.117188
4 0.478516 0.475911 0.117188 0.108073
4 0.672363 0.444661 0.129883 0.123698
4 0.555664 0.522786 0.111328 0.097656
4 0.653320 0.561198 0.115234 0.111979
4 0.770508 0.486328 0.132813 0.121094
4 0.706543 0.753906 0.125977 0.106771
4 0.774414 0.716146 0.121094 0.104167
4 0.653320 0.663411 0.126953 0.105469
4 0.936035 0.567057 0.125977 0.136719
4 0.825684 0.645182 0.114258 0.118490