0 0.428223 0.862630 0.049805 0.048177
0 0.437500 0.835286 0.060547 0.050781
0 0.295898 0.794271 0.054688 0.046875
0 0.030273 0.604818 0.060547 0.055990
0 0.086914 0.671224 0.058594 0.048177
0 0.118652 0.703776 0.053711 0.048177
0 0.166016 0.733073 0.052734 0.046875
0 0.210449 0.756510 0.055664 0.044271
0 0.251465 0.773438 0.049805 0.046875
0 0.319336 0.770833 0.056641 0.046875
0 0.499023 0.807292 0.054688 0.049479
0 0.452148 0.794922 0.064453 0.053385
0 0.270020 0.660807 0.047852 0.048177
0 0.221680 0.634115 0.054688 0.044271
0 0.179199 0.609375 0.063477 0.067708
0 0.080566 0.238281 0.038086 0.083333
0 0.469238 0.746745 0.051758 0.050781
0 0.419434 0.731120 0.055664 0.058594
0 0.376465 0.707031 0.055664 0.059896
0 0.325195 0.693359 0.052734 0.050781
4 0.596191 0.877604 0.059570 0.140625
0 0.078613 0.561849 0.053711 0.042969
0 0.128418 0.585938 0.053711 0.041667
0 0.068848 0.634115 0.051758 0.044271
0 0.198730 0.667318 0.047852 0.045573
0 0.310547 0.642578 0.048828 0.037760
0 0.371094 0.671224 0.046875 0.045573
0 0.419434 0.690104 0.057617 0.049479
0 0.465332 0.713542 0.055664 0.044271
0 0.398438 0.769531 0.056641 0.049479
0 0.351563 0.751302 0.056641 0.062500
0 0.309082 0.722656 0.057617 0.054688
0 0.244629 0.417318 0.051758 0.053385
0 0.526367 0.782552 0.042969 0.059896
0 0.277832 0.866536 0.053711 0.050781
0 0.079590 0.346354 0.036133 0.072917
4 0.338867 0.294922 0.085938 0.076823
4 0.415527 0.333984 0.077148 0.074219
4 0.458496 0.274740 0.096680 0.075521
4 0.555664 0.278646 0.109375 0.098958
4 0.532715 0.312500 0.077148 0.075521
4 0.659668 0.204427 0.112305 0.083333
0 0.784180 0.080729 0.050781 0.044271