0 0.567871 0.224609 0.075195 0.102865
0 0.537109 0.261719 0.074219 0.101563
0 0.503906 0.302083 0.074219 0.101563
0 0.465332 0.333984 0.069336 0.100260
0 0.407715 0.414714 0.077148 0.110677
0 0.370117 0.455729 0.070313 0.101563
0 0.340820 0.493490 0.072266 0.096354
0 0.428223 0.546875 0.077148 0.109375
0 0.368652 0.620443 0.073242 0.102865
2 0.174316 0.486979 0.088867 0.114583
2 0.209473 0.525391 0.098633 0.121094
10 0.237793 0.572266 0.092773 0.123698
2 0.260742 0.625000 0.083984 0.096354
2 0.296875 0.654297 0.080078 0.108073
0 0.356445 0.727214 0.078125 0.095052
0 0.393555 0.758464 0.078125 0.102865
0 0.494629 0.744792 0.069336 0.096354
0 0.685547 0.685547 0.068359 0.105469
0 0.797363 0.541667 0.075195 0.114583
0 0.485840 0.471354 0.073242 0.093750
0 0.512695 0.703776 0.072266 0.092448
0 0.569336 0.645182 0.064453 0.079427
0 0.592773 0.605469 0.064453 0.080729