3 0.852539 0.465495 0.242188 0.149740
1 0.919922 0.531901 0.160156 0.126302
1 0.768555 0.580729 0.183594 0.132813
1 0.850586 0.718099 0.244141 0.162760
1 0.838379 0.799479 0.180664 0.127604
1 0.895020 0.938151 0.170898 0.123698
1 0.569824 0.340495 0.104492 0.324219
1 0.504883 0.309896 0.087891 0.226563
3 0.451660 0.360677 0.110352 0.330729
1 0.401367 0.411458 0.123047 0.388021
1 0.339844 0.408854 0.103516 0.348958
1 0.286621 0.449219 0.112305 0.385417
1 0.229492 0.462240 0.105469 0.380208
1 0.166504 0.489583 0.094727 0.335938
1 0.111328 0.497396 0.095703 0.325521
1 0.045898 0.470703 0.078125 0.217448