1 0.920410 0.087240 0.073242 0.169271
1 0.490723 0.214844 0.264648 0.281250
1 0.493652 0.410156 0.157227 0.190104
1 0.460449 0.477214 0.161133 0.188802
1 0.280762 0.414714 0.147461 0.167969
1 0.427246 0.546875 0.163086 0.190104
1 0.247070 0.487630 0.150391 0.157552
1 0.394531 0.613281 0.167969 0.187500
1 0.223145 0.556641 0.166992 0.191406
1 0.322754 0.736979 0.168945 0.210938
1 0.089355 0.839193 0.174805 0.201823
2 0.200195 0.065755 0.091797 0.110677
0 0.108887 0.062500 0.081055 0.098958
0 0.136719 0.221354 0.076172 0.085938