2 0.056152 0.250000 0.041992 0.135417
2 0.113770 0.251953 0.040039 0.139323
2 0.173828 0.251953 0.042969 0.136719
1 0.262695 0.236328 0.044922 0.162760
1 0.303223 0.233073 0.045898 0.166667
1 0.352051 0.235026 0.047852 0.167969
1 0.044434 0.614583 0.051758 0.184896
1 0.098145 0.611979 0.049805 0.190104
1 0.151855 0.611979 0.049805 0.192708
1 0.205078 0.613281 0.048828 0.187500
1 0.258301 0.609375 0.049805 0.192708
1 0.311035 0.608073 0.047852 0.197917
1 0.370605 0.624349 0.047852 0.194010
1 0.425781 0.617188 0.048828 0.187500
1 0.481445 0.620443 0.048828 0.186198
1 0.713379 0.333333 0.110352 0.062500
1 0.701172 0.464844 0.089844 0.054688
1 0.710449 0.529297 0.112305 0.063802
1 0.715332 0.691406 0.116211 0.067708
1 0.728516 0.765625 0.142578 0.072917
1 0.737793 0.920573 0.157227 0.075521
1 0.479980 0.839844 0.053711 0.221354
1 0.424805 0.843750 0.050781 0.218750
1 0.369141 0.840495 0.054688 0.217448
1 0.312500 0.841146 0.052734 0.221354
1 0.258301 0.840495 0.053711 0.214844
1 0.204102 0.842448 0.052734 0.221354
1 0.148926 0.840495 0.053711 0.214844
1 0.096191 0.839193 0.055664 0.214844
1 0.040527 0.839844 0.053711 0.216146