1 0.824219 0.077474 0.121094 0.071615
1 0.835449 0.154948 0.141602 0.072917
1 0.847168 0.307292 0.157227 0.078125
1 0.840332 0.378255 0.141602 0.069010
1 0.851563 0.454427 0.156250 0.075521
1 0.629883 0.664063 0.048828 0.210938
1 0.573242 0.658854 0.046875 0.210938
1 0.464355 0.634115 0.051758 0.161458
1 0.402344 0.620443 0.042969 0.147135
1 0.354004 0.621094 0.041992 0.148438
1 0.258789 0.619792 0.044922 0.145833
1 0.161133 0.619141 0.048828 0.147135
1 0.112793 0.618490 0.041992 0.151042
1 0.062500 0.619141 0.044922 0.154948
1 0.034180 0.891276 0.046875 0.212240
1 0.094238 0.886719 0.055664 0.218750
1 0.158691 0.902995 0.051758 0.194010
1 0.221191 0.897135 0.049805 0.205729
1 0.283203 0.889974 0.052734 0.220052
1 0.349121 0.893229 0.047852 0.213542
1 0.466797 0.895833 0.042969 0.208333
1 0.522949 0.892578 0.055664 0.214844
1 0.638184 0.894531 0.049805 0.210938
1 0.701660 0.897786 0.047852 0.204427
1 0.758301 0.897786 0.049805 0.204427
1 0.816406 0.897786 0.048828 0.204427
0 0.972168 0.813151 0.032227 0.108073
1 0.586914 0.238932 0.050781 0.220052
1 0.530762 0.235677 0.047852 0.218750
1 0.477051 0.238281 0.049805 0.221354
1 0.419922 0.238281 0.052734 0.221354
1 0.365723 0.237630 0.051758 0.217448
1 0.310547 0.236328 0.052734 0.217448
1 0.256348 0.238281 0.051758 0.216146
1 0.203613 0.237630 0.051758 0.212240
1 0.149902 0.235026 0.051758 0.214844
1 0.095215 0.236979 0.053711 0.213542
1 0.038086 0.235677 0.054688 0.221354