1 0.841797 0.079427 0.154297 0.070313
1 0.621094 0.288411 0.048828 0.207031
1 0.563965 0.289714 0.043945 0.204427
1 0.457520 0.263672 0.047852 0.154948
1 0.395508 0.250000 0.042969 0.145833
1 0.345215 0.248698 0.040039 0.148438
1 0.249512 0.251302 0.040039 0.145833
1 0.152832 0.252604 0.043945 0.148438
1 0.102051 0.251302 0.040039 0.151042
1 0.052734 0.249349 0.042969 0.149740
1 0.024902 0.518229 0.049805 0.208333
1 0.085938 0.516927 0.050781 0.216146
1 0.150879 0.533854 0.049805 0.192708
1 0.212891 0.528646 0.050781 0.210938
1 0.276367 0.524089 0.050781 0.225260
1 0.340820 0.523438 0.050781 0.210938
1 0.456543 0.526693 0.045898 0.217448
1 0.515625 0.526042 0.046875 0.221354
1 0.629883 0.527995 0.048828 0.225260
1 0.692383 0.528646 0.048828 0.221354
1 0.750977 0.525391 0.046875 0.212240
1 0.809082 0.523438 0.047852 0.213542
0 0.965820 0.432943 0.031250 0.105469