1 0.915527 0.146484 0.053711 0.220052
1 0.859375 0.147135 0.048828 0.216146
1 0.804199 0.145833 0.051758 0.218750
1 0.748047 0.145833 0.050781 0.223958
1 0.695313 0.145833 0.050781 0.218750
1 0.637695 0.145833 0.052734 0.218750
1 0.583496 0.145833 0.047852 0.218750
1 0.530273 0.145833 0.050781 0.221354
1 0.475586 0.143229 0.054688 0.213542
1 0.419922 0.144531 0.050781 0.218750
1 0.365723 0.145833 0.053711 0.216146
1 0.310059 0.144531 0.055664 0.216146
1 0.962891 0.567057 0.052734 0.209635
1 0.903809 0.569661 0.053711 0.207031
1 0.796875 0.543620 0.050781 0.160156
1 0.734863 0.529948 0.040039 0.143229
1 0.684082 0.529297 0.040039 0.147135
1 0.586914 0.527995 0.044922 0.144531
1 0.490234 0.528646 0.042969 0.148438
1 0.439941 0.527344 0.043945 0.148438
1 0.390625 0.525391 0.046875 0.149740
1 0.340820 0.527344 0.044922 0.151042
1 0.234375 0.539063 0.109375 0.062500
10 0.234375 0.475260 0.111328 0.054688
10 0.227051 0.610677 0.098633 0.054688
1 0.193848 0.819010 0.049805 0.184896
1 0.304688 0.796224 0.054688 0.214844
1 0.367188 0.797526 0.048828 0.217448
1 0.426270 0.797526 0.053711 0.217448
1 0.492188 0.814453 0.050781 0.201823
1 0.555664 0.804688 0.050781 0.213542
1 0.615723 0.803385 0.049805 0.229167
1 0.682129 0.804688 0.051758 0.216146
1 0.800781 0.807292 0.046875 0.218750
1 0.861328 0.809896 0.050781 0.223958
1 0.976563 0.811849 0.046875 0.225260