1 0.201172 0.479167 0.054688 0.218750
2 0.732910 0.084635 0.043945 0.132813
1 0.954590 0.813802 0.043945 0.203125
1 0.900879 0.792969 0.049805 0.158854
1 0.845215 0.804688 0.055664 0.179688
1 0.791016 0.810547 0.054688 0.180990
1 0.704590 0.822266 0.053711 0.199219
1 0.650879 0.817057 0.053711 0.194010
1 0.590332 0.817057 0.049805 0.186198
1 0.535645 0.814453 0.045898 0.188802
1 0.478027 0.810547 0.049805 0.175781
3 0.413574 0.841797 0.053711 0.316406
3 0.361328 0.843750 0.048828 0.312500
3 0.311035 0.845052 0.053711 0.309896
3 0.257324 0.843099 0.051758 0.313802
3 0.201660 0.845052 0.055664 0.309896