1 0.755371 0.254557 0.041992 0.139323
1 0.701172 0.280599 0.056641 0.178385
1 0.596680 0.285156 0.052734 0.179688
1 0.540039 0.302734 0.050781 0.227865
1 0.487305 0.304688 0.058594 0.226563
1 0.431152 0.302734 0.053711 0.220052
1 0.382813 0.296875 0.048828 0.208333
1 0.323242 0.276693 0.058594 0.162760
1 0.270020 0.290365 0.059570 0.177083
1 0.214844 0.294271 0.056641 0.179688
1 0.133789 0.306641 0.050781 0.201823
1 0.079102 0.299479 0.050781 0.190104
1 0.021973 0.305339 0.043945 0.186198
10 0.818359 0.511719 0.050781 0.156250
10 0.762695 0.496745 0.056641 0.196615
1 0.648926 0.507813 0.051758 0.179688
10 0.541016 0.521484 0.052734 0.175781
10 0.479004 0.522786 0.055664 0.170573
10 0.424805 0.547526 0.050781 0.136719
10 0.311523 0.562500 0.048828 0.135417
10 0.252441 0.541667 0.055664 0.182292
10 0.190918 0.552734 0.059570 0.170573
10 0.135742 0.539714 0.056641 0.191406
1 0.080566 0.562500 0.049805 0.166667
10 0.026367 0.558594 0.052734 0.179688