1 0.562500 0.176432 0.050781 0.217448
2 0.659180 0.187500 0.082031 0.114583
2 0.658691 0.352214 0.084961 0.118490
2 0.668945 0.425781 0.074219 0.104167
2 0.667480 0.513021 0.088867 0.114583
2 0.669922 0.599609 0.082031 0.105469
2 0.678711 0.672526 0.082031 0.110677
2 0.680664 0.752604 0.085938 0.106771
2 0.583496 0.425130 0.053711 0.141927
2 0.320313 0.224609 0.097656 0.115885
2 0.300781 0.283854 0.089844 0.101563
2 0.303711 0.375000 0.101563 0.111979
1 0.304688 0.531901 0.119141 0.157552
1 0.212402 0.795573 0.069336 0.164063
2 0.428711 0.527344 0.105469 0.114583
2 0.424805 0.608724 0.091797 0.110677
1 0.428711 0.686849 0.095703 0.115885
2 0.439453 0.768229 0.109375 0.143229
2 0.322266 0.791016 0.105469 0.118490
2 0.340332 0.866536 0.088867 0.115885
2 0.326660 0.937500 0.125977 0.125000
2 0.089844 0.740234 0.087891 0.066406
2 0.100586 0.868490 0.089844 0.065104