1 0.308105 0.180990 0.100586 0.177083
1 0.205566 0.363932 0.098633 0.110677
1 0.186523 0.457682 0.119141 0.141927
1 0.242676 0.481771 0.118164 0.158854
1 0.322754 0.620443 0.120117 0.152344
3 0.222168 0.744141 0.104492 0.141927
0 0.337891 0.723958 0.058594 0.080729
0 0.456543 0.852214 0.051758 0.074219
0 0.374512 0.165365 0.061523 0.075521
0 0.422852 0.238932 0.054688 0.074219
0 0.452637 0.218099 0.053711 0.076823
0 0.548340 0.379557 0.055664 0.084635
0 0.449219 0.091146 0.056641 0.078125
0 0.583496 0.045573 0.053711 0.075521
0 0.723145 0.196615 0.059570 0.078125
0 0.769531 0.139323 0.046875 0.067708
0 0.912109 0.116536 0.054688 0.079427
0 0.898926 0.415365 0.059570 0.085938
0 0.870605 0.554688 0.057617 0.088542
0 0.916504 0.824870 0.051758 0.071615
0 0.858887 0.875000 0.055664 0.083333
0 0.825684 0.900391 0.053711 0.076823