3 0.451172 0.158203 0.199219 0.243490
1 0.528809 0.164063 0.125977 0.153646
1 0.384277 0.326172 0.124023 0.162760
1 0.369141 0.444010 0.125000 0.153646
1 0.597168 0.385417 0.125977 0.156250
1 0.483398 0.517578 0.125000 0.154948
1 0.414063 0.667318 0.123047 0.152344
1 0.293945 0.752604 0.123047 0.164063
0 0.199707 0.852214 0.051758 0.074219
0 0.171875 0.880859 0.058594 0.074219
0 0.615234 0.630859 0.062500 0.092448
0 0.547363 0.713542 0.057617 0.080729
0 0.478027 0.792969 0.053711 0.078125
0 0.584961 0.778646 0.054688 0.075521
0 0.669434 0.699870 0.057617 0.082031
0 0.736328 0.616536 0.048828 0.071615
0 0.736816 0.488932 0.055664 0.082031
0 0.684570 0.286458 0.050781 0.070313
0 0.806152 0.794922 0.051758 0.069010
0 0.920410 0.782552 0.055664 0.078125
0 0.852539 0.860026 0.044922 0.074219
0 0.767090 0.856771 0.051758 0.078125
0 0.546875 0.834635 0.058594 0.083333