1 0.815918 0.126302 0.133789 0.075521
3 0.760254 0.320964 0.184570 0.222656
1 0.833008 0.330729 0.119141 0.145833
1 0.697266 0.481771 0.119141 0.151042
1 0.681641 0.586589 0.117188 0.131510
1 0.153320 0.824219 0.115234 0.132813
1 0.074707 0.519531 0.081055 0.101563
0 0.978516 0.442057 0.042969 0.066406
1 0.897949 0.537760 0.118164 0.138021
1 0.788086 0.658203 0.117188 0.141927
1 0.722168 0.791016 0.116211 0.131510
1 0.612793 0.875000 0.116211 0.153646
0 0.916504 0.762370 0.055664 0.084635
0 0.963379 0.830729 0.053711 0.075521
0 0.848145 0.838542 0.051758 0.070313