1 0.914551 0.199219 0.118164 0.140625
1 0.797852 0.287760 0.119141 0.151042
0 0.712402 0.375651 0.051758 0.071615
0 0.687988 0.408203 0.055664 0.069010
1 0.784180 0.488932 0.123047 0.118490
0 0.897949 0.509766 0.045898 0.061198
1 0.797852 0.807292 0.089844 0.161458
0 0.858887 0.791667 0.047852 0.067708
0 0.928711 0.725911 0.054688 0.069010
0 0.933105 0.842448 0.051758 0.075521
0 0.905273 0.862630 0.050781 0.069010
1 0.347168 0.227214 0.122070 0.131510
1 0.284180 0.361979 0.126953 0.127604
2 0.327637 0.664714 0.065430 0.082031
0 0.973633 0.316406 0.050781 0.067708