11 0.504395 0.589193 0.122070 0.082031
4 0.640625 0.651693 0.226563 0.100260
4 0.655273 0.736328 0.220703 0.105469
4 0.430176 0.770182 0.231445 0.113281
10 0.398438 0.863281 0.117188 0.054688
0 0.533203 0.032552 0.060547 0.057292
0 0.740234 0.169922 0.041016 0.087240
0 0.698242 0.182292 0.039063 0.085938
0 0.707031 0.283203 0.033203 0.084635
0 0.651367 0.188151 0.042969 0.100260
0 0.661621 0.286458 0.038086 0.083333
0 0.605469 0.190755 0.041016 0.097656
0 0.613770 0.277344 0.038086 0.085938
2 0.567383 0.338542 0.039063 0.104167
2 0.562988 0.217448 0.049805 0.135417
0 0.513672 0.207031 0.042969 0.109375
2 0.481445 0.329427 0.050781 0.153646
2 0.474121 0.204427 0.043945 0.106771
2 0.428223 0.226563 0.049805 0.130208
2 0.436523 0.347005 0.041016 0.113281
0 0.337402 0.229167 0.045898 0.098958
2 0.304199 0.358073 0.051758 0.132813
2 0.247070 0.257161 0.044922 0.108073
2 0.204102 0.259766 0.044922 0.105469
2 0.173828 0.365885 0.046875 0.104167