0 0.317871 0.150391 0.102539 0.110677
0 0.318848 0.235026 0.110352 0.118490
0 0.395020 0.230469 0.067383 0.109375
0 0.333008 0.317708 0.095703 0.117188
0 0.471680 0.332031 0.082031 0.127604
0 0.372559 0.373047 0.092773 0.134115
0 0.412598 0.446615 0.092773 0.132813
0 0.528809 0.424479 0.081055 0.098958
0 0.501465 0.535156 0.073242 0.132813
0 0.548340 0.563151 0.067383 0.123698
0 0.590820 0.598958 0.072266 0.145833
0 0.678711 0.434896 0.097656 0.122396
0 0.750000 0.534505 0.072266 0.100260
0 0.836914 0.594401 0.105469 0.092448
0 0.833984 0.653646 0.089844 0.080729
0 0.687988 0.700521 0.053711 0.127604
0 0.781250 0.781250 0.056641 0.127604