2 0.212402 0.085938 0.125977 0.158854
2 0.166992 0.139323 0.119141 0.156250
2 0.124512 0.196615 0.116211 0.156250
2 0.079590 0.256510 0.120117 0.161458
2 0.051758 0.315755 0.111328 0.167969
2 0.568359 0.063151 0.148438 0.126302
2 0.520020 0.124349 0.151367 0.121094
2 0.363281 0.322917 0.177734 0.106771
2 0.330078 0.396484 0.154297 0.123698
2 0.284668 0.468750 0.172852 0.122396
2 0.219238 0.539063 0.182617 0.091146
2 0.117188 0.666016 0.154297 0.115885
1 0.102051 0.748047 0.161133 0.160156
0 0.771973 0.341146 0.067383 0.153646
0 0.609375 0.496094 0.066406 0.153646
0 0.505371 0.615234 0.061523 0.141927
0 0.696777 0.936849 0.098633 0.126302
2 0.642578 0.162760 0.130859 0.184896
2 0.529297 0.304688 0.123047 0.184896
2 0.206055 0.845052 0.144531 0.205729
2 0.687988 0.221354 0.137695 0.197917
1 0.439453 0.540365 0.140625 0.205729
1 0.322754 0.696615 0.145508 0.190104
2 0.245605 0.682292 0.141602 0.197917
2 0.825684 0.309245 0.069336 0.194010
2 0.718262 0.405599 0.079102 0.204427
2 0.661621 0.452474 0.084961 0.207031
2 0.560059 0.602214 0.090820 0.233073
2 0.456543 0.715495 0.081055 0.191406
2 0.417969 0.805990 0.085938 0.226563
2 0.358398 0.839193 0.082031 0.196615
1 0.570313 0.369141 0.125000 0.180990