0 0.470703 0.093099 0.076172 0.097656
1 0.310059 0.529948 0.124023 0.164063
2 0.454590 0.759766 0.102539 0.149740
0 0.522949 0.179688 0.086914 0.104167
0 0.619141 0.180339 0.080078 0.128906
2 0.780273 0.158203 0.078125 0.092448
0 0.508301 0.339193 0.090820 0.105469
0 0.547852 0.218099 0.087891 0.092448
0 0.576172 0.265625 0.083984 0.088542
0 0.673828 0.460938 0.089844 0.088542
0 0.724121 0.559896 0.083008 0.083333
2 0.835449 0.773438 0.081055 0.145833
1 0.645996 0.696615 0.137695 0.130208
2 0.594727 0.666016 0.093750 0.097656
0 0.543945 0.580729 0.074219 0.085938