2 0.071289 0.304688 0.099609 0.075521
0 0.431152 0.664063 0.094727 0.067708
0 0.471680 0.745443 0.091797 0.055990
2 0.507324 0.833333 0.139648 0.091146
0 0.413574 0.942057 0.077148 0.115885
0 0.371582 0.546875 0.104492 0.067708
2 0.355469 0.145182 0.076172 0.157552
2 0.390137 0.244792 0.061523 0.140625
2 0.435059 0.319010 0.057617 0.135417
2 0.554199 0.067057 0.106445 0.076823
2 0.497070 0.438151 0.089844 0.131510
2 0.561035 0.565104 0.049805 0.125000
2 0.604492 0.617188 0.042969 0.119792
2 0.683594 0.504557 0.083984 0.118490
10 0.649902 0.707031 0.047852 0.135417
10 0.713867 0.677083 0.060547 0.171875
0 0.729492 0.425130 0.087891 0.074219
2 0.681152 0.272786 0.098633 0.074219
10 0.635254 0.203776 0.108398 0.069010
0 0.892578 0.070964 0.076172 0.100260
0 0.878418 0.259115 0.069336 0.101563
0 0.954102 0.177083 0.068359 0.111979
10 0.474609 0.133464 0.095703 0.147135