0 0.855469 0.167969 0.066406 0.106771
0 0.781250 0.294271 0.078125 0.109375
0 0.687988 0.378906 0.086914 0.091146
0 0.844238 0.367188 0.086914 0.080729
0 0.889160 0.425130 0.075195 0.076823
2 0.784180 0.501953 0.103516 0.087240
0 0.678223 0.566406 0.090820 0.083333
0 0.573730 0.613281 0.094727 0.065104
0 0.589355 0.417318 0.069336 0.063802
0 0.452637 0.444661 0.079102 0.055990
0 0.357422 0.444661 0.083984 0.050781
0 0.215820 0.438802 0.095703 0.062500
0 0.075684 0.436849 0.081055 0.058594
0 0.170410 0.621094 0.088867 0.059896
0 0.318848 0.633464 0.077148 0.053385