14 0.120117 0.077474 0.089844 0.141927
14 0.216797 0.221354 0.105469 0.161458
14 0.264160 0.267578 0.116211 0.178385
14 0.309082 0.312500 0.108398 0.169271
14 0.341797 0.367839 0.113281 0.170573
14 0.381348 0.413411 0.120117 0.173177
14 0.430176 0.468099 0.108398 0.152344
14 0.465332 0.522786 0.118164 0.170573
14 0.517578 0.559245 0.107422 0.160156
14 0.591309 0.661458 0.108398 0.164063
14 0.643555 0.697917 0.103516 0.153646
14 0.675293 0.757813 0.116211 0.169271
14 0.709961 0.816406 0.109375 0.179688
14 0.756836 0.844401 0.089844 0.131510