14 0.177246 0.036458 0.090820 0.065104
14 0.046387 0.102214 0.092773 0.063802
14 0.074219 0.181641 0.083984 0.071615
14 0.183105 0.080078 0.071289 0.063802
14 0.214355 0.199219 0.075195 0.059896
14 0.088379 0.219401 0.086914 0.069010
14 0.095215 0.266276 0.084961 0.071615
14 0.119629 0.341797 0.077148 0.058594
14 0.127441 0.384115 0.084961 0.065104
14 0.141602 0.425130 0.091797 0.071615
14 0.159668 0.503255 0.090820 0.076823
14 0.182617 0.603516 0.103516 0.087240
14 0.199707 0.650391 0.098633 0.076823
14 0.211914 0.691406 0.099609 0.070313
14 0.222168 0.735677 0.100586 0.067708
14 0.235840 0.783854 0.102539 0.072917
14 0.242188 0.279948 0.087891 0.067708
14 0.266602 0.313802 0.095703 0.065104
14 0.263672 0.360677 0.083984 0.070313
14 0.290527 0.489583 0.077148 0.062500
14 0.311035 0.525391 0.094727 0.071615
14 0.319336 0.565755 0.082031 0.063802
14 0.330566 0.616536 0.079102 0.061198
14 0.340332 0.658854 0.071289 0.059896
14 0.355957 0.702474 0.088867 0.063802
14 0.415527 0.057292 0.102539 0.067708
14 0.442871 0.131510 0.084961 0.065104
14 0.458984 0.171224 0.082031 0.063802
14 0.472168 0.255859 0.090820 0.071615
14 0.495605 0.298177 0.079102 0.054688
14 0.527344 0.475911 0.101563 0.087240
14 0.550293 0.563151 0.102539 0.076823
14 0.585449 0.639974 0.088867 0.076823
14 0.592773 0.699870 0.103516 0.074219
14 0.603027 0.748047 0.096680 0.069010
14 0.620117 0.791016 0.103516 0.079427
14 0.578125 0.096354 0.085938 0.078125
14 0.593750 0.134115 0.091797 0.078125
14 0.622070 0.220703 0.095703 0.076823
14 0.634277 0.269531 0.102539 0.088542
14 0.656738 0.310547 0.114258 0.079427
14 0.703125 0.477865 0.126953 0.083333
14 0.705566 0.531901 0.108398 0.087240
14 0.732422 0.626953 0.101563 0.087240
14 0.754883 0.670573 0.130859 0.080729