14 0.070313 0.368490 0.044922 0.171875
14 0.114258 0.369792 0.042969 0.169271
14 0.161621 0.378906 0.043945 0.164063
14 0.206055 0.365234 0.042969 0.170573
14 0.258789 0.361328 0.050781 0.183594
14 0.308105 0.369141 0.043945 0.188802
14 0.351074 0.372396 0.047852 0.174479
14 0.443359 0.397135 0.048828 0.153646
14 0.492676 0.398438 0.049805 0.169271
14 0.538574 0.406250 0.053711 0.166667
14 0.633301 0.403646 0.065430 0.197917
14 0.678711 0.427083 0.044922 0.171875
14 0.723145 0.449219 0.057617 0.158854
14 0.815430 0.483724 0.058594 0.175781
14 0.860840 0.509115 0.067383 0.164063
14 0.913574 0.518229 0.088867 0.192708