14 0.083984 0.100260 0.095703 0.085938
14 0.102051 0.142578 0.098633 0.079427
14 0.106445 0.189453 0.103516 0.082031
14 0.149902 0.311198 0.084961 0.072917
14 0.185059 0.448568 0.104492 0.084635
14 0.202148 0.502604 0.101563 0.075521
14 0.252930 0.672526 0.097656 0.079427
14 0.261230 0.720052 0.086914 0.078125
14 0.304199 0.901042 0.102539 0.085938
14 0.277344 0.224609 0.078125 0.063802
14 0.269043 0.277995 0.061523 0.053385
14 0.298340 0.306641 0.083008 0.058594
14 0.302734 0.349609 0.074219 0.061198
14 0.312500 0.395182 0.072266 0.058594
14 0.329590 0.430339 0.079102 0.058594
14 0.337891 0.476563 0.078125 0.059896
14 0.349609 0.517578 0.078125 0.066406
14 0.371582 0.600260 0.073242 0.065104
14 0.378906 0.645182 0.076172 0.058594
14 0.405762 0.674479 0.086914 0.065104
14 0.410156 0.720052 0.085938 0.059896
14 0.425781 0.753906 0.087891 0.072917
14 0.458984 0.875000 0.089844 0.070313
14 0.470703 0.037760 0.085938 0.067708
14 0.509766 0.113932 0.066406 0.055990
14 0.531250 0.279948 0.083984 0.070313
14 0.569336 0.366536 0.074219 0.069010
14 0.591797 0.453125 0.089844 0.070313
14 0.596191 0.492839 0.083008 0.074219
14 0.615234 0.522135 0.068359 0.065104
14 0.644043 0.647135 0.086914 0.070313
14 0.659180 0.686849 0.087891 0.074219
14 0.662109 0.736328 0.093750 0.076823
14 0.674805 0.775391 0.099609 0.079427
14 0.731934 0.931641 0.073242 0.058594
14 0.742188 0.967448 0.082031 0.065104
14 0.847168 0.875000 0.077148 0.065104
14 0.835449 0.835938 0.071289 0.062500
14 0.813477 0.748698 0.085938 0.072917
14 0.766602 0.634766 0.066406 0.055990
14 0.759277 0.588542 0.071289 0.059896
14 0.715332 0.425781 0.071289 0.065104
14 0.710938 0.379557 0.085938 0.063802
14 0.643555 0.182943 0.078125 0.053385
14 0.639160 0.142578 0.073242 0.061198
14 0.873535 0.076823 0.086914 0.070313
14 0.942871 0.274740 0.073242 0.062500
14 0.952637 0.310547 0.075195 0.061198
14 0.961426 0.396484 0.077148 0.069010