14 0.040039 0.046875 0.076172 0.070313
14 0.065918 0.126953 0.079102 0.066406
14 0.095703 0.302083 0.099609 0.078125
14 0.158691 0.453125 0.073242 0.065104
14 0.174316 0.537109 0.086914 0.074219
14 0.187012 0.576172 0.073242 0.063802
14 0.212891 0.664714 0.072266 0.069010
14 0.229492 0.748047 0.089844 0.069010
14 0.296875 0.942708 0.078125 0.067708
14 0.425781 0.922526 0.089844 0.071615
14 0.411133 0.885417 0.082031 0.070313
14 0.398438 0.839193 0.078125 0.066406
14 0.361816 0.769531 0.061523 0.049479
14 0.368652 0.712240 0.096680 0.075521
14 0.314453 0.511719 0.091797 0.067708
14 0.281738 0.440104 0.073242 0.065104
14 0.263184 0.352865 0.081055 0.072917
14 0.250977 0.317057 0.082031 0.069010
14 0.245605 0.271484 0.094727 0.066406
14 0.230957 0.235026 0.084961 0.069010
14 0.210449 0.149740 0.084961 0.067708
14 0.200195 0.099609 0.082031 0.069010
14 0.449707 0.119141 0.081055 0.063802
14 0.554688 0.480469 0.083984 0.070313
14 0.567871 0.521484 0.075195 0.058594
14 0.577637 0.561849 0.079102 0.069010
14 0.581543 0.608073 0.090820 0.070313
14 0.601563 0.647786 0.074219 0.066406
14 0.612793 0.692057 0.081055 0.071615
14 0.618164 0.737630 0.083984 0.069010
14 0.633301 0.775391 0.098633 0.071615
14 0.643066 0.816406 0.075195 0.062500
14 0.665039 0.897786 0.083984 0.061198
14 0.620605 0.177734 0.112305 0.082031
14 0.652344 0.313802 0.105469 0.078125
14 0.664063 0.359375 0.101563 0.075521
14 0.670898 0.404948 0.087891 0.078125
14 0.705566 0.498698 0.102539 0.083333
14 0.731445 0.585286 0.109375 0.082031
14 0.741699 0.630859 0.098633 0.082031
14 0.784668 0.801432 0.084961 0.074219
14 0.814941 0.887370 0.114258 0.084635
14 0.845215 0.967448 0.104492 0.065104
14 0.889160 0.156250 0.086914 0.111979
14 0.950195 0.173828 0.097656 0.141927