14 0.940918 0.126302 0.100586 0.114583
14 0.557129 0.066406 0.100586 0.111979
14 0.583984 0.111328 0.115234 0.115885
14 0.635742 0.205729 0.097656 0.109375
14 0.683105 0.308594 0.106445 0.117188
14 0.711914 0.349609 0.101563 0.097656
14 0.806152 0.546875 0.083008 0.085938
14 0.834473 0.600911 0.094727 0.102865
14 0.858887 0.636068 0.102539 0.097656
14 0.422852 0.175130 0.103516 0.105469
14 0.452637 0.229818 0.083008 0.095052
14 0.479004 0.274740 0.086914 0.101563
14 0.514160 0.330078 0.092773 0.102865
14 0.564941 0.410807 0.084961 0.084635
14 0.577148 0.469401 0.103516 0.105469
14 0.673828 0.662760 0.115234 0.114583
14 0.811035 0.904297 0.090820 0.092448
14 0.836914 0.949870 0.093750 0.092448
14 0.455566 0.878255 0.112305 0.118490
14 0.367676 0.739583 0.088867 0.091146
14 0.269531 0.533203 0.101563 0.108073
14 0.222656 0.446615 0.107422 0.114583
14 0.193848 0.407552 0.098633 0.109375
14 0.170898 0.343750 0.095703 0.106771
14 0.194824 0.764974 0.088867 0.102865
14 0.168945 0.718099 0.091797 0.097656
14 0.121582 0.673177 0.129883 0.122396
14 0.091309 0.205078 0.116211 0.113281
14 0.065430 0.162109 0.099609 0.110677
14 0.052246 0.114583 0.104492 0.096354