14 0.171875 0.090495 0.132813 0.131510
14 0.248535 0.254557 0.100586 0.105469
14 0.154785 0.509115 0.104492 0.122396
14 0.181641 0.561849 0.107422 0.121094
14 0.214355 0.603516 0.108398 0.105469
14 0.234375 0.662109 0.126953 0.123698
14 0.264648 0.712240 0.107422 0.117188
14 0.293945 0.774740 0.097656 0.122396
14 0.935547 0.263672 0.119141 0.170573
14 0.716797 0.847005 0.134766 0.134115
14 0.667969 0.718099 0.119141 0.118490
14 0.605469 0.610677 0.128906 0.125000
14 0.451660 0.623698 0.110352 0.117188
14 0.420410 0.561198 0.118164 0.143229
14 0.383301 0.519531 0.112305 0.122396
14 0.339844 0.403646 0.119141 0.135417
14 0.307129 0.361328 0.122070 0.131510
14 0.286133 0.302083 0.134766 0.132813