14 0.620117 0.082682 0.089844 0.097656
14 0.645508 0.132161 0.103516 0.102865
14 0.441895 0.101563 0.100586 0.101563
14 0.467773 0.143229 0.093750 0.098958
14 0.485840 0.204427 0.098633 0.111979
14 0.630859 0.489583 0.093750 0.106771
14 0.748047 0.324870 0.103516 0.118490
14 0.770020 0.379557 0.088867 0.095052
14 0.667969 0.539714 0.095703 0.108073
14 0.926758 0.647786 0.115234 0.110677
14 0.687012 0.594401 0.108398 0.121094
14 0.712402 0.639974 0.094727 0.102865
14 0.731934 0.689453 0.120117 0.115885
14 0.763184 0.729818 0.096680 0.102865
14 0.533203 0.955078 0.089844 0.089844
14 0.463867 0.809245 0.095703 0.102865
14 0.413574 0.702474 0.104492 0.110677
14 0.345703 0.623698 0.076172 0.091146
14 0.301758 0.526042 0.089844 0.098958
14 0.260742 0.410807 0.099609 0.115885
14 0.229004 0.378255 0.088867 0.105469
14 0.198242 0.328776 0.089844 0.102865
14 0.108398 0.478516 0.080078 0.082031
14 0.164551 0.633464 0.098633 0.113281
14 0.228516 0.736328 0.109375 0.105469
14 0.245117 0.786458 0.111328 0.125000