2 0.235840 0.117188 0.094727 0.109375
14 0.276855 0.240885 0.100586 0.111979
14 0.337891 0.333333 0.107422 0.127604
14 0.192383 0.466146 0.111328 0.106771
14 0.228027 0.513672 0.102539 0.110677
14 0.334961 0.702474 0.097656 0.105469
14 0.350098 0.754557 0.108398 0.102865
14 0.395996 0.794271 0.079102 0.088542
14 0.406738 0.850260 0.090820 0.093750
14 0.097656 0.931641 0.097656 0.108073
14 0.501465 0.692708 0.092773 0.098958
14 0.550293 0.780599 0.079102 0.076823
14 0.583496 0.814453 0.094727 0.100260
14 0.646973 0.906250 0.108398 0.114583
14 0.575684 0.110677 0.083008 0.083333
14 0.627930 0.268229 0.097656 0.106771
14 0.688965 0.372396 0.104492 0.109375
14 0.707520 0.419922 0.108398 0.113281
14 0.866699 0.706380 0.108398 0.105469
14 0.884277 0.759115 0.114258 0.109375
14 0.917480 0.797526 0.098633 0.100260
14 0.938477 0.845052 0.097656 0.101563
14 0.923828 0.442057 0.097656 0.110677
14 0.879395 0.339844 0.102539 0.104167
14 0.811523 0.256510 0.078125 0.091146
14 0.765625 0.157552 0.091797 0.098958
14 0.729980 0.050781 0.106445 0.101563