2 0.368164 0.285156 0.095703 0.117188
14 0.336426 0.080078 0.083008 0.123698
14 0.793945 0.128255 0.091797 0.105469
14 0.822266 0.179036 0.093750 0.097656
14 0.857910 0.211589 0.102539 0.110677
14 0.893555 0.326172 0.089844 0.102865
14 0.941895 0.423177 0.084961 0.093750
14 0.705078 0.278646 0.082031 0.088542
14 0.759277 0.434896 0.094727 0.114583
14 0.818848 0.539063 0.108398 0.111979
14 0.838379 0.591797 0.110352 0.118490
14 0.681641 0.945964 0.082031 0.079427
14 0.631836 0.857422 0.089844 0.095052
14 0.525391 0.958984 0.080078 0.082031
14 0.477051 0.918620 0.106445 0.102865
14 0.461914 0.870443 0.093750 0.105469
14 0.469238 0.500000 0.108398 0.125000
14 0.405762 0.412109 0.094727 0.110677
14 0.357422 0.680990 0.099609 0.101563
14 0.320801 0.628255 0.112305 0.118490
14 0.077637 0.809896 0.108398 0.111979
14 0.054688 0.742188 0.105469 0.109375