2 0.557617 0.104167 0.123047 0.098958
1 0.395020 0.160807 0.170898 0.136719
2 0.589355 0.377604 0.120117 0.098958
2 0.618164 0.462891 0.119141 0.095052
10 0.428711 0.440755 0.187500 0.152344
2 0.392578 0.557943 0.103516 0.092448
2 0.517090 0.595703 0.104492 0.089844
2 0.562988 0.674479 0.104492 0.088542
2 0.427246 0.729818 0.122070 0.095052
2 0.560059 0.769531 0.110352 0.091146
2 0.456543 0.821615 0.092773 0.085938
2 0.483887 0.912760 0.106445 0.096354
2 0.699707 0.887370 0.112305 0.089844
2 0.585449 0.855469 0.106445 0.093750
2 0.588379 0.945313 0.108398 0.101563