0 0.336426 0.180339 0.051758 0.113281
0 0.266113 0.246745 0.045898 0.102865
0 0.206055 0.343099 0.041016 0.089844
0 0.453125 0.287760 0.072266 0.062500
0 0.425781 0.329427 0.078125 0.067708
0 0.265137 0.524089 0.071289 0.061198
2 0.900391 0.373047 0.083984 0.092448
0 0.657227 0.485026 0.039063 0.105469
0 0.561523 0.584635 0.039063 0.098958
0 0.532227 0.634766 0.042969 0.095052
0 0.395996 0.781250 0.043945 0.104167
0 0.277344 0.634115 0.080078 0.062500
0 0.224121 0.712891 0.079102 0.066406
0 0.188965 0.753255 0.071289 0.063802
0 0.061523 0.911458 0.082031 0.070313