0 0.702637 0.117839 0.079102 0.063802
0 0.957031 0.113932 0.046875 0.100260
0 0.822266 0.261719 0.048828 0.104167
0 0.726074 0.397135 0.043945 0.109375
2 0.625000 0.486328 0.052734 0.121094
0 0.648926 0.196615 0.079102 0.067708
0 0.612305 0.236328 0.076172 0.063802
0 0.487305 0.393880 0.085938 0.066406
0 0.421875 0.464193 0.078125 0.063802
0 0.499512 0.656901 0.041992 0.108073
0 0.464355 0.695964 0.043945 0.095052
0 0.332520 0.858724 0.043945 0.108073
0 0.296875 0.887370 0.044922 0.100260
0 0.692383 0.423177 0.041016 0.098958