0 0.443848 0.087891 0.084961 0.136719
0 0.569336 0.190104 0.083984 0.127604
0 0.691895 0.304688 0.092773 0.135417
0 0.360840 0.412760 0.090820 0.145833
0 0.442871 0.498698 0.077148 0.140625
0 0.616699 0.638021 0.073242 0.130208
0 0.706543 0.704427 0.073242 0.119792
0 0.512695 0.727865 0.083984 0.135417
0 0.556152 0.754557 0.090820 0.128906
0 0.644531 0.845703 0.082031 0.118490
0 0.694824 0.873698 0.079102 0.138021
0 0.782715 0.947266 0.084961 0.105469
0 0.306641 0.937500 0.082031 0.125000
0 0.083984 0.771484 0.076172 0.131510