14 0.921875 0.395833 0.044922 0.143229
14 0.889160 0.427734 0.053711 0.165365
14 0.847656 0.427083 0.042969 0.151042
14 0.806641 0.444010 0.046875 0.143229
14 0.761719 0.447266 0.048828 0.154948
14 0.771484 0.783203 0.058594 0.175781
14 0.632324 0.510417 0.061523 0.177083
14 0.586914 0.521484 0.056641 0.157552
14 0.536621 0.509766 0.053711 0.167969
14 0.477051 0.578125 0.061523 0.148438
14 0.437500 0.583984 0.056641 0.144531
14 0.375488 0.600911 0.055664 0.144531
14 0.338379 0.618490 0.057617 0.151042
14 0.231445 0.643880 0.052734 0.144531
14 0.164063 0.652344 0.052734 0.151042
14 0.082031 0.794271 0.046875 0.138021
14 0.061523 0.591797 0.054688 0.152344