14 0.737793 0.302083 0.083008 0.101563
14 0.713867 0.345052 0.087891 0.117188
14 0.616211 0.458333 0.066406 0.179688
14 0.556641 0.464193 0.052734 0.173177
14 0.504883 0.479818 0.058594 0.170573
14 0.452148 0.502604 0.046875 0.151042
14 0.408691 0.501953 0.049805 0.170573
14 0.322266 0.501302 0.044922 0.140625
14 0.292480 0.538411 0.055664 0.165365
14 0.245605 0.534505 0.051758 0.147135
14 0.209961 0.549479 0.054688 0.143229
14 0.162598 0.555339 0.061523 0.157552
14 0.036133 0.616536 0.068359 0.183594
14 0.184570 0.885417 0.056641 0.164063