14 0.971191 0.304688 0.057617 0.200521
14 0.918457 0.319661 0.049805 0.170573
14 0.858887 0.317057 0.051758 0.207031
14 0.804199 0.313151 0.061523 0.201823
14 0.676270 0.324870 0.063477 0.225260
14 0.620605 0.348307 0.057617 0.191406
14 0.493652 0.352865 0.055664 0.223958
14 0.441895 0.373698 0.055664 0.190104
14 0.376953 0.369792 0.064453 0.218750
14 0.321289 0.401042 0.056641 0.182292
14 0.259277 0.412109 0.061523 0.180990
14 0.202148 0.442057 0.052734 0.147135
14 0.145508 0.447266 0.046875 0.147135
14 0.959473 0.571615 0.081055 0.221354
14 0.875488 0.557943 0.055664 0.186198
14 0.820801 0.557943 0.053711 0.178385
14 0.761230 0.585938 0.057617 0.216146
14 0.700684 0.581380 0.049805 0.191406
14 0.645020 0.591146 0.051758 0.182292
14 0.521973 0.615885 0.061523 0.179688
14 0.478516 0.628906 0.070313 0.223958
14 0.402344 0.630859 0.056641 0.201823
14 0.345703 0.639974 0.058594 0.183594
14 0.285645 0.653646 0.061523 0.195313
14 0.226563 0.639974 0.066406 0.160156
14 0.067383 0.861979 0.134766 0.117188