14 0.858887 0.116536 0.061523 0.204427
14 0.792969 0.106120 0.050781 0.186198
14 0.742188 0.115885 0.054688 0.184896
14 0.616211 0.136068 0.066406 0.180990
14 0.574707 0.152344 0.069336 0.226563
14 0.500000 0.148438 0.062500 0.197917
14 0.443848 0.158854 0.069336 0.177083
14 0.382813 0.170573 0.066406 0.197917
14 0.330078 0.158854 0.062500 0.169271
14 0.263184 0.180339 0.055664 0.152344
14 0.152344 0.378255 0.154297 0.121094
14 0.153809 0.486328 0.127930 0.095052
14 0.176758 0.585938 0.117188 0.145833
14 0.230469 0.636068 0.140625 0.170573
14 0.280273 0.730469 0.095703 0.213542
14 0.370117 0.722656 0.062500 0.203125
14 0.429199 0.716146 0.065430 0.218750
14 0.495117 0.737630 0.058594 0.183594
14 0.551758 0.709635 0.062500 0.231771
14 0.623535 0.702474 0.051758 0.240885
14 0.670898 0.714844 0.062500 0.208333
14 0.745117 0.703776 0.052734 0.217448
14 0.801758 0.688151 0.060547 0.246094
14 0.868652 0.699870 0.061523 0.199219
14 0.924805 0.688151 0.062500 0.230469