14 0.938477 0.225260 0.054688 0.255208
14 0.821289 0.237630 0.062500 0.246094
14 0.756348 0.244792 0.053711 0.255208
14 0.702637 0.263672 0.063477 0.235677
14 0.634766 0.278646 0.064453 0.218750
14 0.580566 0.276693 0.063477 0.222656
14 0.517090 0.333333 0.051758 0.125000
14 0.469727 0.310547 0.074219 0.186198
14 0.396484 0.304688 0.054688 0.200521
14 0.340820 0.296224 0.054688 0.240885
14 0.269043 0.319661 0.063477 0.220052
14 0.212891 0.319010 0.064453 0.221354
14 0.154297 0.367188 0.058594 0.158854
14 0.097168 0.358724 0.047852 0.201823
14 0.038574 0.380208 0.049805 0.153646
14 0.892578 0.525391 0.054688 0.214844
14 0.837891 0.511068 0.058594 0.173177
14 0.769043 0.534505 0.063477 0.225260
14 0.713867 0.551432 0.056641 0.240885
14 0.649414 0.514323 0.060547 0.161458
14 0.593750 0.526042 0.056641 0.164063
14 0.531250 0.552083 0.068359 0.208333
14 0.481445 0.566406 0.064453 0.218750
14 0.366211 0.571615 0.068359 0.203125
14 0.297363 0.594401 0.065430 0.217448
14 0.241699 0.594401 0.063477 0.222656
14 0.174316 0.594401 0.061523 0.183594
14 0.126465 0.602214 0.069336 0.212240
14 0.057617 0.609375 0.060547 0.187500