14 0.594238 0.386719 0.061523 0.145833
14 0.424805 0.384766 0.066406 0.212240
14 0.359863 0.423177 0.055664 0.153646
14 0.307617 0.419271 0.062500 0.187500
14 0.245117 0.432943 0.052734 0.178385
14 0.199219 0.460938 0.052734 0.148438
14 0.087891 0.485026 0.048828 0.147135
14 0.045410 0.696615 0.055664 0.158854
14 0.157227 0.707031 0.083984 0.208333
14 0.272949 0.670573 0.061523 0.179688
14 0.334961 0.656250 0.044922 0.151042
14 0.504395 0.628906 0.051758 0.166667
14 0.567871 0.616536 0.067383 0.162760
14 0.622559 0.603516 0.047852 0.165365