14 0.804688 0.162109 0.095703 0.154948
14 0.717285 0.145182 0.053711 0.165365
14 0.660156 0.123047 0.041016 0.121094
14 0.606934 0.111328 0.053711 0.144531
14 0.565430 0.095703 0.044922 0.126302
14 0.517578 0.121094 0.050781 0.161458
14 0.205566 0.158854 0.051758 0.177083
14 0.155273 0.172526 0.050781 0.167969
14 0.064941 0.208984 0.055664 0.188802
14 0.322266 0.393229 0.103516 0.062500
14 0.304688 0.464193 0.119141 0.079427
14 0.297852 0.521484 0.119141 0.058594
14 0.294434 0.597656 0.114258 0.072917
14 0.272461 0.661458 0.134766 0.088542
14 0.250000 0.826172 0.132813 0.079427
14 0.444824 0.466797 0.055664 0.162760
14 0.413574 0.722656 0.063477 0.195313
14 0.482910 0.731771 0.053711 0.184896
14 0.525391 0.718099 0.054688 0.160156
14 0.580078 0.727214 0.054688 0.134115
14 0.688477 0.780599 0.082031 0.180990
14 0.746582 0.796875 0.067383 0.182292
14 0.806641 0.791667 0.066406 0.166667
14 0.869629 0.801432 0.061523 0.154948
14 0.927734 0.845052 0.068359 0.200521
14 0.502441 0.494792 0.049805 0.138021
14 0.537598 0.493490 0.051758 0.169271
14 0.604492 0.514323 0.058594 0.140625
14 0.661621 0.501302 0.063477 0.187500
14 0.726563 0.527344 0.060547 0.177083
14 0.783691 0.555990 0.051758 0.140625
14 0.903320 0.568359 0.052734 0.183594
14 0.966309 0.596354 0.067383 0.153646