14 0.925293 0.421224 0.086914 0.191406
14 0.848633 0.425130 0.044922 0.162760
14 0.791504 0.416667 0.063477 0.138021
14 0.609863 0.341797 0.059570 0.194010
14 0.553223 0.329427 0.065430 0.164063
14 0.485352 0.318359 0.052734 0.160156
14 0.431152 0.305339 0.055664 0.139323
14 0.364746 0.274740 0.057617 0.171875
14 0.312988 0.259766 0.057617 0.186198
14 0.182129 0.236979 0.061523 0.169271
14 0.066406 0.191406 0.058594 0.200521
14 0.033691 0.442708 0.065430 0.153646
14 0.150391 0.491536 0.083984 0.186198
14 0.393555 0.555339 0.058594 0.139323
14 0.449707 0.577474 0.065430 0.157552
14 0.510254 0.583333 0.065430 0.177083
14 0.565918 0.609375 0.059570 0.135417
14 0.637695 0.609375 0.058594 0.132813
14 0.686523 0.628906 0.050781 0.156250
14 0.812500 0.666667 0.064453 0.132813
14 0.880371 0.677083 0.065430 0.174479