0 0.588867 0.115885 0.109375 0.091146
14 0.917969 0.632813 0.060547 0.164063
14 0.872559 0.616536 0.073242 0.165365
14 0.819824 0.616536 0.059570 0.173177
14 0.778320 0.598958 0.060547 0.153646
14 0.729004 0.611979 0.065430 0.190104
14 0.688965 0.593750 0.065430 0.164063
14 0.646973 0.579427 0.057617 0.161458
14 0.587402 0.528646 0.073242 0.182292
14 0.531738 0.550130 0.055664 0.186198
14 0.495605 0.511068 0.055664 0.152344
14 0.432617 0.481771 0.058594 0.148438
14 0.341797 0.493490 0.052734 0.177083