0 0.251465 0.160807 0.110352 0.162760
0 0.198242 0.225911 0.111328 0.154948
0 0.311035 0.113932 0.102539 0.157552
0 0.437012 0.388672 0.122070 0.162760
0 0.365234 0.602865 0.123047 0.158854
0 0.316406 0.512370 0.123047 0.149740
0 0.122559 0.876302 0.135742 0.158854
0 0.461914 0.533203 0.113281 0.152344
0 0.717773 0.065104 0.115234 0.130208
0 0.750977 0.194661 0.134766 0.082031
0 0.740234 0.287760 0.146484 0.096354
2 0.722656 0.458333 0.140625 0.093750
0 0.738281 0.560547 0.117188 0.087240
0 0.725586 0.749349 0.140625 0.095052
0 0.716309 0.927734 0.124023 0.087240