0 0.197266 0.128255 0.099609 0.201823
0 0.253906 0.360677 0.093750 0.164063
0 0.304688 0.551432 0.078125 0.144531
0 0.361328 0.742188 0.085938 0.156250
0 0.413086 0.128906 0.097656 0.182292
0 0.466309 0.343099 0.084961 0.183594
0 0.524414 0.554688 0.087891 0.161458
0 0.736328 0.527995 0.099609 0.128906
0 0.758789 0.610677 0.109375 0.140625
0 0.758789 0.711589 0.117188 0.165365
0 0.794922 0.794271 0.115234 0.151042
0 0.682129 0.232422 0.094727 0.144531
0 0.659180 0.139974 0.105469 0.136719
0 0.631348 0.068359 0.108398 0.134115