0 0.095703 0.066406 0.117188 0.078125
2 0.063965 0.179036 0.073242 0.170573
2 0.137695 0.190104 0.062500 0.179688
0 0.200195 0.200521 0.054688 0.156250
2 0.258301 0.189453 0.055664 0.170573
2 0.316895 0.194010 0.055664 0.177083
2 0.380859 0.190755 0.064453 0.167969
2 0.970215 0.598958 0.059570 0.174479
2 0.971680 0.803385 0.056641 0.190104
2 0.832520 0.785807 0.057617 0.178385
2 0.722168 0.804688 0.153320 0.091146
2 0.705078 0.703776 0.132813 0.089844
0 0.572754 0.617188 0.057617 0.158854
0 0.574707 0.458333 0.059570 0.164063
2 0.492676 0.646484 0.061523 0.180990
2 0.496582 0.472656 0.063477 0.179688
2 0.431641 0.479818 0.060547 0.175781
2 0.358398 0.654948 0.072266 0.195313
2 0.365234 0.448568 0.062500 0.173177
2 0.301758 0.437500 0.056641 0.174479
2 0.240234 0.435547 0.070313 0.167969
2 0.177246 0.442057 0.069336 0.183594
2 0.118652 0.438802 0.075195 0.171875
10 0.048340 0.429688 0.083008 0.197917
0 0.908203 0.577474 0.056641 0.152344
2 0.846191 0.613932 0.057617 0.167969
1 0.902344 0.777344 0.076172 0.242188