0 0.236328 0.143880 0.083984 0.139323
2 0.411621 0.130208 0.088867 0.177083
2 0.454102 0.213542 0.082031 0.187500
0 0.343262 0.336589 0.063477 0.160156
0 0.405273 0.375000 0.056641 0.166667
2 0.304199 0.462891 0.118164 0.100260
2 0.458008 0.610026 0.109375 0.095052
2 0.345215 0.563802 0.116211 0.096354
10 0.597656 0.655599 0.148438 0.141927
0 0.503418 0.790365 0.073242 0.156250
0 0.655762 0.864583 0.075195 0.161458
2 0.948242 0.533203 0.062500 0.196615
10 0.513672 0.269531 0.085938 0.190104
10 0.576172 0.298177 0.078125 0.192708
10 0.636230 0.315104 0.069336 0.192708
0 0.768555 0.082031 0.058594 0.158854
2 0.885742 0.085286 0.054688 0.170573
2 0.947266 0.083333 0.058594 0.166667
2 0.696289 0.320313 0.064453 0.171875
2 0.754883 0.328125 0.066406 0.182292
2 0.817871 0.324870 0.057617 0.173177
2 0.876953 0.325521 0.056641 0.166667
2 0.941895 0.332031 0.053711 0.169271