0 0.225098 0.445313 0.104492 0.171875
0 0.129395 0.654297 0.083008 0.144531
0 0.237793 0.854167 0.061523 0.164063
0 0.301270 0.895182 0.057617 0.160156
2 0.304688 0.639974 0.087891 0.199219
2 0.354980 0.727214 0.083008 0.194010
10 0.410645 0.774740 0.086914 0.200521
10 0.477051 0.797526 0.084961 0.201823
10 0.534668 0.815104 0.083008 0.200521
2 0.596191 0.822917 0.075195 0.184896
2 0.658203 0.826823 0.070313 0.192708
2 0.717773 0.821615 0.060547 0.182292
2 0.780273 0.818359 0.058594 0.175781
2 0.843750 0.827474 0.058594 0.175781
2 0.907227 0.864583 0.056641 0.171875
2 0.973145 0.848307 0.053711 0.175781
0 0.900391 0.134115 0.054688 0.148438
2 0.829590 0.134115 0.079102 0.171875
0 0.762695 0.135417 0.078125 0.166667
0 0.677246 0.141276 0.090820 0.134115
0 0.606445 0.167318 0.093750 0.128906
0 0.556641 0.220052 0.113281 0.122396
0 0.508301 0.266276 0.102539 0.115885
0 0.468750 0.333333 0.117188 0.106771
0 0.420410 0.401042 0.106445 0.075521
2 0.450684 0.513672 0.116211 0.144531
2 0.542480 0.561849 0.077148 0.173177
2 0.613770 0.565755 0.065430 0.175781
0 0.670898 0.570964 0.048828 0.149740
2 0.730957 0.565755 0.065430 0.165365
2 0.787598 0.567708 0.051758 0.171875
2 0.850586 0.563151 0.060547 0.175781
0 0.571289 0.444010 0.119141 0.080729
0 0.606934 0.364583 0.116211 0.075521
0 0.681152 0.277344 0.104492 0.078125
0 0.951660 0.276042 0.096680 0.078125