2 0.189941 0.143229 0.098633 0.104167
2 0.181152 0.225260 0.108398 0.106771
2 0.179199 0.303385 0.100586 0.101563
2 0.176270 0.397786 0.108398 0.121094
2 0.169922 0.483724 0.113281 0.113281
2 0.158203 0.569010 0.109375 0.109375
2 0.148438 0.654297 0.105469 0.115885
2 0.145996 0.744141 0.114258 0.115885
2 0.139160 0.835286 0.124023 0.123698
2 0.136230 0.923177 0.127930 0.122396
10 0.296387 0.932292 0.071289 0.135417
2 0.690918 0.841797 0.102539 0.121094
2 0.703613 0.756510 0.112305 0.127604
0 0.685547 0.649740 0.095703 0.127604
0 0.700684 0.574219 0.098633 0.114583
0 0.715820 0.493490 0.089844 0.111979
2 0.723145 0.408854 0.110352 0.119792
2 0.726563 0.323568 0.105469 0.118490
2 0.737305 0.239583 0.105469 0.109375
2 0.744141 0.143229 0.113281 0.119792
2 0.744141 0.059896 0.115234 0.117188
0 0.543457 0.115885 0.100586 0.067708
0 0.542969 0.188802 0.099609 0.072917
0 0.537109 0.260417 0.099609 0.065104
0 0.532715 0.330078 0.098633 0.079427
0 0.391113 0.050130 0.096680 0.069010
0 0.388184 0.123047 0.090820 0.066406
0 0.392578 0.234375 0.105469 0.067708
0 0.384277 0.311198 0.112305 0.075521