0 0.241211 0.089193 0.109375 0.100260
0 0.239258 0.167318 0.101563 0.100260
0 0.236328 0.248698 0.111328 0.096354
0 0.215332 0.423828 0.092773 0.108073
0 0.203613 0.518880 0.083008 0.097656
0 0.188965 0.687500 0.092773 0.098958
0 0.187500 0.763672 0.085938 0.095052
0 0.167969 0.853516 0.076172 0.084635
0 0.180664 0.921875 0.093750 0.091146
0 0.366211 0.961589 0.095703 0.069010
0 0.376953 0.888672 0.103516 0.071615
0 0.377441 0.816406 0.104492 0.070313
0 0.391602 0.746745 0.103516 0.074219
0 0.390625 0.673177 0.103516 0.072917
0 0.405273 0.597005 0.119141 0.074219
0 0.412598 0.524089 0.104492 0.074219
0 0.409180 0.444010 0.105469 0.070313
0 0.416504 0.369792 0.104492 0.057292
0 0.429688 0.289063 0.109375 0.072917
0 0.427246 0.223307 0.100586 0.066406
0 0.436523 0.146484 0.103516 0.066406
0 0.577148 0.103516 0.107422 0.084635
0 0.569336 0.245443 0.091797 0.061198
0 0.560547 0.315755 0.103516 0.074219
0 0.554688 0.395182 0.097656 0.066406
0 0.542480 0.462891 0.110352 0.074219
0 0.538086 0.545573 0.097656 0.072917
0 0.762695 0.171875 0.111328 0.070313
0 0.756836 0.246745 0.109375 0.076823
0 0.748535 0.322266 0.112305 0.074219
0 0.743652 0.396484 0.110352 0.069010
0 0.737793 0.473958 0.100586 0.070313
0 0.730957 0.543620 0.098633 0.074219
0 0.724609 0.625651 0.095703 0.063802
0 0.724121 0.695313 0.104492 0.072917
2 0.733398 0.810547 0.107422 0.115885
2 0.723633 0.889323 0.109375 0.138021