14 0.720703 0.061849 0.044922 0.113281
14 0.691406 0.057943 0.037109 0.113281
14 0.826172 0.813802 0.050781 0.164063
14 0.781738 0.827474 0.055664 0.162760
14 0.717285 0.822266 0.040039 0.160156
14 0.676270 0.795573 0.051758 0.171875
14 0.635742 0.822266 0.033203 0.144531
14 0.605469 0.840495 0.033203 0.141927
14 0.567383 0.820313 0.054688 0.148438
14 0.454590 0.832682 0.041992 0.149740
14 0.417480 0.840495 0.040039 0.147135
14 0.343262 0.860677 0.043945 0.153646
14 0.307617 0.855469 0.042969 0.138021
14 0.266113 0.819010 0.053711 0.153646
14 0.221680 0.833984 0.042969 0.162760
14 0.187500 0.838542 0.044922 0.158854
14 0.144531 0.822917 0.052734 0.148438
14 0.411621 0.460938 0.053711 0.158854
14 0.424316 0.613932 0.059570 0.147135
14 0.329590 0.472656 0.061523 0.182292
14 0.343262 0.653646 0.057617 0.161458