14 0.202148 0.305339 0.218750 0.162760
14 0.164551 0.399089 0.221680 0.154948
14 0.127930 0.516927 0.191406 0.130208
14 0.113281 0.606120 0.210938 0.141927
14 0.781738 0.150391 0.172852 0.102865
14 0.784668 0.243490 0.198242 0.138021
14 0.767090 0.326823 0.141602 0.106771
14 0.729004 0.407552 0.172852 0.148438
14 0.726563 0.499349 0.154297 0.115885
14 0.702148 0.593099 0.164063 0.134115
14 0.708496 0.679036 0.145508 0.105469
14 0.673828 0.754557 0.177734 0.154948
14 0.664063 0.830078 0.158203 0.126302
14 0.615234 0.911458 0.197266 0.140625