14 0.309570 0.119141 0.195313 0.136719
14 0.277344 0.255859 0.232422 0.178385
14 0.268555 0.342448 0.212891 0.151042
14 0.907715 0.133464 0.172852 0.128906
14 0.861328 0.198568 0.199219 0.134115
14 0.855957 0.408854 0.170898 0.135417
14 0.835449 0.478516 0.178711 0.115885
14 0.815918 0.553385 0.174805 0.114583
14 0.780273 0.638021 0.201172 0.114583
14 0.791992 0.716146 0.162109 0.093750
14 0.760742 0.854167 0.166016 0.098958
14 0.749512 0.927083 0.163086 0.109375
14 0.204102 0.587891 0.234375 0.170573
14 0.157715 0.733724 0.239258 0.180990
14 0.131348 0.827474 0.211914 0.147135