14 0.524414 0.063151 0.052734 0.126302
14 0.468262 0.081380 0.067383 0.141927
14 0.254395 0.182943 0.206055 0.147135
14 0.689453 0.223958 0.115234 0.075521
14 0.526367 0.223958 0.121094 0.098958
14 0.558105 0.266276 0.086914 0.074219
14 0.724609 0.293620 0.144531 0.095052
14 0.570313 0.400391 0.101563 0.076823
14 0.741699 0.410156 0.124023 0.088542
14 0.583496 0.463542 0.106445 0.093750
14 0.753906 0.475260 0.134766 0.096354
14 0.595703 0.531250 0.107422 0.067708
14 0.611328 0.597656 0.093750 0.075521
14 0.751465 0.544922 0.102539 0.071615
14 0.798340 0.741536 0.118164 0.074219
14 0.643066 0.794922 0.112305 0.074219
14 0.816895 0.816406 0.127930 0.093750
14 0.648438 0.858724 0.126953 0.069010
14 0.659180 0.920573 0.128906 0.083333
14 0.146973 0.399740 0.141602 0.088542
14 0.306641 0.290365 0.138672 0.083333
14 0.296875 0.354818 0.095703 0.076823
14 0.185059 0.533203 0.092773 0.082031
14 0.306641 0.427083 0.099609 0.070313
14 0.331055 0.483724 0.121094 0.079427
14 0.323730 0.560547 0.079102 0.069010
14 0.350098 0.618490 0.114258 0.083333
14 0.214844 0.732422 0.113281 0.074219
14 0.212891 0.801432 0.128906 0.095052
14 0.393066 0.822917 0.127930 0.080729
14 0.403809 0.883464 0.120117 0.074219
14 0.422363 0.949219 0.139648 0.080729
14 0.220703 0.929036 0.138672 0.100260
14 0.248047 0.864583 0.091797 0.065104