14 0.419434 0.163411 0.112305 0.087240
14 0.298340 0.312500 0.135742 0.117188
14 0.317383 0.403646 0.148438 0.117188
14 0.470703 0.263672 0.117188 0.097656
14 0.491211 0.322917 0.130859 0.111979
14 0.360840 0.468750 0.098633 0.088542
14 0.374023 0.517578 0.097656 0.074219
14 0.492676 0.401042 0.100586 0.085938
14 0.512695 0.442708 0.109375 0.093750
14 0.384766 0.591797 0.107422 0.095052
14 0.522949 0.513672 0.088867 0.076823
14 0.541504 0.564453 0.100586 0.084635
14 0.553223 0.632813 0.102539 0.088542
14 0.574219 0.673828 0.107422 0.092448
14 0.419434 0.706380 0.114258 0.105469
14 0.449707 0.744141 0.079102 0.071615
14 0.577148 0.749349 0.082031 0.074219
14 0.602051 0.794271 0.100586 0.088542
14 0.448242 0.811849 0.097656 0.074219
14 0.463867 0.866536 0.099609 0.084635
14 0.621094 0.858724 0.113281 0.092448
14 0.470703 0.943359 0.117188 0.100260
14 0.757324 0.545573 0.124023 0.096354
14 0.780762 0.586589 0.086914 0.079427
14 0.797363 0.645182 0.084961 0.071615
14 0.800293 0.707031 0.106445 0.091146
14 0.822754 0.772786 0.116211 0.095052
14 0.850586 0.886719 0.099609 0.080729
14 0.876465 0.932943 0.073242 0.071615
14 0.864258 0.413411 0.089844 0.076823
14 0.879883 0.468750 0.074219 0.075521
14 0.915039 0.518880 0.123047 0.100260
14 0.924805 0.578776 0.103516 0.087240
14 0.944336 0.708333 0.082031 0.083333
14 0.959961 0.750000 0.080078 0.083333