14 0.682129 0.304688 0.077148 0.101563
14 0.911621 0.807292 0.090820 0.059896
14 0.936523 0.862630 0.085938 0.048177
14 0.945801 0.902344 0.092773 0.070313
14 0.957031 0.953125 0.082031 0.054688
14 0.479492 0.121745 0.087891 0.079427
14 0.495605 0.179688 0.075195 0.072917
14 0.529297 0.227865 0.119141 0.098958
14 0.543457 0.287760 0.104492 0.093750
14 0.565430 0.414063 0.083984 0.088542
14 0.580566 0.458984 0.090820 0.092448
14 0.605957 0.516927 0.096680 0.096354
14 0.617676 0.580729 0.100586 0.083333
14 0.684570 0.801432 0.115234 0.105469
14 0.710449 0.926432 0.092773 0.074219
14 0.367676 0.249349 0.116211 0.095052
14 0.389648 0.308594 0.085938 0.085938
14 0.410156 0.353516 0.087891 0.071615
14 0.419434 0.419922 0.094727 0.087240
14 0.436035 0.477865 0.110352 0.096354
14 0.465332 0.595703 0.104492 0.089844
14 0.496582 0.643880 0.067383 0.074219
14 0.499023 0.712891 0.123047 0.092448
14 0.514648 0.754557 0.103516 0.100260
14 0.538574 0.820313 0.088867 0.083333
14 0.549805 0.882161 0.099609 0.087240
14 0.106445 0.108724 0.103516 0.095052
14 0.130859 0.152344 0.103516 0.085938
14 0.141602 0.216797 0.091797 0.079427
14 0.159668 0.272135 0.104492 0.088542
14 0.172852 0.339844 0.103516 0.088542
14 0.191406 0.376302 0.109375 0.101563
14 0.192871 0.454427 0.083008 0.075521
14 0.217773 0.505208 0.099609 0.091146
14 0.235352 0.562500 0.109375 0.096354
14 0.263672 0.679036 0.103516 0.084635
14 0.299316 0.803385 0.100586 0.091146
14 0.315918 0.852214 0.094727 0.095052
14 0.328613 0.918620 0.100586 0.087240
14 0.064453 0.457031 0.076172 0.078125
14 0.060547 0.524089 0.099609 0.079427
14 0.077148 0.572266 0.107422 0.108073
14 0.087891 0.654297 0.117188 0.105469
14 0.125000 0.768880 0.103516 0.097656
14 0.125000 0.817057 0.123047 0.108073