14 0.878906 0.195313 0.087891 0.057292
14 0.902344 0.244141 0.085938 0.050781
14 0.915039 0.288411 0.091797 0.071615
14 0.926758 0.335286 0.097656 0.055990
14 0.944336 0.371094 0.082031 0.057292
14 0.953613 0.423828 0.090820 0.063802
14 0.652832 0.192057 0.116211 0.097656
14 0.677734 0.319010 0.082031 0.070313
14 0.689941 0.375651 0.094727 0.074219
14 0.706543 0.432292 0.084961 0.072917
14 0.722168 0.492188 0.096680 0.083333
14 0.740234 0.541667 0.089844 0.072917
14 0.460938 0.039714 0.078125 0.076823
14 0.467773 0.110677 0.128906 0.093750
14 0.483887 0.156250 0.104492 0.101563
14 0.508301 0.213542 0.090820 0.085938
14 0.519531 0.274740 0.099609 0.083333
14 0.560059 0.383464 0.079102 0.069010
14 0.564453 0.444661 0.107422 0.115885
14 0.595215 0.490885 0.077148 0.080729
14 0.607910 0.550130 0.086914 0.079427
14 0.627930 0.598958 0.085938 0.075521
14 0.234863 0.074870 0.104492 0.082031
14 0.270508 0.196615 0.109375 0.096354
14 0.287598 0.247396 0.100586 0.098958
14 0.296875 0.318359 0.099609 0.071615
14 0.308105 0.375000 0.096680 0.083333
14 0.312988 0.429688 0.069336 0.057292
14 0.338379 0.481120 0.100586 0.084635
14 0.356445 0.548177 0.095703 0.091146
14 0.362793 0.610677 0.077148 0.078125
14 0.384277 0.666667 0.088867 0.080729
14 0.384766 0.720052 0.070313 0.065104
14 0.057617 0.046875 0.115234 0.093750
14 0.095215 0.162109 0.100586 0.105469
14 0.096191 0.204427 0.116211 0.104167
14 0.151855 0.386719 0.088867 0.088542
14 0.172852 0.511719 0.111328 0.096354
14 0.207520 0.555990 0.079102 0.072917
14 0.227051 0.675130 0.094727 0.087240
14 0.238770 0.740885 0.124023 0.109375