14 0.094238 0.499349 0.045898 0.115885
14 0.158203 0.481771 0.050781 0.109375
14 0.102051 0.666667 0.049805 0.138021
14 0.136719 0.649740 0.042969 0.122396
14 0.208008 0.659505 0.044922 0.162760
14 0.241699 0.641927 0.041992 0.153646
14 0.285645 0.655599 0.041992 0.180990
14 0.323730 0.655599 0.047852 0.188802
14 0.370605 0.635417 0.051758 0.169271
14 0.457031 0.627604 0.054688 0.177083
14 0.270020 0.447917 0.040039 0.151042
14 0.304688 0.447917 0.033203 0.151042
14 0.337402 0.440755 0.043945 0.157552
14 0.395996 0.432943 0.041992 0.162760
14 0.428223 0.427083 0.038086 0.151042
14 0.463379 0.427734 0.045898 0.147135
14 0.503906 0.608073 0.050781 0.148438
14 0.494629 0.419922 0.045898 0.165365
14 0.532227 0.409505 0.048828 0.152344
14 0.582031 0.617839 0.056641 0.188802
14 0.626953 0.608073 0.050781 0.182292
14 0.564453 0.398438 0.037109 0.138021
14 0.598145 0.398438 0.049805 0.156250
14 0.667480 0.385417 0.038086 0.171875
14 0.673828 0.600260 0.056641 0.190104
14 0.712402 0.575521 0.047852 0.148438
14 0.757324 0.582031 0.051758 0.177083
14 0.702148 0.363932 0.048828 0.167969
14 0.740234 0.354167 0.039063 0.153646
14 0.774414 0.345703 0.048828 0.178385
14 0.799805 0.568359 0.050781 0.167969
14 0.845215 0.555990 0.047852 0.166667
14 0.889648 0.559896 0.048828 0.177083
14 0.933105 0.576172 0.040039 0.222656
14 0.817383 0.339844 0.058594 0.171875
14 0.854980 0.354167 0.047852 0.132813
14 0.892090 0.334635 0.047852 0.171875
14 0.939941 0.331380 0.053711 0.162760
14 0.970703 0.327474 0.056641 0.170573