14 0.636719 0.069010 0.107422 0.052083
14 0.630859 0.113281 0.091797 0.046875
14 0.641113 0.223307 0.108398 0.050781
14 0.642090 0.295573 0.106445 0.059896
14 0.648926 0.349609 0.125977 0.058594
14 0.655762 0.399089 0.122070 0.063802
14 0.665527 0.462891 0.135742 0.076823
14 0.662109 0.528646 0.128906 0.065104
14 0.660156 0.581380 0.128906 0.035156
14 0.651367 0.621094 0.113281 0.052083
14 0.676270 0.669271 0.161133 0.065104
14 0.664551 0.729818 0.131836 0.063802
14 0.661621 0.782552 0.125977 0.067708
14 0.661133 0.850260 0.119141 0.075521
14 0.535645 0.532552 0.051758 0.187500
14 0.490234 0.552083 0.048828 0.169271
14 0.448730 0.563151 0.047852 0.167969
14 0.407227 0.564453 0.062500 0.178385
14 0.369141 0.587891 0.042969 0.147135
14 0.330566 0.574219 0.053711 0.171875
14 0.294434 0.572917 0.047852 0.182292
14 0.252930 0.587240 0.042969 0.171875
14 0.214355 0.595703 0.053711 0.178385
14 0.183105 0.608724 0.043945 0.165365
14 0.117676 0.631510 0.043945 0.153646
14 0.079590 0.635417 0.043945 0.151042
14 0.047852 0.643229 0.039063 0.151042
14 0.545898 0.779948 0.050781 0.190104
14 0.442871 0.812500 0.041992 0.229167
14 0.402344 0.799479 0.052734 0.184896
14 0.353027 0.794922 0.049805 0.175781
14 0.312500 0.804036 0.056641 0.175781
14 0.268555 0.809245 0.048828 0.175781
14 0.227539 0.818359 0.044922 0.162760
14 0.186523 0.835286 0.054688 0.204427
14 0.142578 0.840495 0.048828 0.188802
14 0.095703 0.843099 0.056641 0.196615
14 0.020996 0.843750 0.041992 0.161458