14 0.664063 0.095703 0.050781 0.113281
14 0.733887 0.218099 0.055664 0.102865
14 0.730957 0.049479 0.038086 0.098958
14 0.574707 0.158854 0.045898 0.104167
14 0.541992 0.159505 0.054688 0.121094
14 0.526855 0.194661 0.049805 0.102865
14 0.442383 0.236979 0.052734 0.119792
14 0.410156 0.261068 0.056641 0.118490
14 0.383301 0.282552 0.047852 0.098958
14 0.353027 0.294271 0.055664 0.122396
14 0.329102 0.315104 0.056641 0.114583
14 0.304688 0.337240 0.054688 0.109375
14 0.279297 0.354818 0.052734 0.115885
14 0.251465 0.377604 0.053711 0.111979
14 0.139648 0.493490 0.105469 0.109375
14 0.166504 0.549479 0.104492 0.096354
14 0.279785 0.533203 0.053711 0.105469
14 0.339355 0.492839 0.073242 0.115885
14 0.372070 0.479167 0.070313 0.122396
14 0.464844 0.412760 0.054688 0.101563
14 0.490234 0.378255 0.054688 0.092448
14 0.520996 0.363281 0.053711 0.093750
14 0.605957 0.311849 0.047852 0.110677
14 0.629883 0.292969 0.052734 0.088542
14 0.705566 0.224609 0.049805 0.108073
14 0.673828 0.253255 0.056641 0.108073
14 0.777832 0.652344 0.071289 0.117188
14 0.714355 0.697266 0.069336 0.121094
14 0.663086 0.730469 0.072266 0.140625
14 0.638184 0.776693 0.059570 0.113281
14 0.607910 0.781250 0.057617 0.119792
14 0.587402 0.816406 0.061523 0.117188
14 0.566895 0.841797 0.061523 0.100260
14 0.546387 0.859375 0.059570 0.109375
14 0.527832 0.888672 0.047852 0.100260
14 0.490723 0.897786 0.065430 0.128906
14 0.462891 0.921875 0.074219 0.132813
14 0.442871 0.952474 0.061523 0.095052