14 0.048828 0.042318 0.095703 0.058594
14 0.049805 0.118490 0.097656 0.062500
14 0.058594 0.171224 0.117188 0.050781
14 0.059570 0.225260 0.119141 0.062500
14 0.066895 0.285807 0.127930 0.079427
14 0.066895 0.349609 0.133789 0.074219
14 0.061035 0.402344 0.122070 0.046875
14 0.052246 0.444010 0.104492 0.062500
14 0.078125 0.487630 0.156250 0.061198
14 0.065430 0.544271 0.123047 0.075521
14 0.067383 0.601563 0.134766 0.057292
14 0.060547 0.666667 0.121094 0.083333
14 0.540527 0.039714 0.108398 0.048177
14 0.391602 0.025391 0.121094 0.050781
14 0.395020 0.072266 0.106445 0.061198
14 0.384277 0.125000 0.125977 0.062500
14 0.405273 0.175781 0.099609 0.057292
14 0.382813 0.226563 0.128906 0.062500
14 0.395020 0.279297 0.116211 0.058594
14 0.387207 0.389323 0.129883 0.062500
14 0.560547 0.088542 0.152344 0.057292
14 0.539551 0.139323 0.116211 0.062500
14 0.537109 0.191406 0.099609 0.057292
14 0.549316 0.237630 0.129883 0.050781
14 0.550781 0.283203 0.121094 0.058594
14 0.554199 0.339193 0.129883 0.063802
14 0.545898 0.397135 0.111328 0.059896
14 0.936523 0.324219 0.103516 0.101563
14 0.895508 0.893880 0.044922 0.162760
14 0.853027 0.885417 0.038086 0.164063
14 0.821289 0.898438 0.041016 0.171875
14 0.782715 0.906250 0.041992 0.143229
14 0.746094 0.885417 0.044922 0.164063
14 0.713867 0.898438 0.042969 0.148438
14 0.673340 0.900391 0.049805 0.167969
14 0.628906 0.901042 0.054688 0.179688
14 0.953125 0.381510 0.093750 0.088542