0 0.375000 0.091146 0.095703 0.101563
0 0.608398 0.284505 0.111328 0.128906
2 0.862793 0.491536 0.112305 0.123698
0 0.824707 0.835286 0.079102 0.131510
0 0.764648 0.783203 0.091797 0.139323
0 0.700684 0.698568 0.061523 0.136719
0 0.646484 0.657552 0.064453 0.132813
0 0.600098 0.595703 0.059570 0.149740
0 0.447754 0.770833 0.114258 0.106771
0 0.548828 0.536458 0.056641 0.151042
0 0.306152 0.630859 0.094727 0.087240
0 0.447754 0.463542 0.071289 0.145833
0 0.187500 0.481120 0.093750 0.100260
0 0.293457 0.323568 0.043945 0.126302
0 0.347656 0.362630 0.048828 0.141927
0 0.196289 0.236979 0.052734 0.153646
0 0.148926 0.188802 0.047852 0.138021
0 0.086426 0.139323 0.049805 0.132813
0 0.028320 0.121745 0.054688 0.131510