2 0.739258 0.785807 0.111328 0.134115
0 0.115723 0.552083 0.063477 0.145833
0 0.407227 0.781250 0.056641 0.127604
0 0.400391 0.950521 0.054688 0.098958
0 0.443848 0.909505 0.057617 0.126302
0 0.457520 0.763672 0.061523 0.134115
0 0.510254 0.751302 0.057617 0.119792
0 0.450684 0.293620 0.073242 0.131510
0 0.406250 0.325521 0.066406 0.130208
0 0.439941 0.469401 0.061523 0.128906
0 0.484863 0.425130 0.061523 0.128906
0 0.362793 0.357422 0.071289 0.134115
0 0.312500 0.365234 0.064453 0.115885
0 0.339355 0.492839 0.061523 0.126302
0 0.268066 0.385417 0.065430 0.125000
0 0.298340 0.511068 0.059570 0.121094