0 0.847656 0.187500 0.060547 0.106771
2 0.794922 0.159505 0.072266 0.126302
0 0.752930 0.126953 0.058594 0.102865
0 0.674805 0.093750 0.060547 0.119792
0 0.181641 0.108724 0.066406 0.134115
2 0.323730 0.211589 0.083008 0.167969
0 0.416992 0.417969 0.056641 0.101563
0 0.327637 0.372396 0.063477 0.138021
0 0.541016 0.360677 0.058594 0.109375
0 0.586914 0.364583 0.052734 0.098958
0 0.633301 0.387370 0.073242 0.126302
0 0.681641 0.400391 0.070313 0.121094
0 0.640625 0.859375 0.046875 0.138021
2 0.794434 0.720703 0.122070 0.123698
0 0.839355 0.607422 0.084961 0.076823
0 0.918457 0.440104 0.098633 0.101563
0 0.238281 0.294271 0.064453 0.140625
0 0.087891 0.224609 0.062500 0.121094
0 0.419922 0.256510 0.066406 0.125000