14 0.897461 0.026042 0.078125 0.049479
14 0.907715 0.078776 0.110352 0.050781
14 0.793457 0.072917 0.069336 0.049479
14 0.891113 0.133464 0.094727 0.053385
14 0.773438 0.130208 0.103516 0.065104
14 0.594238 0.039714 0.079102 0.048177
14 0.585449 0.085286 0.075195 0.048177
14 0.587402 0.132813 0.083008 0.052083
14 0.473633 0.051432 0.095703 0.053385
14 0.469727 0.111979 0.105469 0.059896
14 0.285156 0.055339 0.097656 0.053385
14 0.949707 0.490885 0.051758 0.200521
14 0.896973 0.488281 0.053711 0.195313
14 0.844238 0.490234 0.053711 0.199219
14 0.791016 0.487630 0.044922 0.170573
14 0.735352 0.472005 0.041016 0.194010
14 0.691895 0.480469 0.061523 0.182292
14 0.638184 0.475911 0.059570 0.194010
14 0.581055 0.469401 0.068359 0.178385
14 0.480957 0.490885 0.041992 0.114583
14 0.406738 0.437500 0.061523 0.166667
14 0.354980 0.432292 0.051758 0.145833
14 0.305664 0.427083 0.046875 0.127604
14 0.262207 0.400391 0.053711 0.134115
14 0.218750 0.382161 0.048828 0.131510
14 0.175781 0.350260 0.056641 0.158854
14 0.123535 0.345703 0.055664 0.134115
14 0.083496 0.330729 0.073242 0.161458
14 0.051758 0.274740 0.076172 0.197917