14 0.819824 0.033854 0.110352 0.052083
14 0.941895 0.069010 0.086914 0.046875
14 0.815918 0.082031 0.118164 0.059896
14 0.934570 0.121094 0.082031 0.046875
14 0.826172 0.130208 0.083984 0.052083
14 0.947266 0.161458 0.105469 0.049479
14 0.824707 0.184245 0.077148 0.045573
14 0.932617 0.212240 0.087891 0.049479
14 0.809570 0.231771 0.099609 0.054688
14 0.927246 0.269531 0.090820 0.054688
14 0.812500 0.279297 0.085938 0.042969
14 0.932617 0.327474 0.107422 0.058594
14 0.806641 0.330729 0.089844 0.054688
14 0.930664 0.385417 0.101563 0.052083
14 0.627930 0.041016 0.091797 0.053385
14 0.509277 0.049479 0.092773 0.052083
14 0.485840 0.108073 0.120117 0.059896
14 0.623047 0.087240 0.089844 0.052083
14 0.503906 0.160156 0.087891 0.046875
14 0.513184 0.205078 0.075195 0.042969
14 0.630859 0.218750 0.101563 0.065104
14 0.949707 0.758464 0.045898 0.136719
14 0.907715 0.727865 0.047852 0.140625
14 0.865723 0.710286 0.047852 0.136719
14 0.818848 0.678385 0.059570 0.161458
14 0.772461 0.676432 0.056641 0.149740
14 0.727539 0.653646 0.066406 0.151042
14 0.698242 0.605469 0.070313 0.197917
14 0.635742 0.617188 0.058594 0.127604
14 0.596191 0.595703 0.063477 0.136719
14 0.556641 0.557292 0.078125 0.153646
14 0.525879 0.517578 0.084961 0.160156
14 0.427734 0.479818 0.080078 0.165365
14 0.391113 0.446615 0.081055 0.190104
14 0.351563 0.419922 0.076172 0.139323
14 0.305176 0.392578 0.084961 0.154948
14 0.274902 0.352865 0.088867 0.140625
14 0.214355 0.354818 0.061523 0.102865
14 0.190430 0.322266 0.070313 0.121094
14 0.165039 0.264974 0.080078 0.136719
14 0.123047 0.253255 0.066406 0.118490
14 0.092773 0.227865 0.068359 0.117188
14 0.066406 0.185547 0.101563 0.157552
14 0.040039 0.140625 0.080078 0.156250