14 0.352051 0.198568 0.133789 0.084635
14 0.486816 0.173177 0.092773 0.057292
14 0.344727 0.311198 0.128906 0.062500
14 0.050293 0.684896 0.102539 0.070313
14 0.335938 0.375651 0.136719 0.084635
14 0.324219 0.425130 0.128906 0.076823
14 0.327637 0.489583 0.120117 0.067708
14 0.329590 0.542318 0.108398 0.063802
14 0.315430 0.602865 0.111328 0.075521
14 0.321777 0.654297 0.098633 0.061198
14 0.317383 0.707031 0.085938 0.059896
14 0.293457 0.759115 0.108398 0.070313
14 0.313965 0.816406 0.086914 0.057292
14 0.301270 0.869792 0.108398 0.072917
14 0.481445 0.220703 0.082031 0.050781
14 0.483887 0.269531 0.102539 0.059896
14 0.467285 0.314453 0.075195 0.055990
14 0.471191 0.359375 0.092773 0.054688
14 0.472656 0.410807 0.109375 0.061198
14 0.463379 0.459635 0.106445 0.059896
14 0.461426 0.507161 0.096680 0.055990
14 0.463867 0.555990 0.119141 0.065104
14 0.461426 0.607422 0.110352 0.066406
14 0.456055 0.662760 0.109375 0.070313
14 0.457031 0.718099 0.105469 0.063802
14 0.444336 0.762370 0.107422 0.066406
14 0.433105 0.860677 0.104492 0.057292
14 0.426270 0.909505 0.094727 0.050781
14 0.423828 0.959635 0.091797 0.052083
14 0.692871 0.222005 0.094727 0.055990
14 0.698730 0.260417 0.086914 0.054688
14 0.692871 0.308594 0.094727 0.052083
14 0.691895 0.361979 0.090820 0.049479
14 0.685059 0.404948 0.090820 0.057292
14 0.684082 0.466146 0.084961 0.054688
14 0.677246 0.512370 0.094727 0.055990
14 0.669434 0.615885 0.110352 0.062500
14 0.675781 0.662109 0.085938 0.050781
14 0.655273 0.710938 0.119141 0.057292
14 0.656738 0.761068 0.108398 0.058594
14 0.651855 0.817057 0.106445 0.050781
14 0.656738 0.867188 0.102539 0.049479
14 0.659180 0.913411 0.082031 0.050781
14 0.643066 0.968750 0.114258 0.062500
14 0.799805 0.251953 0.068359 0.045573
14 0.804688 0.318359 0.085938 0.045573
14 0.795410 0.352214 0.069336 0.040365
14 0.795410 0.389974 0.081055 0.048177
14 0.797363 0.426432 0.090820 0.050781
14 0.791016 0.472005 0.082031 0.048177
14 0.791016 0.509115 0.076172 0.041667
14 0.793945 0.551432 0.087891 0.058594
14 0.802246 0.603516 0.106445 0.050781
14 0.791992 0.646484 0.085938 0.053385
14 0.799805 0.690104 0.107422 0.067708
14 0.770996 0.740885 0.063477 0.044271
14 0.797363 0.787760 0.110352 0.049479
14 0.785156 0.843099 0.109375 0.058594
14 0.776367 0.936198 0.097656 0.065104