0 0.026367 0.034505 0.023438 0.061198
0 0.022461 0.091797 0.031250 0.066406
0 0.121582 0.134115 0.024414 0.070313
0 0.116211 0.210286 0.023438 0.069010
0 0.353516 0.081380 0.031250 0.071615
0 0.186523 0.501302 0.035156 0.070313
0 0.256348 0.544922 0.024414 0.063802
0 0.237793 0.808594 0.045898 0.033854
0 0.357910 0.809896 0.040039 0.028646
0 0.416504 0.683594 0.041992 0.028646
2 0.551270 0.779297 0.049805 0.042969
2 0.655762 0.672526 0.061523 0.045573
0 0.723633 0.704427 0.035156 0.036458
0 0.558594 0.666016 0.046875 0.035156
0 0.497559 0.282552 0.045898 0.033854
2 0.906250 0.553385 0.060547 0.057292
0 0.949707 0.586589 0.036133 0.040365