0 0.416992 0.182943 0.042969 0.050781
2 0.778320 0.700521 0.031250 0.083333
2 0.556641 0.570964 0.027344 0.079427
0 0.310059 0.421224 0.034180 0.055990
0 0.056641 0.109375 0.050781 0.036458
0 0.285645 0.456380 0.043945 0.055990
0 0.249023 0.537760 0.048828 0.044271
0 0.242188 0.567057 0.048828 0.037760
0 0.257813 0.506510 0.044922 0.044271
0 0.301270 0.527344 0.041992 0.049479
0 0.341309 0.458333 0.038086 0.052083
0 0.367676 0.522786 0.030273 0.074219
0 0.272461 0.664063 0.048828 0.041667
0 0.416504 0.634766 0.045898 0.040365
0 0.409180 0.698568 0.044922 0.042969
2 0.421387 0.537109 0.051758 0.048177
0 0.378418 0.684245 0.024414 0.055990
0 0.385742 0.615885 0.029297 0.067708