0 0.792969 0.033333 0.026562 0.038889
0 0.833594 0.132639 0.020313 0.043056
0 0.806641 0.063194 0.027344 0.040278
0 0.820703 0.100000 0.033594 0.047222
0 0.832812 0.238889 0.025000 0.044444
2 0.792188 0.238889 0.031250 0.052778
0 0.762891 0.222222 0.024219 0.047222
0 0.853516 0.346528 0.027344 0.043056
0 0.812891 0.324306 0.025781 0.040278
0 0.922656 0.380556 0.028125 0.033333
0 0.965625 0.480556 0.025000 0.025000
2 0.984766 0.414583 0.030469 0.034722
0 0.969141 0.436111 0.028906 0.030556
0 0.928125 0.434722 0.029687 0.027778
0 0.839062 0.827083 0.020313 0.045833
0 0.608594 0.980556 0.029687 0.038889
0 0.222656 0.136806 0.020313 0.056944
2 0.220703 0.552083 0.021094 0.056944
0 0.226563 0.273611 0.018750 0.052778
0 0.210547 0.202778 0.017969 0.052778
0 0.188672 0.118750 0.019531 0.048611