2 0.810547 0.475000 0.017969 0.061111
0 0.724609 0.131944 0.027344 0.052778
0 0.889062 0.054167 0.023438 0.044444
0 0.805078 0.647917 0.019531 0.054167
0 0.804297 0.866667 0.019531 0.055556
0 0.771094 0.927778 0.018750 0.050000
0 0.773828 0.858333 0.017969 0.058333
0 0.886328 0.645833 0.016406 0.050000
0 0.884375 0.681250 0.018750 0.043056
0 0.876953 0.720833 0.017969 0.041667
0 0.866406 0.759722 0.020313 0.041667
0 0.812500 0.777083 0.017188 0.048611
0 0.365625 0.070139 0.025000 0.045833
0 0.310937 0.160417 0.023438 0.045833
4 0.037891 0.363889 0.063281 0.047222
0 0.039063 0.393750 0.029687 0.034722
2 0.220312 0.405556 0.020313 0.058333