4 0.037891 0.647222 0.060156 0.075000
0 0.045312 0.678472 0.029687 0.037500
0 0.185938 0.086111 0.020313 0.047222
0 0.289453 0.188194 0.022656 0.051389
0 0.328906 0.083333 0.023438 0.044444
0 0.286719 0.136111 0.021875 0.050000
2 0.219922 0.454167 0.019531 0.066667
0 0.252734 0.831250 0.021094 0.051389
0 0.701562 0.079167 0.025000 0.044444
2 0.808203 0.404167 0.022656 0.061111
0 0.783984 0.353472 0.016406 0.056944
0 0.797266 0.489583 0.016406 0.043056
0 0.826562 0.565278 0.017188 0.050000
0 0.890625 0.397917 0.020313 0.056944
0 0.893359 0.438889 0.014844 0.050000
0 0.894531 0.477778 0.017188 0.044444
0 0.894531 0.516667 0.014063 0.052778
0 0.858594 0.450000 0.017188 0.058333
0 0.840234 0.758333 0.022656 0.050000
0 0.859766 0.687500 0.017969 0.050000
0 0.875781 0.769444 0.021875 0.050000
0 0.862109 0.821528 0.022656 0.043056
2 0.883203 0.831250 0.024219 0.043056
0 0.916016 0.883333 0.024219 0.038889