4 0.039453 0.365972 0.069531 0.048611
0 0.040625 0.396528 0.029687 0.034722
0 0.726563 0.133333 0.025000 0.047222
0 0.780078 0.099306 0.028906 0.037500
2 0.811719 0.473611 0.020313 0.066667
0 0.791797 0.551389 0.017969 0.050000
0 0.804297 0.647917 0.014844 0.051389
0 0.856641 0.571528 0.021094 0.051389
0 0.225781 0.295833 0.020313 0.050000
0 0.179688 0.465972 0.017188 0.051389
0 0.312109 0.157639 0.027344 0.043056
0 0.305469 0.116667 0.025000 0.038889
0 0.364063 0.074306 0.023438 0.045833
0 0.221094 0.772917 0.020313 0.043056
0 0.248438 0.861111 0.020313 0.041667
0 0.519141 0.017361 0.030469 0.026389
0 0.889844 0.055556 0.018750 0.041667
0 0.886719 0.643750 0.017188 0.048611
0 0.883203 0.686806 0.019531 0.048611
0 0.875781 0.720139 0.018750 0.037500
0 0.868750 0.763889 0.018750 0.041667
0 0.812500 0.776389 0.017188 0.044444
0 0.801953 0.865972 0.017969 0.051389
0 0.774219 0.860417 0.015625 0.051389
0 0.770703 0.927083 0.019531 0.054167
0 0.788672 0.972917 0.022656 0.054167
0 0.700781 0.925694 0.020313 0.040278
0 0.788281 0.412500 0.020313 0.052778
0 0.887109 0.352083 0.017969 0.051389