3 0.518555 0.402995 0.070313 0.191406
1 0.145508 0.293620 0.058594 0.154948
3 0.441406 0.768229 0.064453 0.197917
3 0.485840 0.749349 0.057617 0.186198
3 0.674316 0.363932 0.049805 0.152344
3 0.830078 0.322266 0.080078 0.199219
3 0.867676 0.302083 0.073242 0.213542
3 0.898926 0.295573 0.069336 0.213542
3 0.958984 0.276042 0.054688 0.200521
3 0.043945 0.294271 0.062500 0.203125
3 0.081055 0.317057 0.060547 0.194010
3 0.116211 0.307943 0.056641 0.204427
3 0.355957 0.192708 0.053711 0.174479
3 0.416992 0.343750 0.064453 0.177083
3 0.447266 0.336589 0.054688 0.183594
3 0.413574 0.175781 0.059570 0.177083
3 0.383789 0.183594 0.060547 0.192708