0 0.109863 0.141927 0.043945 0.093750
0 0.155762 0.221354 0.069336 0.065104
2 0.219727 0.493490 0.076172 0.080729
2 0.236816 0.544922 0.086914 0.087240
0 0.260742 0.783203 0.044922 0.102865
0 0.560059 0.632813 0.043945 0.093750
2 0.894043 0.378906 0.055664 0.143229
0 0.546387 0.895833 0.049805 0.096354
2 0.511719 0.921224 0.054688 0.105469
0 0.475586 0.952474 0.042969 0.095052
0 0.622559 0.867839 0.045898 0.095052
0 0.692871 0.936198 0.049805 0.093750
10 0.957031 0.816406 0.050781 0.125000
0 0.663086 0.847656 0.052734 0.104167