1 0.786621 0.414063 0.057617 0.125000
10 0.674805 0.647135 0.089844 0.078125
2 0.505371 0.565104 0.055664 0.111979
0 0.405273 0.597005 0.046875 0.102865
0 0.328613 0.636719 0.043945 0.096354
10 0.615234 0.239583 0.050781 0.104167
10 0.555664 0.157552 0.050781 0.114583
0 0.625977 0.107422 0.044922 0.089844
0 0.521484 0.171875 0.050781 0.104167
0 0.513184 0.291667 0.041992 0.093750
0 0.413574 0.212240 0.047852 0.091146
0 0.277344 0.292318 0.052734 0.110677
0 0.238281 0.296875 0.044922 0.088542
0 0.202637 0.318359 0.047852 0.100260
0 0.133301 0.351563 0.051758 0.096354
10 0.169434 0.332031 0.055664 0.109375
0 0.199219 0.436849 0.056641 0.105469
0 0.339355 0.246745 0.053711 0.113281