0 0.246094 0.111979 0.052734 0.062500
0 0.230957 0.150391 0.049805 0.058594
2 0.268066 0.272786 0.038086 0.095052
2 0.309082 0.303385 0.045898 0.093750
0 0.343750 0.318359 0.048828 0.082031
2 0.396973 0.376302 0.041992 0.088542
0 0.428223 0.395182 0.036133 0.095052
2 0.459473 0.412109 0.036133 0.089844
2 0.486328 0.443359 0.035156 0.092448
2 0.542969 0.483073 0.033203 0.096354
0 0.566895 0.507161 0.030273 0.092448
0 0.599121 0.528646 0.038086 0.070313
2 0.631348 0.555990 0.038086 0.085938
0 0.671875 0.613932 0.042969 0.074219
0 0.786133 0.718750 0.050781 0.083333
0 0.945801 0.852865 0.045898 0.070313
2 0.577637 0.713542 0.084961 0.096354
1 0.485840 0.636068 0.092773 0.097656