2 0.037598 0.903646 0.047852 0.088542
0 0.069824 0.919271 0.047852 0.078125
0 0.046387 0.564453 0.047852 0.058594
0 0.064453 0.527344 0.054688 0.065104
10 0.065918 0.481120 0.073242 0.087240
0 0.106934 0.410807 0.055664 0.063802
2 0.177734 0.274089 0.062500 0.074219
2 0.194824 0.237630 0.059570 0.063802
2 0.210449 0.203125 0.061523 0.067708
2 0.436523 0.173828 0.050781 0.084635
2 0.463379 0.200521 0.047852 0.072917
0 0.514648 0.236979 0.048828 0.080729
2 0.541992 0.262370 0.046875 0.076823
0 0.593262 0.294922 0.041992 0.069010
0 0.620117 0.328125 0.044922 0.070313
0 0.923828 0.490234 0.058594 0.069010
0 0.906250 0.529297 0.060547 0.061198
2 0.895508 0.562500 0.066406 0.067708
2 0.879395 0.594401 0.063477 0.071615
0 0.858887 0.628255 0.059570 0.066406
2 0.781738 0.525391 0.067383 0.071615
1 0.721191 0.466797 0.063477 0.071615
2 0.739746 0.434896 0.063477 0.072917
2 0.759277 0.402995 0.061523 0.069010
2 0.819336 0.449870 0.060547 0.061198
2 0.705078 0.504557 0.062500 0.069010
2 0.842285 0.664714 0.073242 0.074219