2 0.858398 0.111328 0.056641 0.102865
2 0.715820 0.340495 0.068359 0.115885
1 0.198242 0.644531 0.128906 0.117188
1 0.246582 0.737630 0.120117 0.113281
1 0.140625 0.746094 0.117188 0.101563
1 0.151367 0.814453 0.113281 0.095052
1 0.102539 0.854818 0.113281 0.115885
2 0.539063 0.210938 0.070313 0.114583
2 0.503418 0.180339 0.073242 0.113281
2 0.467773 0.160156 0.068359 0.109375
1 0.350098 0.283203 0.065430 0.115885
2 0.383301 0.313802 0.053711 0.083333
2 0.426758 0.347656 0.064453 0.093750
2 0.481445 0.698568 0.076172 0.108073
2 0.438477 0.681641 0.074219 0.121094
2 0.367188 0.623698 0.074219 0.104167
2 0.330078 0.587891 0.066406 0.100260
2 0.570313 0.781901 0.095703 0.100260
2 0.475586 0.867839 0.085938 0.079427
2 0.873047 0.458984 0.093750 0.095052
1 0.684082 0.843099 0.147461 0.141927
1 0.915039 0.606120 0.167969 0.175781
1 0.679199 0.665365 0.124023 0.138021
2 0.262695 0.535156 0.062500 0.114583