1 0.889160 0.052734 0.112305 0.045573
1 0.233398 0.220052 0.105469 0.052083
1 0.443359 0.217448 0.103516 0.057292
1 0.612793 0.229818 0.110352 0.048177
1 0.745117 0.231120 0.109375 0.050781
1 0.886230 0.227214 0.110352 0.053385
1 0.305176 0.330078 0.084961 0.121094
1 0.368164 0.326172 0.078125 0.113281
1 0.422852 0.328776 0.087891 0.123698
1 0.480957 0.330729 0.081055 0.106771
1 0.532715 0.332031 0.088867 0.111979
1 0.589355 0.327474 0.088867 0.102865
1 0.650391 0.322266 0.091797 0.105469
1 0.791016 0.324870 0.097656 0.110677
1 0.879883 0.335286 0.089844 0.108073
1 0.323730 0.486328 0.086914 0.050781
1 0.478516 0.492188 0.089844 0.057292
1 0.672852 0.501302 0.087891 0.054688
1 0.810059 0.499349 0.084961 0.050781
1 0.935547 0.612630 0.082031 0.118490
1 0.886719 0.612630 0.068359 0.113281
1 0.826172 0.613932 0.076172 0.126302
1 0.749512 0.598307 0.081055 0.113281
1 0.701172 0.604167 0.080078 0.125000
1 0.646973 0.600911 0.079102 0.123698
1 0.594727 0.606771 0.076172 0.122396
1 0.528320 0.607422 0.083984 0.118490
1 0.457031 0.605469 0.089844 0.114583
1 0.876465 0.772135 0.110352 0.052083
1 0.730957 0.770833 0.114258 0.054688
1 0.597168 0.768880 0.106445 0.050781
1 0.367188 0.765625 0.107422 0.052083