1 0.480957 0.136719 0.106445 0.049479
1 0.732422 0.138021 0.101563 0.052083
1 0.042480 0.304036 0.083008 0.050781
1 0.205566 0.315104 0.110352 0.052083
1 0.334473 0.313802 0.112305 0.052083
1 0.478027 0.313802 0.106445 0.052083
1 0.615723 0.312500 0.100586 0.049479
1 0.690918 0.410807 0.090820 0.110677
1 0.617188 0.417318 0.095703 0.113281
1 0.470215 0.416016 0.094727 0.108073
1 0.378906 0.412760 0.097656 0.109375
1 0.242676 0.407552 0.088867 0.111979
1 0.178223 0.412760 0.088867 0.106771
1 0.123535 0.416667 0.086914 0.109375
1 0.069336 0.420573 0.089844 0.119792
1 0.692871 0.573568 0.110352 0.058594
1 0.549316 0.587891 0.104492 0.048177
1 0.389648 0.586589 0.101563 0.050781
1 0.250488 0.586589 0.102539 0.053385
1 0.058105 0.581380 0.106445 0.053385
1 0.926270 0.684245 0.086914 0.100260
1 0.806152 0.701172 0.094727 0.102865
1 0.722656 0.688151 0.091797 0.108073
1 0.641602 0.680339 0.095703 0.108073
1 0.581055 0.688151 0.093750 0.108073
1 0.525879 0.694010 0.079102 0.119792
1 0.414551 0.697266 0.077148 0.128906
1 0.336914 0.681641 0.083984 0.121094
1 0.289551 0.689453 0.073242 0.123698
1 0.233887 0.684245 0.079102 0.131510
1 0.184570 0.689453 0.076172 0.123698
1 0.117188 0.694661 0.083984 0.118490
1 0.045410 0.691406 0.090820 0.114583
1 0.879883 0.855469 0.109375 0.052083
1 0.750000 0.853516 0.111328 0.055990
1 0.602539 0.852865 0.109375 0.057292
1 0.466309 0.856120 0.112305 0.053385
1 0.319336 0.857422 0.113281 0.053385
1 0.186523 0.852865 0.111328 0.054688