4 0.901855 0.102214 0.110352 0.180990
4 0.872070 0.131510 0.111328 0.182292
4 0.807129 0.189453 0.106445 0.178385
4 0.773926 0.220703 0.108398 0.186198
4 0.548828 0.414063 0.105469 0.179688
4 0.526367 0.462891 0.105469 0.183594
4 0.497559 0.496745 0.106445 0.178385
4 0.466309 0.528646 0.110352 0.184896
4 0.338867 0.634766 0.105469 0.178385
4 0.255859 0.664714 0.099609 0.178385
4 0.217285 0.690104 0.114258 0.184896
4 0.157227 0.756510 0.113281 0.190104
4 0.083984 0.720703 0.115234 0.191406
4 0.093750 0.824219 0.105469 0.171875