1 0.120605 0.692708 0.106445 0.119792
1 0.196289 0.777995 0.095703 0.126302
2 0.283203 0.877604 0.097656 0.114583
2 0.340332 0.381510 0.081055 0.098958
2 0.139160 0.272135 0.083008 0.106771
2 0.430176 0.475260 0.084961 0.101563
2 0.505371 0.563802 0.081055 0.109375
2 0.597168 0.656250 0.098633 0.117188
2 0.686523 0.742188 0.099609 0.109375
2 0.868652 0.690104 0.081055 0.109375
0 0.837402 0.641276 0.073242 0.097656
0 0.795410 0.619141 0.073242 0.102865
2 0.714844 0.522135 0.076172 0.117188
0 0.669434 0.499349 0.067383 0.102865
2 0.633301 0.455729 0.083008 0.125000
0 0.583008 0.388672 0.080078 0.108073
0 0.560059 0.341146 0.069336 0.109375
2 0.526367 0.303385 0.070313 0.109375
0 0.463379 0.232422 0.069336 0.095052
2 0.408691 0.191406 0.073242 0.109375
2 0.376465 0.155599 0.084961 0.113281
2 0.347168 0.109375 0.081055 0.114583