1 0.158691 0.251953 0.088867 0.154948
1 0.401855 0.321615 0.090820 0.177083
1 0.267090 0.090495 0.102539 0.167969
1 0.441406 0.160156 0.126953 0.117188
1 0.466309 0.203776 0.124023 0.118490
2 0.474121 0.252604 0.100586 0.096354
1 0.566406 0.202474 0.107422 0.110677
1 0.587402 0.255208 0.124023 0.106771
2 0.497070 0.336589 0.103516 0.100260
1 0.555176 0.341797 0.096680 0.095052
1 0.590820 0.406250 0.121094 0.080729
2 0.434570 0.464844 0.101563 0.080729
1 0.561523 0.512370 0.123047 0.105469
1 0.498047 0.602214 0.070313 0.157552
0 0.453613 0.588542 0.043945 0.088542
1 0.585938 0.544271 0.119141 0.101563
1 0.580078 0.606771 0.115234 0.117188
0 0.281738 0.565104 0.069336 0.075521
1 0.298828 0.626302 0.117188 0.130208