1 0.254395 0.067708 0.116211 0.122396
1 0.288086 0.165365 0.113281 0.111979
1 0.371094 0.334635 0.117188 0.114583
1 0.398438 0.389323 0.103516 0.096354
1 0.402832 0.450521 0.090820 0.093750
0 0.444824 0.529297 0.063477 0.063802
1 0.463867 0.576823 0.119141 0.117188
1 0.514648 0.696615 0.117188 0.114583
1 0.532715 0.741536 0.106445 0.110677
1 0.552246 0.804036 0.116211 0.108073
1 0.600098 0.932943 0.108398 0.105469
1 0.209961 0.499349 0.091797 0.061198
1 0.222656 0.560547 0.105469 0.069010
2 0.167480 0.601563 0.092773 0.075521
1 0.268066 0.639974 0.120117 0.089844
1 0.210938 0.671224 0.091797 0.079427
1 0.213867 0.736979 0.117188 0.091146
1 0.325684 0.787109 0.116211 0.089844
1 0.247559 0.820964 0.122070 0.102865
0 0.297363 0.901693 0.075195 0.058594