1 0.716797 0.083333 0.109375 0.111979
1 0.750000 0.173177 0.125000 0.125000
1 0.782227 0.273438 0.115234 0.117188
1 0.864746 0.439453 0.116211 0.113281
2 0.895508 0.491536 0.105469 0.095052
1 0.898926 0.548177 0.102539 0.083333
0 0.939941 0.630859 0.061523 0.058594
2 0.706543 0.606120 0.096680 0.058594
1 0.720215 0.667969 0.116211 0.072917
1 0.665039 0.703125 0.093750 0.067708
1 0.762207 0.744792 0.116211 0.093750
1 0.706543 0.775391 0.090820 0.076823
1 0.820801 0.889974 0.110352 0.082031
1 0.708984 0.839193 0.123047 0.105469
1 0.741699 0.918620 0.116211 0.092448
0 0.333496 0.817057 0.053711 0.100260
0 0.207031 0.529948 0.058594 0.088542