0 0.186523 0.074870 0.056641 0.128906
0 0.179688 0.213542 0.066406 0.138021
0 0.062988 0.208984 0.053711 0.121094
0 0.240234 0.619141 0.082031 0.100260
0 0.324219 0.684245 0.087891 0.082031
0 0.355469 0.533203 0.091797 0.097656
0 0.536621 0.576823 0.088867 0.075521
0 0.519531 0.727865 0.093750 0.067708
0 0.598633 0.717448 0.085938 0.078125
0 0.805176 0.086589 0.047852 0.121094
0 0.809082 0.225260 0.051758 0.122396
0 0.757813 0.386719 0.060547 0.114583
0 0.923828 0.083333 0.052734 0.122396
0 0.926270 0.203776 0.049805 0.118490
0 0.905273 0.322917 0.058594 0.104167
0 0.865234 0.436198 0.072266 0.119792
0 0.914551 0.869792 0.053711 0.104167