0 0.730957 0.213542 0.094727 0.065104
0 0.636230 0.337891 0.100586 0.069010
2 0.616699 0.250651 0.069336 0.139323
2 0.566895 0.258464 0.075195 0.141927
2 0.479980 0.292318 0.059570 0.126302
2 0.435059 0.312500 0.063477 0.143229
2 0.389160 0.324870 0.065430 0.134115
2 0.529297 0.367839 0.121094 0.092448
2 0.625977 0.406250 0.113281 0.072917
2 0.622070 0.465495 0.105469 0.061198
0 0.610352 0.518229 0.103516 0.067708
0 0.603027 0.625000 0.092773 0.072917
0 0.493652 0.602865 0.084961 0.059896
2 0.382813 0.622396 0.103516 0.067708
2 0.283691 0.626302 0.112305 0.067708
2 0.593750 0.727865 0.066406 0.143229
0 0.439941 0.699219 0.049805 0.119792
0 0.402344 0.707031 0.046875 0.119792
0 0.360352 0.709635 0.050781 0.111979
2 0.261230 0.374349 0.065430 0.134115
2 0.227539 0.402344 0.068359 0.119792
2 0.186035 0.421875 0.069336 0.119792
2 0.149414 0.440755 0.068359 0.123698
2 0.105957 0.464193 0.071289 0.126302
2 0.071777 0.478516 0.067383 0.128906
2 0.033203 0.496094 0.066406 0.117188
2 0.047363 0.890625 0.094727 0.070313