0 0.948242 0.315755 0.056641 0.118490
0 0.976563 0.465495 0.046875 0.128906
0 0.736816 0.458984 0.067383 0.126302
2 0.712891 0.578125 0.058594 0.130208
0 0.643555 0.484375 0.056641 0.132813
0 0.568848 0.520182 0.059570 0.123698
0 0.517090 0.529948 0.051758 0.130208
0 0.254883 0.769531 0.052734 0.125000
2 0.315430 0.480469 0.111328 0.075521
2 0.308105 0.365234 0.096680 0.082031
0 0.136719 0.299479 0.093750 0.091146
0 0.520020 0.113281 0.051758 0.122396
0 0.404785 0.156901 0.055664 0.102865
0 0.305176 0.080078 0.059570 0.113281
0 0.270020 0.106771 0.059570 0.125000
0 0.039063 0.375651 0.078125 0.076823