0 0.928711 0.131510 0.087891 0.059896
0 0.642578 0.070964 0.080078 0.055990
0 0.380371 0.111328 0.071289 0.058594
2 0.193359 0.274740 0.093750 0.067708
0 0.412109 0.229167 0.082031 0.059896
1 0.619629 0.178385 0.104492 0.075521
0 0.815430 0.337240 0.048828 0.109375
0 0.650879 0.357422 0.041992 0.105469
0 0.611328 0.364583 0.048828 0.106771
0 0.570313 0.372396 0.044922 0.104167
0 0.542969 0.690104 0.072266 0.093750
0 0.490723 0.718750 0.043945 0.109375
0 0.441406 0.674479 0.070313 0.093750
0 0.423340 0.596354 0.075195 0.062500
0 0.461914 0.537760 0.052734 0.096354
0 0.549316 0.611328 0.073242 0.066406
0 0.400391 0.395182 0.074219 0.097656
0 0.349609 0.412760 0.082031 0.085938
0 0.314941 0.466797 0.081055 0.084635
0 0.317871 0.542318 0.090820 0.079427
0 0.321777 0.609375 0.088867 0.080729
0 0.333008 0.689453 0.083984 0.071615
0 0.345215 0.779297 0.079102 0.069010
0 0.352539 0.841797 0.082031 0.066406
0 0.364258 0.900391 0.085938 0.066406
0 0.369141 0.962240 0.082031 0.062500
0 0.183105 0.650391 0.047852 0.105469
0 0.204102 0.828125 0.048828 0.101563