0 0.776367 0.103516 0.091797 0.079427
0 0.893066 0.232422 0.073242 0.050781
0 0.923340 0.348958 0.084961 0.062500
2 0.705566 0.394531 0.094727 0.072917
1 0.330566 0.317708 0.176758 0.109375
0 0.197266 0.410156 0.095703 0.062500
1 0.434570 0.375000 0.142578 0.085938
0 0.912598 0.512370 0.075195 0.105469
0 0.862793 0.529297 0.077148 0.097656
0 0.829102 0.583333 0.083984 0.085938
0 0.831055 0.662760 0.085938 0.080729
0 0.838867 0.729167 0.085938 0.075521
0 0.695313 0.768880 0.046875 0.105469
0 0.848633 0.805990 0.078125 0.070313
0 0.935059 0.712240 0.079102 0.059896
0 0.955566 0.793620 0.073242 0.089844
0 0.859863 0.895182 0.081055 0.071615
0 0.867676 0.959635 0.077148 0.065104