0 0.296875 0.076823 0.083984 0.065104
0 0.119141 0.093750 0.046875 0.093750
0 0.051270 0.113281 0.051758 0.104167
2 0.554199 0.431641 0.094727 0.113281
1 0.167480 0.638672 0.112305 0.087240
2 0.738281 0.541667 0.091797 0.062500
0 0.466309 0.304688 0.049805 0.091146
0 0.832520 0.390625 0.084961 0.062500
0 0.962891 0.371745 0.074219 0.058594
0 0.732910 0.253255 0.079102 0.100260
0 0.269531 0.915365 0.085938 0.065104
0 0.202148 0.319010 0.048828 0.104167
0 0.243164 0.310547 0.048828 0.097656
0 0.312012 0.196615 0.081055 0.080729
0 0.881836 0.210938 0.078125 0.101563