0 0.889648 0.119141 0.046875 0.092448
0 0.770508 0.086589 0.083984 0.084635
0 0.811523 0.167969 0.056641 0.096354
2 0.764648 0.198568 0.062500 0.115885
2 0.716309 0.227214 0.061523 0.113281
0 0.631836 0.274089 0.052734 0.108073
0 0.508789 0.300781 0.046875 0.109375
0 0.466309 0.298177 0.043945 0.111979
2 0.308594 0.109375 0.056641 0.130208
0 0.270996 0.200521 0.055664 0.114583
2 0.268555 0.590495 0.056641 0.126302
0 0.425781 0.681641 0.064453 0.108073
0 0.101563 0.662109 0.093750 0.071615
0 0.122070 0.709635 0.091797 0.096354
0 0.541016 0.894531 0.072266 0.114583
0 0.296875 0.391276 0.044922 0.092448