0 0.094727 0.093750 0.083984 0.127604
0 0.046387 0.500651 0.092773 0.139323
2 0.250488 0.242188 0.108398 0.127604
0 0.301758 0.188802 0.087891 0.111979
0 0.485840 0.180990 0.096680 0.109375
0 0.464355 0.250651 0.104492 0.115885
0 0.839355 0.335286 0.102539 0.108073
0 0.798828 0.388672 0.107422 0.110677
0 0.791992 0.459635 0.109375 0.098958
0 0.764160 0.523438 0.102539 0.104167
0 0.727051 0.570964 0.088867 0.095052
0 0.431152 0.312500 0.106445 0.104167
0 0.407227 0.369141 0.099609 0.108073
0 0.379883 0.421224 0.101563 0.102865
0 0.354004 0.478516 0.100586 0.105469
0 0.301270 0.672526 0.094727 0.110677
0 0.282715 0.741536 0.110352 0.115885
0 0.706543 0.638021 0.106445 0.106771
0 0.684570 0.701823 0.095703 0.104167
0 0.661621 0.763021 0.096680 0.104167
0 0.629395 0.817708 0.104492 0.109375
0 0.600098 0.878255 0.090820 0.095052
0 0.574707 0.927734 0.102539 0.095052