0 0.648438 0.060547 0.095703 0.115885
0 0.540527 0.194010 0.118164 0.161458
0 0.805664 0.366536 0.093750 0.136719
0 0.749512 0.438151 0.092773 0.123698
0 0.701660 0.489583 0.102539 0.148438
0 0.650391 0.553385 0.095703 0.127604
0 0.589844 0.597656 0.089844 0.127604
0 0.506348 0.690104 0.086914 0.153646
0 0.451172 0.738932 0.103516 0.134115
0 0.205566 0.938802 0.106445 0.122396
0 0.314453 0.860026 0.083984 0.144531
0 0.326172 0.410156 0.109375 0.140625
0 0.214355 0.513021 0.114258 0.140625
0 0.106445 0.607422 0.101563 0.136719