0 0.562988 0.140625 0.100586 0.127604
2 0.436035 0.247396 0.122070 0.153646
0 0.579590 0.251302 0.112305 0.130208
0 0.817871 0.354818 0.092773 0.144531
0 0.756348 0.387370 0.094727 0.144531
0 0.693359 0.430339 0.089844 0.139323
0 0.604492 0.506510 0.091797 0.140625
0 0.554199 0.561198 0.090820 0.127604
0 0.458008 0.656901 0.089844 0.152344
0 0.407227 0.708333 0.093750 0.156250
0 0.355957 0.751953 0.094727 0.136719
0 0.301270 0.787760 0.075195 0.119792
0 0.248047 0.830078 0.095703 0.136719
0 0.149414 0.916667 0.087891 0.111979