0 0.627930 0.090495 0.066406 0.152344
0 0.679199 0.113281 0.063477 0.125000
0 0.722168 0.166016 0.075195 0.131510
0 0.235352 0.365234 0.078125 0.126302
0 0.292480 0.509766 0.083008 0.141927
0 0.625488 0.542969 0.124023 0.072917
0 0.392578 0.791667 0.066406 0.127604
0 0.445313 0.940104 0.082031 0.119792
0 0.670898 0.662109 0.107422 0.089844
0 0.692383 0.737630 0.101563 0.074219
0 0.715332 0.803385 0.114258 0.083333
0 0.935059 0.706380 0.086914 0.128906
0 0.961914 0.774740 0.076172 0.114583
0 0.818359 0.350911 0.087891 0.136719