0 0.234863 0.095703 0.094727 0.095052
0 0.374512 0.331380 0.077148 0.131510
0 0.417480 0.486328 0.047852 0.144531
0 0.487305 0.545573 0.050781 0.127604
0 0.374023 0.672526 0.076172 0.121094
0 0.306152 0.776042 0.079102 0.111979
0 0.363281 0.867839 0.085938 0.121094
0 0.607910 0.716797 0.092773 0.092448
0 0.564941 0.449870 0.073242 0.110677
0 0.659668 0.652995 0.092773 0.110677
0 0.736328 0.811198 0.089844 0.083333
0 0.903809 0.933594 0.104492 0.096354
0 0.205078 0.901693 0.080078 0.115885
0 0.496094 0.087240 0.085938 0.098958