0 0.804688 0.063151 0.117188 0.121094
0 0.858398 0.182943 0.095703 0.110677
0 0.918457 0.342448 0.108398 0.065104
0 0.890625 0.501953 0.099609 0.087240
0 0.803711 0.674479 0.097656 0.114583
0 0.708496 0.802083 0.100586 0.127604
0 0.610840 0.898438 0.096680 0.140625
0 0.353027 0.805990 0.090820 0.151042
0 0.163574 0.755208 0.075195 0.122396
0 0.085938 0.479818 0.089844 0.128906
0 0.129395 0.356120 0.106445 0.110677
0 0.178223 0.231120 0.110352 0.113281
0 0.228516 0.100260 0.107422 0.114583
0 0.355469 0.598958 0.083984 0.114583
0 0.359863 0.474609 0.116211 0.074219
0 0.473633 0.590495 0.068359 0.154948
0 0.561523 0.537109 0.093750 0.136719
0 0.537109 0.259115 0.068359 0.143229
0 0.619141 0.360677 0.103516 0.101563