0 0.724121 0.128255 0.116211 0.113281
0 0.763672 0.203776 0.089844 0.089844
0 0.874512 0.446615 0.071289 0.111979
0 0.812500 0.482422 0.082031 0.136719
0 0.765137 0.543620 0.086914 0.147135
0 0.491699 0.732422 0.075195 0.123698
0 0.441406 0.763021 0.087891 0.143229
2 0.293457 0.868490 0.088867 0.143229
0 0.241211 0.897786 0.097656 0.144531
0 0.621094 0.310547 0.101563 0.121094
0 0.516113 0.270182 0.081055 0.097656
0 0.408691 0.343099 0.096680 0.100260
0 0.301270 0.419271 0.094727 0.109375
0 0.184570 0.494141 0.095703 0.102865
0 0.059082 0.575521 0.110352 0.114583