0 0.270996 0.067708 0.108398 0.119792
0 0.798828 0.104818 0.107422 0.118490
0 0.599609 0.082031 0.052734 0.132813
2 0.408203 0.188151 0.130859 0.178385
2 0.388672 0.370443 0.105469 0.186198
2 0.453613 0.346354 0.081055 0.148438
0 0.739746 0.157552 0.100586 0.109375
0 0.676270 0.194661 0.104492 0.123698
0 0.537109 0.139323 0.056641 0.151042
0 0.931152 0.318359 0.098633 0.100260
0 0.860352 0.365234 0.082031 0.092448
0 0.789063 0.414063 0.111328 0.117188
0 0.728027 0.471354 0.098633 0.101563
2 0.647949 0.497396 0.094727 0.166667
2 0.596680 0.535156 0.095703 0.166667
2 0.541016 0.578776 0.095703 0.167969
2 0.485352 0.614583 0.097656 0.166667
0 0.422363 0.709635 0.100586 0.106771
0 0.450195 0.802083 0.097656 0.117188
2 0.469727 0.888672 0.115234 0.139323
0 0.944336 0.608724 0.056641 0.160156
0 0.765137 0.731120 0.077148 0.136719
2 0.587402 0.854167 0.081055 0.143229