0 0.503418 0.224609 0.092773 0.162760
0 0.382813 0.307292 0.105469 0.114583
2 0.270996 0.313802 0.129883 0.135417
0 0.256836 0.401693 0.113281 0.089844
2 0.272461 0.485677 0.189453 0.106771
2 0.241211 0.563802 0.144531 0.080729
2 0.235352 0.639974 0.138672 0.079427
0 0.213379 0.720052 0.114258 0.067708
0 0.217285 0.802083 0.129883 0.070313
0 0.210449 0.940104 0.133789 0.083333
0 0.616211 0.613281 0.115234 0.106771
2 0.539551 0.724609 0.176758 0.154948
0 0.544922 0.824870 0.126953 0.095052
0 0.538086 0.912109 0.119141 0.076823