0 0.159180 0.087891 0.060547 0.105469
0 0.193359 0.146484 0.054688 0.108073
0 0.251953 0.111979 0.056641 0.119792
0 0.320801 0.065104 0.055664 0.119792
0 0.210938 0.932943 0.085938 0.134115
0 0.248047 0.652344 0.068359 0.119792
2 0.171387 0.659505 0.067383 0.157552
0 0.829590 0.561849 0.077148 0.121094
0 0.403809 0.544922 0.067383 0.110677
0 0.724609 0.291016 0.074219 0.108073
0 0.693359 0.047526 0.076172 0.095052
1 0.661621 0.095052 0.094727 0.161458
1 0.616211 0.134115 0.095703 0.171875
2 0.564453 0.169271 0.091797 0.161458
2 0.516113 0.202474 0.090820 0.152344
2 0.465332 0.234375 0.092773 0.143229
2 0.416016 0.265625 0.085938 0.140625
2 0.376953 0.309896 0.083984 0.145833
2 0.331543 0.342448 0.083008 0.130208
0 0.276855 0.397786 0.116211 0.066406
0 0.310547 0.477865 0.103516 0.119792