0 0.750488 0.311198 0.086914 0.098958
2 0.900879 0.671224 0.065430 0.134115
0 0.854004 0.680990 0.057617 0.101563
0 0.811035 0.708984 0.065430 0.123698
0 0.729004 0.746745 0.067383 0.118490
0 0.650391 0.800781 0.064453 0.111979
0 0.447266 0.589844 0.091797 0.070313
0 0.243652 0.733724 0.083008 0.082031
0 0.060059 0.282552 0.081055 0.088542
0 0.080078 0.333984 0.083984 0.087240
0 0.347656 0.046224 0.091797 0.066406
0 0.339355 0.223307 0.086914 0.074219
0 0.319336 0.300130 0.093750 0.066406
0 0.313477 0.386068 0.097656 0.082031
0 0.316406 0.470703 0.099609 0.076823
0 0.274414 0.604167 0.095703 0.067708