0 0.171387 0.523438 0.086914 0.062500
0 0.168457 0.699870 0.100586 0.066406
0 0.261719 0.741536 0.089844 0.066406
2 0.173340 0.813151 0.098633 0.071615
0 0.187500 0.934245 0.085938 0.061198
2 0.767090 0.092448 0.059570 0.114583
2 0.716309 0.098307 0.061523 0.121094
2 0.500977 0.229167 0.066406 0.114583
2 0.692383 0.358724 0.074219 0.126302
2 0.624023 0.552083 0.062500 0.132813
2 0.532715 0.597656 0.071289 0.135417
2 0.572266 0.569010 0.058594 0.111979
2 0.440430 0.619141 0.060547 0.110677
0 0.487793 0.611328 0.061523 0.121094
0 0.532227 0.453776 0.058594 0.110677
0 0.493164 0.468750 0.060547 0.114583
2 0.408691 0.514323 0.065430 0.125000
0 0.271973 0.976563 0.090820 0.046875