0 0.584473 0.100911 0.057617 0.165365
0 0.519531 0.195964 0.078125 0.134115
0 0.388672 0.139323 0.089844 0.138021
0 0.293457 0.196615 0.088867 0.132813
0 0.391113 0.288411 0.104492 0.071615
0 0.200684 0.339844 0.084961 0.125000
0 0.154297 0.406250 0.078125 0.114583
0 0.385742 0.382161 0.121094 0.074219
0 0.375488 0.468750 0.116211 0.080729
0 0.654297 0.135417 0.062500 0.143229
2 0.723633 0.202474 0.072266 0.160156
0 0.785156 0.251302 0.064453 0.143229
0 0.716797 0.624349 0.089844 0.144531
0 0.697754 0.751953 0.086914 0.152344
0 0.585449 0.912109 0.061523 0.144531
0 0.508301 0.901693 0.061523 0.139323
0 0.432129 0.830729 0.055664 0.119792
0 0.375488 0.761068 0.061523 0.149740
0 0.315430 0.683594 0.072266 0.148438
0 0.269043 0.610026 0.083008 0.152344