0 0.068359 0.292318 0.089844 0.126302
0 0.335449 0.115234 0.092773 0.134115
0 0.407715 0.216797 0.088867 0.141927
0 0.463379 0.348307 0.088867 0.134115
0 0.489258 0.743490 0.089844 0.135417
0 0.529785 0.468099 0.092773 0.134115
0 0.588867 0.602865 0.087891 0.151042
0 0.644531 0.735026 0.080078 0.147135
0 0.657715 0.917969 0.081055 0.125000
0 0.751465 0.306641 0.077148 0.123698
0 0.793457 0.427734 0.079102 0.149740
0 0.836914 0.587240 0.074219 0.161458
0 0.901367 0.223958 0.074219 0.148438
0 0.927246 0.352214 0.061523 0.139323