2 0.786621 0.412760 0.077148 0.158854
0 0.847656 0.758464 0.070313 0.165365
0 0.747070 0.555990 0.062500 0.125000
0 0.464844 0.195313 0.062500 0.130208
0 0.417480 0.218750 0.053711 0.138021
0 0.357910 0.243490 0.061523 0.130208
0 0.198242 0.272786 0.058594 0.128906
0 0.148438 0.307292 0.066406 0.140625
0 0.432617 0.552083 0.066406 0.148438
0 0.482910 0.865885 0.057617 0.125000
0 0.627930 0.678385 0.095703 0.083333
0 0.637207 0.749349 0.090820 0.084635
0 0.657227 0.815104 0.101563 0.083333
0 0.657715 0.885417 0.104492 0.083333
0 0.662109 0.955729 0.103516 0.080729