0 0.125977 0.305339 0.089844 0.126302
2 0.213379 0.227865 0.090820 0.132813
0 0.404785 0.210286 0.094727 0.079427
0 0.448242 0.833333 0.089844 0.119792
0 0.698242 0.880208 0.089844 0.119792
0 0.515137 0.614583 0.090820 0.127604
0 0.587891 0.337891 0.097656 0.071615
0 0.765137 0.168620 0.067383 0.126302
0 0.937500 0.496745 0.054688 0.139323
0 0.710449 0.468099 0.114258 0.074219
0 0.744141 0.542969 0.087891 0.059896
0 0.770508 0.609375 0.109375 0.065104
0 0.820313 0.679036 0.101563 0.063802
0 0.844238 0.753255 0.108398 0.063802
0 0.904785 0.813151 0.110352 0.071615