0 0.053711 0.298177 0.054688 0.114583
0 0.392090 0.842448 0.083008 0.078125
0 0.373535 0.783203 0.077148 0.074219
0 0.345215 0.723958 0.075195 0.072917
0 0.397461 0.522135 0.056641 0.117188
0 0.426758 0.478516 0.050781 0.105469
0 0.474121 0.475911 0.051758 0.095052
0 0.555664 0.441406 0.048828 0.096354
0 0.591797 0.430339 0.048828 0.100260
0 0.635742 0.193359 0.054688 0.110677
1 0.454590 0.218750 0.268555 0.210938
0 0.735352 0.149740 0.048828 0.098958
0 0.852539 0.099609 0.056641 0.102865
0 0.774902 0.132813 0.055664 0.098958