2 0.163574 0.090495 0.120117 0.071615
2 0.298340 0.100911 0.124023 0.074219
2 0.163086 0.162109 0.115234 0.074219
2 0.157715 0.227214 0.120117 0.071615
2 0.155762 0.357422 0.116211 0.074219
2 0.151855 0.548177 0.120117 0.070313
2 0.152832 0.611328 0.114258 0.071615
2 0.276367 0.689453 0.123047 0.071615
2 0.278809 0.619141 0.120117 0.071615
2 0.269043 0.552083 0.096680 0.070313
2 0.287598 0.360026 0.122070 0.074219
2 0.288574 0.298177 0.118164 0.075521
2 0.289063 0.231120 0.119141 0.071615
2 0.599609 0.111979 0.083984 0.062500
2 0.705566 0.119141 0.083008 0.055990
2 0.706055 0.174479 0.083984 0.057292
2 0.572266 0.589193 0.097656 0.066406
2 0.570313 0.654948 0.105469 0.072917
2 0.679199 0.643880 0.104492 0.069010
2 0.689941 0.711589 0.120117 0.074219
2 0.680664 0.775391 0.101563 0.074219
2 0.556641 0.846354 0.121094 0.070313
2 0.683594 0.849609 0.107422 0.066406
2 0.684082 0.917318 0.108398 0.069010
2 0.680664 0.975911 0.109375 0.048177
2 0.558594 0.973958 0.119141 0.052083
10 0.562988 0.910807 0.112305 0.074219
10 0.564941 0.776693 0.112305 0.071615
10 0.569824 0.522786 0.114258 0.066406
10 0.688477 0.511719 0.117188 0.070313
10 0.691406 0.578776 0.123047 0.074219
10 0.691895 0.249349 0.112305 0.074219
10 0.692383 0.315755 0.115234 0.066406
10 0.279297 0.485677 0.123047 0.065104
10 0.271973 0.756510 0.122070 0.070313
10 0.157715 0.292318 0.120117 0.063802
10 0.158691 0.424479 0.110352 0.070313
10 0.153809 0.484375 0.120117 0.072917