3 0.183105 0.299479 0.256836 0.098958
1 0.374023 0.629557 0.169922 0.084635
2 0.629883 0.829427 0.048828 0.143229
2 0.787109 0.084635 0.123047 0.072917
2 0.784180 0.147135 0.128906 0.070313
10 0.653809 0.081380 0.118164 0.069010
2 0.649902 0.145833 0.125977 0.075521
10 0.654785 0.210938 0.110352 0.070313
10 0.649414 0.274740 0.121094 0.072917
10 0.777832 0.274740 0.118164 0.072917
2 0.765625 0.341146 0.097656 0.070313
2 0.646973 0.335286 0.124023 0.074219
2 0.648926 0.404297 0.114258 0.076823
2 0.777832 0.408854 0.124023 0.070313
2 0.772949 0.478516 0.125977 0.063802
10 0.769531 0.543620 0.121094 0.066406