2 0.104004 0.220703 0.055664 0.141927
2 0.528809 0.027344 0.125977 0.054688
2 0.655762 0.031250 0.108398 0.062500
10 0.534668 0.086589 0.114258 0.069010
0 0.961426 0.716146 0.077148 0.059896
2 0.644531 0.714844 0.123047 0.078125
2 0.511230 0.712891 0.124023 0.074219
2 0.508789 0.794271 0.125000 0.072917
2 0.532227 0.157552 0.109375 0.070313
2 0.524414 0.223958 0.123047 0.072917
2 0.521484 0.292318 0.128906 0.076823
2 0.654297 0.091797 0.115234 0.074219
2 0.650879 0.157552 0.108398 0.070313
2 0.649902 0.226563 0.108398 0.067708
2 0.646973 0.298177 0.108398 0.075521
2 0.646484 0.438802 0.109375 0.075521
2 0.520508 0.858724 0.099609 0.071615
2 0.511719 0.927083 0.119141 0.072917
10 0.644531 0.932943 0.128906 0.063802
2 0.629395 0.867188 0.098633 0.067708