0 0.794922 0.083984 0.095703 0.055990
0 0.712402 0.171224 0.092773 0.058594
0 0.689453 0.264974 0.095703 0.058594
0 0.761230 0.455078 0.096680 0.066406
1 0.676758 0.540365 0.306641 0.096354
0 0.675781 0.728516 0.068359 0.055990
0 0.668457 0.819010 0.084961 0.057292
10 0.038086 0.800130 0.054688 0.178385
10 0.087891 0.796875 0.044922 0.177083
2 0.363770 0.263021 0.124023 0.078125
2 0.350586 0.414063 0.105469 0.067708
10 0.360840 0.475911 0.129883 0.074219
10 0.226563 0.736979 0.117188 0.072917
2 0.233887 0.876953 0.098633 0.074219
2 0.229980 0.262370 0.124023 0.066406
2 0.228027 0.341797 0.120117 0.071615
2 0.240234 0.404297 0.095703 0.071615
2 0.229980 0.474609 0.116211 0.069010
2 0.233887 0.606771 0.104492 0.067708
2 0.347656 0.611328 0.111328 0.069010
2 0.232910 0.673177 0.104492 0.062500
2 0.343262 0.673828 0.100586 0.074219
2 0.342773 0.742839 0.099609 0.071615