2 0.204590 0.675130 0.086914 0.157552
0 0.523926 0.883464 0.081055 0.087240
0 0.405273 0.920573 0.046875 0.109375
0 0.782715 0.904297 0.077148 0.079427
0 0.804688 0.947917 0.078125 0.072917
0 0.788086 0.475260 0.048828 0.093750
0 0.710938 0.632161 0.058594 0.110677
0 0.655762 0.623698 0.053711 0.119792
0 0.306152 0.450521 0.055664 0.093750
2 0.344727 0.408854 0.066406 0.127604
0 0.386230 0.372396 0.051758 0.111979
0 0.439941 0.447266 0.049805 0.089844
2 0.414551 0.524740 0.081055 0.169271
0 0.465820 0.548828 0.056641 0.113281
0 0.489746 0.657552 0.059570 0.106771
0 0.509277 0.512370 0.055664 0.118490
0 0.538574 0.480469 0.051758 0.106771
0 0.570801 0.585938 0.051758 0.101563
0 0.591797 0.501302 0.062500 0.117188
0 0.641113 0.472005 0.049805 0.108073
0 0.615723 0.628255 0.047852 0.110677