0 0.369629 0.190755 0.086914 0.082031
0 0.397949 0.305339 0.081055 0.079427
0 0.090332 0.293620 0.043945 0.115885
0 0.627930 0.212240 0.076172 0.080729
0 0.649414 0.250651 0.076172 0.074219
10 0.647461 0.313151 0.099609 0.095052
10 0.601074 0.402344 0.067383 0.122396
10 0.583984 0.544271 0.078125 0.138021
0 0.678223 0.412109 0.083008 0.071615
2 0.691895 0.527995 0.124023 0.095052
0 0.534668 0.697917 0.045898 0.093750
0 0.577148 0.666016 0.056641 0.115885
0 0.676758 0.643229 0.046875 0.093750
0 0.727051 0.629557 0.077148 0.066406
0 0.721191 0.742839 0.053711 0.102865
0 0.686523 0.765625 0.052734 0.114583
0 0.644531 0.783854 0.056641 0.111979
0 0.606445 0.804036 0.052734 0.115885
0 0.565918 0.823568 0.057617 0.113281