0 0.598633 0.970052 0.076172 0.059896
0 0.576172 0.918620 0.080078 0.076823
0 0.570313 0.853516 0.083984 0.074219
3 0.306641 0.331380 0.281250 0.199219
0 0.879395 0.738932 0.049805 0.102865
0 0.897461 0.586589 0.044922 0.102865
0 0.855957 0.604818 0.049805 0.113281
0 0.811523 0.615234 0.048828 0.113281
0 0.768555 0.626953 0.050781 0.110677
0 0.907227 0.288411 0.052734 0.110677
0 0.840820 0.323568 0.052734 0.100260
0 0.747070 0.358073 0.056641 0.111979
0 0.705566 0.365885 0.057617 0.114583
0 0.686035 0.253906 0.049805 0.109375
0 0.723145 0.245443 0.049805 0.108073
0 0.803711 0.220052 0.052734 0.106771
0 0.835938 0.191406 0.062500 0.122396