2 0.260742 0.787109 0.099609 0.089844
0 0.064453 0.542318 0.082031 0.108073
0 0.110352 0.513021 0.089844 0.132813
0 0.159668 0.478516 0.102539 0.121094
0 0.219727 0.463542 0.083984 0.098958
0 0.256348 0.436849 0.088867 0.113281
2 0.308594 0.407552 0.089844 0.111979
2 0.356445 0.383464 0.095703 0.134115
2 0.410645 0.350260 0.114258 0.143229
0 0.540039 0.407552 0.087891 0.135417
0 0.584961 0.439453 0.083984 0.113281
0 0.602051 0.514974 0.081055 0.115885
0 0.759277 0.196615 0.098633 0.070313
2 0.777832 0.276042 0.114258 0.085938
0 0.800781 0.345052 0.101563 0.072917
0 0.818359 0.419271 0.087891 0.065104
0 0.841797 0.475911 0.107422 0.066406
0 0.844727 0.539714 0.095703 0.066406
0 0.858887 0.615234 0.104492 0.069010