0 0.202148 0.517578 0.050781 0.139323
0 0.256836 0.481771 0.052734 0.132813
0 0.313477 0.461589 0.062500 0.144531
2 0.537109 0.361979 0.054688 0.153646
2 0.589355 0.963542 0.106445 0.072917
2 0.738770 0.534505 0.108398 0.149740
2 0.691895 0.563151 0.098633 0.131510
2 0.633301 0.584635 0.092773 0.125000
0 0.587402 0.615885 0.088867 0.111979
0 0.544922 0.646484 0.083984 0.100260
0 0.482910 0.658854 0.094727 0.132813
0 0.433594 0.694661 0.105469 0.123698
0 0.387207 0.719401 0.086914 0.108073
0 0.873535 0.583984 0.092773 0.139323
0 0.913086 0.623047 0.082031 0.113281
0 0.933105 0.695964 0.084961 0.115885