0 0.093262 0.147786 0.086914 0.128906
0 0.294434 0.449219 0.077148 0.111979
0 0.519043 0.176432 0.092773 0.087240
0 0.672852 0.214844 0.097656 0.070313
0 0.702148 0.274740 0.097656 0.065104
0 0.731445 0.344401 0.097656 0.066406
0 0.839844 0.562500 0.085938 0.098958
0 0.923340 0.644531 0.069336 0.104167
0 0.425781 0.240885 0.105469 0.067708
0 0.459473 0.299479 0.092773 0.067708
0 0.480469 0.354167 0.091797 0.070313
2 0.501953 0.404297 0.099609 0.076823
0 0.535156 0.475260 0.095703 0.062500
4 0.770020 0.807292 0.225586 0.166667
4 0.796387 0.914714 0.208008 0.154948