0 0.600098 0.122396 0.139648 0.091146
0 0.906738 0.291016 0.096680 0.191406
0 0.823242 0.299479 0.097656 0.182292
0 0.761230 0.384766 0.088867 0.199219
2 0.676270 0.393880 0.073242 0.217448
0 0.596680 0.399089 0.066406 0.201823
0 0.516602 0.399089 0.076172 0.207031
0 0.447754 0.399089 0.077148 0.207031
0 0.370117 0.410807 0.074219 0.214844
0 0.312500 0.663411 0.152344 0.095052
0 0.294922 0.396484 0.066406 0.170573
0 0.228516 0.398438 0.064453 0.208333
0 0.153320 0.385417 0.068359 0.179688
0 0.080078 0.399089 0.072266 0.207031