0 0.601074 0.096354 0.108398 0.182292
0 0.502441 0.151042 0.081055 0.174479
0 0.424805 0.157552 0.093750 0.197917
0 0.341797 0.199219 0.097656 0.190104
0 0.256348 0.235677 0.100586 0.184896
0 0.162598 0.272135 0.102539 0.184896
0 0.935059 0.308594 0.129883 0.143229
0 0.828125 0.332031 0.148438 0.151042
0 0.748047 0.375651 0.126953 0.136719
0 0.645020 0.418620 0.149414 0.141927
0 0.583496 0.474609 0.149414 0.154948
0 0.470215 0.503255 0.122070 0.128906
0 0.379883 0.554688 0.144531 0.140625
0 0.301758 0.613932 0.136719 0.136719
0 0.327637 0.774089 0.077148 0.191406
0 0.503906 0.734375 0.089844 0.195313
0 0.566895 0.667969 0.081055 0.184896
0 0.648438 0.648438 0.095703 0.192708
0 0.709961 0.617188 0.103516 0.182292
0 0.781738 0.576172 0.098633 0.196615
0 0.849121 0.541667 0.098633 0.177083
0 0.926758 0.522135 0.097656 0.197917