0 0.094238 0.187500 0.086914 0.171875
2 0.179688 0.166667 0.105469 0.197917
0 0.261230 0.136068 0.106445 0.194010
0 0.346191 0.115234 0.100586 0.186198
0 0.411133 0.152344 0.101563 0.177083
0 0.174316 0.335286 0.141602 0.123698
0 0.556152 0.220052 0.145508 0.132813
0 0.573242 0.295573 0.126953 0.125000
0 0.589844 0.380208 0.148438 0.143229
0 0.612793 0.473958 0.145508 0.143229
0 0.638184 0.564453 0.141602 0.128906
0 0.662598 0.646484 0.139648 0.123698
0 0.694824 0.738932 0.166992 0.144531
0 0.206543 0.509766 0.145508 0.147135
0 0.128418 0.567057 0.135742 0.139323
0 0.290039 0.677083 0.078125 0.171875
0 0.224609 0.711589 0.095703 0.191406
0 0.160645 0.759115 0.084961 0.187500
0 0.089355 0.788411 0.100586 0.196615