1 0.892090 0.396484 0.166992 0.128906
2 0.613770 0.505859 0.116211 0.097656
0 0.682129 0.246094 0.090820 0.083333
0 0.728516 0.451823 0.087891 0.075521
0 0.626465 0.345703 0.075195 0.074219
0 0.611816 0.615234 0.092773 0.076823
0 0.520020 0.634115 0.090820 0.065104
0 0.341797 0.687500 0.074219 0.072917
0 0.163574 0.745443 0.083008 0.074219
0 0.516602 0.544922 0.089844 0.079427
0 0.429688 0.575521 0.082031 0.075521
0 0.340332 0.452474 0.083008 0.082031
0 0.245605 0.633464 0.092773 0.084635
0 0.090820 0.550781 0.093750 0.083333
0 0.110840 0.677734 0.088867 0.079427
0 0.084473 0.774740 0.088867 0.075521