0 0.926270 0.296224 0.086914 0.071615
0 0.914551 0.386068 0.086914 0.074219
2 0.810547 0.418620 0.109375 0.092448
0 0.806152 0.328125 0.086914 0.080729
0 0.696777 0.373047 0.096680 0.089844
0 0.589844 0.509766 0.080078 0.074219
0 0.581543 0.395833 0.096680 0.088542
0 0.423340 0.572917 0.084961 0.078125
0 0.459473 0.462891 0.092773 0.079427
0 0.395020 0.404297 0.092773 0.092448
0 0.354004 0.515625 0.084961 0.088542
0 0.338379 0.608724 0.092773 0.089844
2 0.226074 0.651693 0.102539 0.095052
0 0.234375 0.404948 0.101563 0.093750
0 0.237793 0.561198 0.102539 0.088542
0 0.120605 0.615234 0.090820 0.087240