2 0.650879 0.285807 0.053711 0.183594
2 0.523438 0.270833 0.050781 0.166667
0 0.472656 0.251302 0.044922 0.122396
0 0.531250 0.121094 0.042969 0.117188
0 0.491699 0.108724 0.043945 0.113281
0 0.443848 0.097656 0.047852 0.125000
2 0.360840 0.261068 0.059570 0.167969
0 0.750488 0.927734 0.041992 0.102865
0 0.711426 0.925130 0.038086 0.108073
2 0.383301 0.889323 0.049805 0.127604
0 0.343262 0.859375 0.043945 0.127604
0 0.298828 0.861979 0.044922 0.125000
0 0.249023 0.863932 0.044922 0.128906
0 0.291992 0.707031 0.083984 0.057292
0 0.283691 0.587240 0.081055 0.059896
0 0.286621 0.645833 0.098633 0.057292