0 0.972656 0.589844 0.050781 0.109375
0 0.953125 0.436849 0.050781 0.118490
0 0.871582 0.333333 0.083008 0.052083
0 0.842773 0.086589 0.083984 0.055990
0 0.848633 0.161458 0.080078 0.059896
0 0.856934 0.225911 0.081055 0.050781
1 0.381836 0.139323 0.064453 0.156250
1 0.314453 0.154297 0.064453 0.157552
1 0.253906 0.167969 0.066406 0.158854
1 0.181641 0.184245 0.064453 0.160156
1 0.334473 0.531901 0.067383 0.154948
1 0.260742 0.549479 0.062500 0.156250
1 0.200684 0.559896 0.065430 0.151042
1 0.141602 0.577474 0.068359 0.152344
1 0.082520 0.589193 0.067383 0.149740