2 0.191895 0.783854 0.045898 0.127604
0 0.836426 0.611328 0.040039 0.108073
0 0.791992 0.633464 0.064453 0.097656
0 0.670410 0.639323 0.059570 0.088542
0 0.630371 0.643880 0.057617 0.092448
0 0.551270 0.649089 0.055664 0.089844
0 0.750000 0.439453 0.058594 0.092448
0 0.702637 0.441406 0.059570 0.093750
0 0.662109 0.437500 0.058594 0.096354
0 0.610352 0.446615 0.058594 0.098958
0 0.746094 0.367188 0.064453 0.093750
0 0.703125 0.359375 0.062500 0.101563
0 0.654297 0.371094 0.060547 0.085938
0 0.622559 0.351563 0.055664 0.085938
0 0.822266 0.192708 0.037109 0.114583
0 0.729004 0.044271 0.036133 0.088542
0 0.693359 0.180339 0.066406 0.100260
0 0.449219 0.199219 0.056641 0.093750
0 0.366699 0.207682 0.053711 0.095052
0 0.166016 0.209635 0.058594 0.091146
0 0.084961 0.222005 0.064453 0.095052
11 0.265625 0.803385 0.046875 0.156250
0 0.205078 0.199870 0.052734 0.089844