0 0.868164 0.180990 0.080078 0.145833
0 0.750977 0.188151 0.078125 0.149740
0 0.695801 0.199870 0.065430 0.123698
0 0.641113 0.193359 0.081055 0.149740
0 0.577637 0.203125 0.083008 0.143229
0 0.521973 0.210938 0.077148 0.135417
0 0.461914 0.210286 0.080078 0.147135
0 0.403320 0.219401 0.076172 0.141927
0 0.347656 0.225911 0.068359 0.121094
0 0.294434 0.234375 0.079102 0.145833
0 0.231934 0.223958 0.075195 0.125000
0 0.703613 0.352865 0.073242 0.148438
0 0.582520 0.379557 0.081055 0.147135
0 0.525879 0.361979 0.067383 0.135417
0 0.468750 0.375651 0.068359 0.134115
0 0.349609 0.373047 0.066406 0.131510
0 0.251953 0.382813 0.068359 0.148438
0 0.191895 0.380859 0.061523 0.123698
0 0.607422 0.652995 0.076172 0.128906
0 0.545898 0.662109 0.082031 0.131510
0 0.480957 0.663411 0.075195 0.134115
0 0.419434 0.662109 0.067383 0.121094
0 0.361328 0.680990 0.066406 0.122396
0 0.305176 0.673828 0.083008 0.149740
0 0.543945 0.815755 0.074219 0.152344
0 0.427246 0.820313 0.075195 0.148438
0 0.194336 0.830078 0.076172 0.149740