0 0.772461 0.204427 0.062500 0.148438
0 0.706055 0.188151 0.052734 0.139323
0 0.655273 0.194661 0.056641 0.141927
0 0.596680 0.212891 0.050781 0.134115
0 0.546387 0.212891 0.057617 0.149740
0 0.486328 0.216797 0.056641 0.147135
0 0.379395 0.229818 0.059570 0.154948
0 0.257324 0.218099 0.059570 0.136719
0 0.154297 0.225260 0.050781 0.148438
0 0.245117 0.565104 0.054688 0.132813
0 0.353516 0.556641 0.056641 0.144531
0 0.408691 0.557292 0.041992 0.122396
0 0.515137 0.546875 0.053711 0.127604
0 0.523438 0.695964 0.052734 0.152344
0 0.574219 0.535807 0.062500 0.154948
0 0.629395 0.539063 0.045898 0.130208
0 0.683594 0.537109 0.050781 0.141927
0 0.741699 0.522135 0.057617 0.156250
0 0.798340 0.528646 0.057617 0.151042
0 0.747559 0.682292 0.053711 0.145833
0 0.802734 0.671875 0.052734 0.143229