3 0.111816 0.595703 0.100586 0.524740
0 0.666504 0.617839 0.108398 0.121094
2 0.567383 0.410807 0.050781 0.162760
10 0.717285 0.408203 0.059570 0.175781
0 0.835449 0.160156 0.053711 0.143229
0 0.781738 0.173828 0.049805 0.131510
0 0.725098 0.175130 0.053711 0.144531
0 0.669434 0.173177 0.053711 0.153646
0 0.558105 0.180990 0.055664 0.145833
0 0.391602 0.199870 0.052734 0.141927
0 0.337402 0.201823 0.053711 0.135417
0 0.286133 0.194010 0.050781 0.140625
0 0.232422 0.208333 0.050781 0.138021
0 0.172852 0.219401 0.050781 0.136719
0 0.117188 0.220703 0.048828 0.141927
0 0.059082 0.225260 0.057617 0.145833