0 0.859863 0.082682 0.061523 0.154948
0 0.750000 0.089844 0.048828 0.156250
0 0.463379 0.113281 0.110352 0.075521
0 0.922363 0.408203 0.057617 0.149740
0 0.868652 0.421224 0.047852 0.136719
0 0.769043 0.417318 0.057617 0.136719
0 0.621094 0.408203 0.056641 0.147135
2 0.556641 0.412109 0.060547 0.180990
0 0.436035 0.416016 0.053711 0.144531
0 0.498535 0.572266 0.055664 0.141927
0 0.618164 0.859375 0.054688 0.148438
0 0.461914 0.888021 0.050781 0.135417
0 0.356445 0.893880 0.056641 0.139323
0 0.301758 0.895833 0.046875 0.117188
0 0.243652 0.878906 0.053711 0.130208
0 0.121094 0.899089 0.050781 0.147135
0 0.065430 0.889323 0.054688 0.156250
2 0.598145 0.083984 0.137695 0.097656