0 0.667969 0.147786 0.050781 0.134115
0 0.608887 0.166016 0.053711 0.144531
0 0.554199 0.153646 0.055664 0.148438
0 0.500488 0.148438 0.051758 0.135417
0 0.447266 0.154297 0.052734 0.149740
0 0.394043 0.156250 0.053711 0.130208
0 0.288086 0.182292 0.056641 0.151042
2 0.228027 0.180990 0.055664 0.171875
0 0.778809 0.439453 0.053711 0.149740
0 0.673828 0.451823 0.050781 0.140625
0 0.398926 0.453776 0.051758 0.139323
0 0.344727 0.466797 0.054688 0.147135
0 0.480469 0.904297 0.054688 0.149740
0 0.424316 0.914063 0.045898 0.132813
0 0.512695 0.602214 0.048828 0.139323
0 0.406250 0.615885 0.048828 0.135417