0 0.111328 0.101563 0.113281 0.122396
0 0.131348 0.177083 0.096680 0.106771
0 0.159180 0.236979 0.099609 0.098958
0 0.356934 0.069010 0.106445 0.111979
0 0.388184 0.130208 0.088867 0.093750
0 0.518066 0.132813 0.104492 0.104167
0 0.404785 0.194661 0.108398 0.108073
0 0.201172 0.373047 0.097656 0.108073
0 0.092773 0.447917 0.105469 0.111979
0 0.246582 0.505208 0.092773 0.111979
0 0.132324 0.572266 0.096680 0.102865
0 0.160645 0.690755 0.094727 0.089844
0 0.198730 0.774740 0.104492 0.111979
0 0.223633 0.839844 0.087891 0.096354
0 0.293945 0.633464 0.107422 0.118490
0 0.431152 0.261719 0.096680 0.106771
0 0.438965 0.339193 0.106445 0.115885
0 0.576660 0.266276 0.098633 0.092448
0 0.477539 0.403646 0.103516 0.114583
0 0.506836 0.462240 0.101563 0.111979
0 0.616699 0.400391 0.116211 0.113281
0 0.529297 0.527344 0.105469 0.109375
0 0.550293 0.591146 0.092773 0.096354
0 0.577148 0.641927 0.095703 0.096354
0 0.629395 0.779297 0.102539 0.102865
0 0.764648 0.774089 0.097656 0.100260
0 0.655762 0.838542 0.100586 0.101563
0 0.669922 0.906901 0.097656 0.092448
0 0.777344 0.860026 0.103516 0.108073
0 0.792969 0.917318 0.117188 0.102865
0 0.843262 0.324870 0.110352 0.105469
0 0.937500 0.180339 0.093750 0.095052
0 0.821289 0.204427 0.109375 0.111979
0 0.920410 0.100260 0.110352 0.111979
0 0.800293 0.089193 0.102539 0.095052
2 0.765625 0.041667 0.099609 0.083333