0 0.320801 0.095052 0.098633 0.104167
0 0.137207 0.343750 0.102539 0.111979
0 0.161133 0.414714 0.105469 0.089844
2 0.059570 0.479167 0.099609 0.106771
0 0.075195 0.555990 0.107422 0.117188
0 0.113770 0.619141 0.104492 0.108073
0 0.220215 0.553385 0.108398 0.122396
0 0.127930 0.701172 0.103516 0.113281
0 0.232910 0.632161 0.104492 0.115885
0 0.263672 0.703125 0.111328 0.114583
0 0.152344 0.771484 0.107422 0.108073
0 0.284668 0.768229 0.100586 0.106771
0 0.171387 0.839844 0.102539 0.111979
0 0.307617 0.839844 0.105469 0.117188
0 0.198242 0.908203 0.099609 0.105469
0 0.354492 0.166016 0.107422 0.113281
0 0.457031 0.100260 0.099609 0.104167
0 0.476074 0.172526 0.100586 0.110677
0 0.509277 0.231771 0.090820 0.111979
0 0.403809 0.320313 0.104492 0.109375
0 0.428711 0.410807 0.095703 0.105469
0 0.465332 0.468099 0.090820 0.102865
0 0.481934 0.542318 0.096680 0.102865
0 0.511719 0.608073 0.109375 0.106771
0 0.537109 0.685547 0.095703 0.105469
0 0.564453 0.763021 0.109375 0.109375
0 0.545898 0.323568 0.101563 0.102865
0 0.560547 0.406250 0.099609 0.106771
0 0.595703 0.469401 0.095703 0.105469
0 0.624512 0.552083 0.100586 0.104167
0 0.652344 0.625000 0.111328 0.106771
0 0.733887 0.114583 0.094727 0.098958
0 0.758789 0.174479 0.091797 0.106771
0 0.792969 0.243490 0.097656 0.109375
0 0.809570 0.327474 0.111328 0.113281
0 0.844727 0.060547 0.111328 0.118490
0 0.877930 0.115234 0.099609 0.105469
0 0.895508 0.194010 0.103516 0.117188
0 0.840332 0.395833 0.100586 0.111979
0 0.869629 0.470052 0.108398 0.106771
0 0.890137 0.541016 0.102539 0.105469
0 0.951172 0.334635 0.097656 0.101563