0 0.142578 0.193359 0.105469 0.100260
0 0.499023 0.049479 0.107422 0.098958
0 0.181641 0.342448 0.099609 0.106771
0 0.344238 0.376302 0.116211 0.114583
0 0.551758 0.191406 0.103516 0.106771
0 0.581055 0.265625 0.105469 0.111979
0 0.740723 0.315755 0.106445 0.108073
0 0.283691 0.580078 0.102539 0.105469
0 0.063965 0.733724 0.104492 0.115885
0 0.083008 0.811198 0.091797 0.098958
0 0.098633 0.887370 0.103516 0.110677
0 0.308105 0.648438 0.102539 0.111979
0 0.332031 0.713542 0.101563 0.117188
0 0.358887 0.774089 0.094727 0.100260
0 0.386230 0.860677 0.102539 0.111979
0 0.416016 0.932943 0.105469 0.102865
0 0.397949 0.533203 0.108398 0.115885
0 0.449219 0.635417 0.099609 0.106771
0 0.472656 0.705729 0.101563 0.106771
0 0.519531 0.865885 0.101563 0.101563
0 0.541016 0.935547 0.097656 0.102865
0 0.907227 0.822917 0.113281 0.125000
0 0.793945 0.870443 0.103516 0.102865
0 0.820313 0.934896 0.093750 0.101563
0 0.940430 0.869792 0.101563 0.111979
0 0.952637 0.945313 0.092773 0.109375