1 0.922363 0.509115 0.098633 0.151042
0 0.910156 0.577474 0.052734 0.084635
0 0.655273 0.041667 0.050781 0.083333
0 0.616699 0.078125 0.051758 0.080729
0 0.577148 0.115234 0.060547 0.092448
1 0.692383 0.236979 0.107422 0.166667
1 0.656738 0.285156 0.108398 0.169271
0 0.611328 0.335286 0.056641 0.089844
0 0.567871 0.372396 0.061523 0.085938
1 0.517578 0.408854 0.111328 0.158854
0 0.483887 0.480469 0.059570 0.078125
1 0.491699 0.176432 0.106445 0.162760
0 0.456543 0.228516 0.057617 0.089844
0 0.416992 0.264974 0.058594 0.092448
0 0.373535 0.292969 0.059570 0.091146
0 0.345215 0.347656 0.055664 0.080729
0 0.309570 0.384766 0.060547 0.089844
2 0.267090 0.415365 0.083008 0.125000
0 0.229980 0.462891 0.057617 0.095052
0 0.180664 0.483073 0.058594 0.083333
0 0.131836 0.521484 0.064453 0.092448
0 0.108398 0.572917 0.058594 0.083333
0 0.217773 0.717448 0.056641 0.070313
2 0.260254 0.679036 0.069336 0.079427
0 0.299805 0.629557 0.060547 0.084635
0 0.351074 0.599609 0.063477 0.087240
0 0.395996 0.559896 0.065430 0.088542
0 0.879883 0.628255 0.056641 0.089844
0 0.852539 0.688151 0.050781 0.082031
0 0.804688 0.708984 0.056641 0.084635
0 0.773438 0.759766 0.062500 0.102865
0 0.734375 0.805990 0.062500 0.088542
0 0.692871 0.855469 0.067383 0.093750
2 0.646973 0.878906 0.067383 0.096354
0 0.621094 0.946615 0.060547 0.085938