0 0.435059 0.068359 0.067383 0.128906
0 0.386230 0.098958 0.084961 0.130208
0 0.079590 0.082682 0.096680 0.100260
0 0.106934 0.143880 0.096680 0.092448
0 0.127441 0.209635 0.100586 0.106771
0 0.152832 0.277995 0.090820 0.100260
0 0.163574 0.348307 0.092773 0.092448
0 0.198730 0.438802 0.098633 0.101563
0 0.224609 0.504557 0.097656 0.108073
0 0.243164 0.574219 0.095703 0.104167
0 0.264648 0.645833 0.097656 0.104167
0 0.291016 0.716146 0.097656 0.109375
0 0.343262 0.863281 0.106445 0.122396
0 0.362305 0.516276 0.070313 0.134115
0 0.613770 0.321615 0.067383 0.122396