0 0.899902 0.121094 0.073242 0.138021
0 0.850586 0.150391 0.066406 0.144531
0 0.796875 0.171224 0.064453 0.115885
0 0.758301 0.214844 0.075195 0.122396
0 0.707520 0.239583 0.067383 0.125000
0 0.649902 0.265625 0.073242 0.130208
0 0.602051 0.297526 0.071289 0.134115
0 0.551758 0.322266 0.074219 0.126302
0 0.509766 0.362630 0.066406 0.113281
0 0.453613 0.382161 0.069336 0.134115
0 0.398438 0.428385 0.078125 0.140625
0 0.350098 0.458984 0.073242 0.141927
0 0.297852 0.478516 0.080078 0.134115
0 0.246094 0.521484 0.078125 0.131510
0 0.197754 0.551432 0.067383 0.115885
0 0.151855 0.587240 0.084961 0.143229
0 0.098633 0.606120 0.068359 0.113281
0 0.047363 0.647135 0.079102 0.143229
0 0.384277 0.791667 0.077148 0.138021
0 0.344238 0.837891 0.069336 0.121094
0 0.296387 0.872396 0.073242 0.132813
0 0.249512 0.895833 0.065430 0.114583
0 0.156250 0.942057 0.062500 0.115885