0 0.447266 0.098307 0.074219 0.134115
0 0.399414 0.130208 0.078125 0.135417
0 0.346191 0.150391 0.067383 0.128906
0 0.298340 0.182292 0.073242 0.135417
0 0.251465 0.214844 0.065430 0.122396
0 0.201660 0.242188 0.075195 0.140625
0 0.101563 0.308594 0.080078 0.140625
0 0.634766 0.409505 0.058594 0.115885
2 0.684570 0.571615 0.078125 0.145833
0 0.952148 0.860677 0.080078 0.148438
0 0.582031 0.439453 0.066406 0.128906
0 0.581543 0.614583 0.067383 0.125000
0 0.482422 0.688802 0.074219 0.130208
0 0.531738 0.483724 0.069336 0.134115
0 0.479004 0.520833 0.067383 0.125000
0 0.428223 0.559245 0.075195 0.141927