0 0.070801 0.064453 0.100586 0.121094
0 0.405762 0.083333 0.092773 0.130208
0 0.215820 0.173177 0.089844 0.125000
0 0.261230 0.238281 0.086914 0.127604
0 0.308105 0.296875 0.086914 0.122396
0 0.357422 0.354167 0.085938 0.125000
0 0.455566 0.133464 0.077148 0.110677
0 0.502930 0.193359 0.078125 0.115885
0 0.542969 0.242839 0.074219 0.110677
0 0.588379 0.287760 0.090820 0.127604
0 0.910645 0.302734 0.086914 0.126302
0 0.861816 0.358073 0.088867 0.119792
0 0.815430 0.414714 0.080078 0.118490
0 0.769043 0.475911 0.084961 0.121094
0 0.595215 0.705729 0.096680 0.125000
0 0.480957 0.802734 0.071289 0.136719
0 0.333008 0.648438 0.097656 0.117188
0 0.360840 0.580078 0.104492 0.126302
0 0.405762 0.515625 0.079102 0.096354
0 0.511719 0.350911 0.093750 0.126302
0 0.475098 0.412109 0.077148 0.110677
0 0.439453 0.458984 0.080078 0.105469
0 0.284180 0.464193 0.087891 0.134115
0 0.208984 0.579427 0.087891 0.130208
0 0.129883 0.688802 0.093750 0.135417
0 0.176758 0.380208 0.099609 0.135417
0 0.128418 0.435547 0.102539 0.128906
0 0.089844 0.505859 0.109375 0.131510
0 0.043945 0.589844 0.087891 0.148438