0 0.331543 0.043620 0.086914 0.087240
0 0.280762 0.100260 0.088867 0.091146
0 0.239746 0.165365 0.090820 0.101563
0 0.200195 0.227214 0.083984 0.089844
0 0.158691 0.292318 0.088867 0.095052
0 0.095703 0.369792 0.097656 0.104167
0 0.044922 0.445313 0.089844 0.093750
0 0.427246 0.320313 0.114258 0.109375
0 0.379883 0.397135 0.107422 0.104167
0 0.318848 0.476563 0.106445 0.104167
0 0.262695 0.556641 0.103516 0.087240
0 0.692383 0.133464 0.089844 0.108073
0 0.738281 0.190104 0.089844 0.104167
0 0.784180 0.240234 0.085938 0.100260
0 0.212891 0.639323 0.089844 0.088542
0 0.175293 0.725911 0.100586 0.095052
0 0.084961 0.905599 0.107422 0.087240
0 0.619141 0.404948 0.099609 0.143229
0 0.669922 0.441406 0.087891 0.140625
0 0.533203 0.632813 0.099609 0.127604
0 0.481445 0.682292 0.091797 0.114583
0 0.440918 0.748698 0.090820 0.109375
0 0.357422 0.883464 0.093750 0.115885
0 0.316406 0.957031 0.105469 0.085938
0 0.785156 0.540365 0.054688 0.143229
0 0.678223 0.742839 0.090820 0.131510
0 0.723145 0.804688 0.086914 0.132813
0 0.771484 0.864583 0.089844 0.125000
0 0.637695 0.944010 0.097656 0.111979
0 0.867676 0.651042 0.084961 0.122396
0 0.916016 0.706380 0.074219 0.108073
0 0.960449 0.757813 0.075195 0.119792
0 0.819336 0.921224 0.083984 0.131510