0 0.964844 0.062500 0.070313 0.125000
0 0.908203 0.154297 0.082031 0.118490
0 0.815430 0.272135 0.083984 0.114583
2 0.820313 0.871745 0.107422 0.123698
0 0.395508 0.137370 0.072266 0.147135
0 0.338379 0.171875 0.065430 0.140625
0 0.272949 0.272786 0.077148 0.128906
0 0.240723 0.341797 0.065430 0.134115
0 0.193848 0.395182 0.065430 0.141927
0 0.114258 0.535156 0.078125 0.117188
2 0.372070 0.281901 0.099609 0.147135
0 0.227051 0.518229 0.084961 0.132813
2 0.471191 0.378255 0.094727 0.134115
0 0.565430 0.427734 0.085938 0.115885
0 0.532715 0.485677 0.071289 0.098958
0 0.500488 0.519531 0.090820 0.119792
2 0.468262 0.585286 0.096680 0.141927
2 0.407227 0.641927 0.101563 0.145833
0 0.373535 0.694661 0.077148 0.126302
0 0.285645 0.804688 0.084961 0.127604
0 0.423340 0.826823 0.084961 0.140625
2 0.461914 0.780599 0.089844 0.144531
2 0.509766 0.736328 0.093750 0.128906
0 0.540039 0.690755 0.083984 0.118490
0 0.562988 0.639974 0.088867 0.121094
0 0.597168 0.602865 0.090820 0.140625
0 0.620605 0.533203 0.075195 0.115885
0 0.301758 0.412760 0.103516 0.132813