2 0.194336 0.099609 0.117188 0.136719
0 0.127441 0.225911 0.081055 0.102865
0 0.071289 0.256510 0.078125 0.098958
0 0.316895 0.203776 0.084961 0.115885
2 0.754883 0.440755 0.148438 0.074219
2 0.820801 0.519531 0.141602 0.080729
0 0.573242 0.438802 0.091797 0.078125
0 0.533691 0.513672 0.100586 0.074219
0 0.481934 0.580078 0.098633 0.082031
0 0.700684 0.572266 0.092773 0.074219
0 0.653320 0.639974 0.093750 0.071615
0 0.617676 0.711589 0.094727 0.071615
0 0.575684 0.784505 0.088867 0.069010
0 0.531250 0.848307 0.091797 0.061198
0 0.486816 0.923828 0.094727 0.066406
0 0.407227 0.682943 0.093750 0.079427
0 0.358398 0.751302 0.095703 0.080729
0 0.321289 0.822266 0.095703 0.082031