0 0.604492 0.178385 0.091797 0.114583
0 0.572754 0.241536 0.088867 0.115885
0 0.535645 0.297526 0.094727 0.113281
0 0.508301 0.379557 0.092773 0.121094
0 0.471680 0.430990 0.095703 0.111979
0 0.936035 0.300130 0.077148 0.115885
0 0.791992 0.584635 0.089844 0.111979
0 0.377930 0.319010 0.087891 0.111979
0 0.345215 0.376302 0.092773 0.101563
0 0.305664 0.430339 0.083984 0.097656
0 0.390137 0.511719 0.079102 0.098958
0 0.360352 0.580729 0.093750 0.119792
0 0.252441 0.548828 0.098633 0.118490
0 0.299316 0.695313 0.083008 0.109375
0 0.216797 0.795573 0.087891 0.109375
0 0.134277 0.716146 0.090820 0.106771