0 0.898926 0.069010 0.063477 0.130208
2 0.865723 0.132813 0.075195 0.138021
0 0.825684 0.167318 0.065430 0.131510
0 0.788086 0.216146 0.068359 0.138021
2 0.761230 0.292318 0.065430 0.123698
2 0.723633 0.341146 0.074219 0.140625
0 0.679688 0.411458 0.078125 0.125000
0 0.644043 0.461589 0.073242 0.118490
0 0.606934 0.518229 0.077148 0.119792
0 0.578125 0.575521 0.076172 0.122396
0 0.543457 0.625000 0.075195 0.106771
0 0.493652 0.716797 0.081055 0.134115
0 0.453125 0.782552 0.078125 0.117188
0 0.408691 0.843750 0.081055 0.125000
0 0.321289 0.857422 0.048828 0.131510
0 0.263672 0.945964 0.042969 0.108073
0 0.271973 0.813151 0.045898 0.123698
0 0.211914 0.875000 0.072266 0.125000
0 0.173828 0.824870 0.087891 0.110677
0 0.126953 0.777995 0.082031 0.110677
0 0.084473 0.729167 0.086914 0.106771
0 0.040039 0.667318 0.080078 0.105469
0 0.529297 0.183594 0.103516 0.091146
0 0.497070 0.245443 0.087891 0.095052
0 0.428223 0.373047 0.086914 0.102865
0 0.393555 0.438151 0.085938 0.102865
0 0.360840 0.501302 0.083008 0.122396
0 0.324707 0.548177 0.077148 0.125000
0 0.271484 0.585938 0.060547 0.130208
0 0.216309 0.578125 0.049805 0.135417
0 0.162598 0.526042 0.049805 0.125000
0 0.119141 0.472005 0.072266 0.123698
0 0.079590 0.417969 0.081055 0.114583
0 0.037109 0.375651 0.074219 0.121094
0 0.436035 0.111979 0.081055 0.098958
0 0.412109 0.167318 0.089844 0.105469
0 0.333984 0.092448 0.087891 0.111979
0 0.344727 0.296224 0.080078 0.102865
0 0.312988 0.356120 0.079102 0.095052
0 0.273926 0.408854 0.073242 0.114583
0 0.215820 0.434245 0.048828 0.128906
0 0.260742 0.212891 0.083984 0.110677
0 0.233398 0.269531 0.072266 0.098958
0 0.158691 0.179688 0.083008 0.101563
0 0.110352 0.266276 0.076172 0.110677
0 0.071777 0.226563 0.081055 0.098958
0 0.036621 0.177083 0.073242 0.104167