2 0.797852 0.085938 0.117188 0.091146
2 0.757813 0.154948 0.128906 0.093750
2 0.710449 0.208333 0.124023 0.096354
2 0.680664 0.270833 0.134766 0.096354
1 0.604004 0.417969 0.137695 0.143229
2 0.646484 0.141276 0.121094 0.157552
2 0.535645 0.244141 0.131836 0.108073
2 0.438965 0.359375 0.114258 0.093750
2 0.437500 0.436849 0.121094 0.108073
2 0.446777 0.503906 0.114258 0.098958
2 0.458984 0.565104 0.107422 0.088542
2 0.471680 0.632161 0.103516 0.095052
2 0.511230 0.694661 0.102539 0.089844
2 0.382813 0.615885 0.070313 0.151042
0 0.160156 0.867188 0.085938 0.078125
0 0.177246 0.794271 0.092773 0.088542
0 0.195313 0.737630 0.085938 0.084635
0 0.218750 0.603516 0.103516 0.074219
0 0.218750 0.389974 0.082031 0.058594
2 0.226074 0.315104 0.110352 0.070313
0 0.476074 0.081380 0.059570 0.113281
0 0.222656 0.251302 0.093750 0.075521
0 0.213867 0.177083 0.087891 0.083333
0 0.206543 0.106120 0.086914 0.082031
0 0.187012 0.044922 0.088867 0.082031