0 0.214355 0.099609 0.086914 0.058594
0 0.101563 0.114583 0.082031 0.104167
0 0.060547 0.159505 0.078125 0.102865
0 0.074707 0.592448 0.081055 0.093750
2 0.103516 0.530599 0.099609 0.131510
0 0.156738 0.434896 0.079102 0.096354
0 0.189941 0.379557 0.090820 0.105469
0 0.256836 0.285807 0.080078 0.102865
0 0.281250 0.225260 0.072266 0.091146
0 0.335938 0.121745 0.087891 0.108073
2 0.380371 0.075521 0.120117 0.151042
0 0.558105 0.248047 0.077148 0.118490
0 0.270020 0.942708 0.073242 0.114583
0 0.307617 0.881510 0.072266 0.132813
0 0.715820 0.208984 0.058594 0.126302
0 0.652832 0.303385 0.061523 0.127604
0 0.616699 0.367839 0.057617 0.131510
0 0.577148 0.408203 0.064453 0.128906
0 0.542969 0.471354 0.070313 0.130208
0 0.509277 0.540365 0.065430 0.119792
0 0.479980 0.599609 0.069336 0.134115
0 0.410645 0.703776 0.069336 0.131510
0 0.343262 0.830078 0.065430 0.121094
0 0.895508 0.411458 0.099609 0.075521
0 0.804688 0.400391 0.093750 0.069010
2 0.833984 0.470052 0.138672 0.075521
0 0.807129 0.529297 0.102539 0.082031
0 0.782715 0.587240 0.096680 0.075521
0 0.749512 0.651693 0.094727 0.076823
2 0.715332 0.712240 0.090820 0.091146
2 0.680664 0.764974 0.089844 0.084635
2 0.602051 0.886068 0.118164 0.084635
2 0.562012 0.944010 0.124023 0.109375