0 0.938965 0.118490 0.061523 0.093750
0 0.890625 0.208333 0.062500 0.104167
0 0.527832 0.241536 0.063477 0.108073
0 0.472656 0.319661 0.054688 0.118490
0 0.565430 0.677083 0.076172 0.083333
0 0.500977 0.747396 0.070313 0.096354
0 0.070313 0.905599 0.062500 0.084635
0 0.085938 0.462240 0.062500 0.101563
0 0.122070 0.423177 0.060547 0.101563
0 0.155762 0.395182 0.055664 0.100260
0 0.197266 0.370443 0.039063 0.115885
0 0.367188 0.439453 0.078125 0.089844
0 0.407715 0.537109 0.065430 0.082031
0 0.436523 0.693359 0.074219 0.084635
0 0.417480 0.742188 0.075195 0.093750
0 0.413086 0.842448 0.087891 0.085938
0 0.417969 0.597656 0.078125 0.093750