2 0.494629 0.076172 0.069336 0.105469
2 0.336426 0.369141 0.090820 0.147135
2 0.058594 0.859375 0.089844 0.135417
0 0.487793 0.200521 0.069336 0.098958
0 0.250977 0.429036 0.062500 0.100260
0 0.611816 0.189453 0.061523 0.100260
0 0.906738 0.042318 0.073242 0.084635
0 0.875000 0.088542 0.068359 0.085938
0 0.851563 0.144531 0.068359 0.080729
0 0.827637 0.188802 0.067383 0.067708
0 0.817383 0.246745 0.074219 0.087240
0 0.768555 0.324870 0.068359 0.071615
0 0.810547 0.448568 0.068359 0.076823
0 0.703613 0.398438 0.079102 0.080729
0 0.686523 0.521484 0.066406 0.082031
0 0.645508 0.580729 0.064453 0.083333
0 0.665039 0.629557 0.062500 0.092448
0 0.692871 0.675130 0.067383 0.087240
0 0.732910 0.700521 0.069336 0.096354
0 0.763672 0.615885 0.074219 0.104167
0 0.848633 0.677734 0.082031 0.092448
0 0.840332 0.590495 0.071289 0.097656