0 0.969238 0.062500 0.040039 0.104167
2 0.290039 0.504557 0.138672 0.144531
0 0.078125 0.509115 0.074219 0.072917
0 0.309570 0.630208 0.037109 0.114583
0 0.350098 0.595703 0.034180 0.097656
0 0.381836 0.572917 0.033203 0.093750
0 0.421387 0.533203 0.038086 0.108073
0 0.458984 0.514974 0.046875 0.108073
0 0.533691 0.606120 0.069336 0.079427
0 0.404297 0.714193 0.066406 0.079427
0 0.602539 0.547526 0.074219 0.074219
0 0.678223 0.483073 0.067383 0.075521
0 0.526367 0.444010 0.041016 0.088542
0 0.562500 0.400391 0.035156 0.097656
0 0.602539 0.377604 0.037109 0.096354
0 0.635254 0.348307 0.036133 0.100260
0 0.675781 0.322266 0.039063 0.105469
0 0.743652 0.274740 0.034180 0.088542
0 0.778809 0.250651 0.034180 0.097656
0 0.818848 0.210286 0.041992 0.108073
0 0.856445 0.162760 0.033203 0.096354
0 0.892578 0.143880 0.035156 0.092448
0 0.930176 0.108073 0.034180 0.091146