0 0.611328 0.134766 0.076172 0.069010
0 0.629883 0.177083 0.083984 0.083333
0 0.652344 0.220703 0.080078 0.082031
0 0.674316 0.272135 0.077148 0.078125
0 0.693359 0.315104 0.072266 0.078125
2 0.715820 0.387370 0.082031 0.053385
0 0.894043 0.110677 0.055664 0.096354
0 0.713867 0.445964 0.078125 0.066406
0 0.686035 0.503255 0.061523 0.076823
2 0.622070 0.561198 0.058594 0.111979
2 0.813965 0.863281 0.106445 0.117188
0 0.611816 0.734375 0.067383 0.072917
0 0.545898 0.785156 0.066406 0.067708
0 0.478027 0.848958 0.073242 0.072917
0 0.406738 0.900391 0.075195 0.082031
0 0.112793 0.742188 0.059570 0.098958
0 0.145996 0.710938 0.047852 0.096354
0 0.183594 0.685547 0.054688 0.095052
0 0.214844 0.652995 0.050781 0.089844
0 0.249023 0.630208 0.052734 0.096354
0 0.281250 0.603516 0.062500 0.097656
0 0.355957 0.662109 0.079102 0.079427
2 0.369141 0.774740 0.066406 0.114583
0 0.327637 0.805990 0.063477 0.098958
0 0.439453 0.713542 0.050781 0.083333
0 0.471680 0.679688 0.056641 0.096354
0 0.512695 0.646484 0.052734 0.100260
0 0.564453 0.360677 0.058594 0.096354
0 0.531250 0.388672 0.062500 0.089844
0 0.496094 0.410156 0.054688 0.085938
2 0.465332 0.431641 0.065430 0.102865
0 0.431641 0.468099 0.050781 0.084635
0 0.401367 0.486979 0.052734 0.096354
0 0.369141 0.520182 0.054688 0.082031
0 0.344238 0.545573 0.049805 0.085938