2 0.519531 0.160156 0.056641 0.096354
0 0.568848 0.290365 0.057617 0.096354
0 0.584961 0.368490 0.054688 0.085938
0 0.384766 0.052734 0.074219 0.058594
0 0.412598 0.165365 0.075195 0.065104
0 0.429688 0.218750 0.078125 0.062500
0 0.430664 0.268880 0.076172 0.058594
0 0.449707 0.314453 0.071289 0.061198
2 0.508301 0.588542 0.077148 0.065104
2 0.424316 0.623047 0.079102 0.058594
0 0.519531 0.634115 0.070313 0.067708
0 0.556641 0.796224 0.074219 0.074219
0 0.569336 0.838542 0.080078 0.072917
0 0.585938 0.928385 0.078125 0.067708
0 0.479004 0.426432 0.063477 0.055990