2 0.107910 0.530599 0.086914 0.108073
0 0.529785 0.420573 0.065430 0.062500
0 0.699219 0.693359 0.046875 0.092448
0 0.749023 0.643880 0.041016 0.102865
0 0.797363 0.682292 0.063477 0.093750
0 0.818359 0.740234 0.062500 0.089844
0 0.827148 0.813151 0.064453 0.100260
0 0.851563 0.854167 0.064453 0.104167
0 0.868164 0.917969 0.072266 0.101563
0 0.573242 0.385417 0.078125 0.075521
0 0.650879 0.317708 0.077148 0.072917
0 0.716309 0.244141 0.073242 0.071615
0 0.665527 0.071615 0.043945 0.106771
0 0.624023 0.076172 0.037109 0.097656
0 0.586426 0.120443 0.041992 0.095052
0 0.536621 0.164063 0.040039 0.104167
0 0.500977 0.179036 0.035156 0.095052
0 0.458496 0.201823 0.040039 0.096354
0 0.425293 0.145182 0.077148 0.092448
0 0.408203 0.095052 0.080078 0.088542
0 0.383789 0.052734 0.080078 0.084635