0 0.506348 0.139974 0.038086 0.087240
0 0.393555 0.192708 0.048828 0.093750
2 0.285156 0.255208 0.060547 0.135417
0 0.825195 0.231771 0.074219 0.072917
0 0.732422 0.331380 0.078125 0.074219
0 0.863770 0.391276 0.075195 0.071615
0 0.756836 0.425130 0.072266 0.066406
0 0.771973 0.473307 0.079102 0.063802
0 0.873535 0.440755 0.086914 0.076823
0 0.778809 0.527344 0.081055 0.075521
0 0.911621 0.591797 0.083008 0.066406
0 0.921387 0.641276 0.077148 0.071615
0 0.809082 0.695313 0.071289 0.062500
0 0.768555 0.923177 0.046875 0.106771
0 0.692383 0.952474 0.052734 0.095052
0 0.650879 0.756510 0.088867 0.078125
0 0.540039 0.804036 0.072266 0.063802
0 0.521973 0.751953 0.075195 0.069010
0 0.630859 0.706380 0.076172 0.063802
0 0.613281 0.601563 0.080078 0.075521
0 0.515137 0.696615 0.067383 0.062500
0 0.504883 0.643880 0.072266 0.063802
0 0.489258 0.591797 0.074219 0.061198
0 0.595215 0.546224 0.073242 0.071615
0 0.583496 0.496745 0.067383 0.066406
0 0.545410 0.348307 0.071289 0.069010
2 0.439941 0.381510 0.083008 0.070313
0 0.462402 0.436849 0.067383 0.061198
0 0.457031 0.488281 0.080078 0.067708
0 0.368652 0.872396 0.081055 0.070313
0 0.357910 0.817708 0.075195 0.072917
0 0.343262 0.767578 0.077148 0.071615
0 0.232910 0.765625 0.073242 0.072917
0 0.227539 0.705078 0.068359 0.055990
0 0.327637 0.658203 0.083008 0.066406
0 0.202637 0.665365 0.083008 0.085938
2 0.309570 0.555990 0.085938 0.075521
0 0.293945 0.503255 0.085938 0.076823
0 0.279785 0.451823 0.079102 0.070313
2 0.168945 0.502604 0.087891 0.075521
0 0.179688 0.559896 0.082031 0.067708
0 0.193359 0.603516 0.078125 0.063802
0 0.087891 0.930339 0.083984 0.069010
0 0.073242 0.879557 0.074219 0.069010
0 0.066895 0.826823 0.077148 0.072917
0 0.050293 0.779297 0.067383 0.066406
0 0.041016 0.729818 0.072266 0.066406
0 0.034668 0.668620 0.069336 0.061198