0 0.026855 0.264974 0.053711 0.105469
2 0.037598 0.843750 0.045898 0.127604
0 0.102539 0.858073 0.044922 0.117188
0 0.227539 0.158203 0.080078 0.071615
0 0.253418 0.199219 0.075195 0.065104
0 0.285645 0.239583 0.086914 0.078125
0 0.331543 0.271484 0.073242 0.063802
0 0.370605 0.305990 0.083008 0.070313
0 0.401367 0.348958 0.072266 0.067708
0 0.436523 0.385417 0.076172 0.062500
0 0.458496 0.429036 0.071289 0.061198
0 0.522461 0.503255 0.080078 0.071615
0 0.607910 0.628255 0.075195 0.061198
0 0.641113 0.667969 0.077148 0.067708
0 0.666016 0.711589 0.087891 0.076823
0 0.738281 0.832031 0.083984 0.065104