0 0.344238 0.069661 0.088867 0.071615
0 0.519531 0.073568 0.076172 0.074219
0 0.551270 0.115234 0.071289 0.069010
0 0.562988 0.171875 0.073242 0.070313
0 0.572754 0.222005 0.081055 0.076823
0 0.394043 0.305339 0.071289 0.069010
0 0.406738 0.382161 0.081055 0.071615
0 0.606445 0.350260 0.078125 0.070313
0 0.620605 0.397135 0.071289 0.065104
0 0.441406 0.480469 0.070313 0.065104
0 0.449219 0.529948 0.074219 0.070313
0 0.650879 0.526693 0.069336 0.069010
0 0.482910 0.656250 0.081055 0.078125
0 0.497559 0.706380 0.073242 0.071615
0 0.661133 0.574870 0.072266 0.066406
0 0.688965 0.677734 0.081055 0.074219
0 0.701172 0.731771 0.072266 0.070313
0 0.509766 0.753255 0.074219 0.071615
0 0.525391 0.801432 0.076172 0.074219