0 0.049316 0.406250 0.071289 0.104167
2 0.104004 0.703125 0.071289 0.119792
0 0.235352 0.083333 0.070313 0.085938
0 0.423828 0.151042 0.056641 0.114583
0 0.300293 0.217448 0.069336 0.091146
0 0.325195 0.255859 0.068359 0.084635
0 0.347656 0.298828 0.072266 0.095052
0 0.359863 0.358073 0.081055 0.096354
0 0.390137 0.404297 0.084961 0.097656
0 0.426270 0.483073 0.069336 0.080729
0 0.448242 0.522786 0.076172 0.092448
0 0.482910 0.609375 0.071289 0.093750
0 0.520020 0.646484 0.069336 0.087240
0 0.545410 0.690755 0.063477 0.076823
0 0.565430 0.744141 0.072266 0.095052
0 0.592773 0.777995 0.070313 0.089844
0 0.618164 0.818359 0.066406 0.089844
0 0.785156 0.808594 0.050781 0.111979
0 0.822266 0.778646 0.056641 0.109375
0 0.863770 0.770182 0.049805 0.100260
2 0.860840 0.544271 0.090820 0.091146
0 0.592285 0.469401 0.055664 0.110677
0 0.690918 0.557943 0.071289 0.074219
0 0.677734 0.511719 0.078125 0.075521
0 0.659180 0.464844 0.072266 0.078125
0 0.644043 0.416016 0.077148 0.082031
0 0.632324 0.357422 0.077148 0.082031
0 0.610840 0.316406 0.079102 0.075521
0 0.603027 0.268880 0.086914 0.082031
0 0.578613 0.225911 0.079102 0.071615
0 0.847168 0.130208 0.057617 0.125000
0 0.887207 0.257813 0.055664 0.109375
0 0.812500 0.370443 0.091797 0.076823
0 0.780273 0.273438 0.080078 0.078125
0 0.750977 0.176432 0.076172 0.076823
0 0.740723 0.129557 0.069336 0.074219