2 0.274902 0.092448 0.067383 0.140625
0 0.231445 0.106120 0.054688 0.108073
0 0.199219 0.142578 0.058594 0.097656
0 0.163574 0.167318 0.057617 0.089844
0 0.351563 0.269531 0.078125 0.091146
0 0.243164 0.242188 0.068359 0.101563
0 0.208984 0.265625 0.066406 0.106771
2 0.170898 0.298828 0.076172 0.113281
0 0.164063 0.390625 0.058594 0.093750
0 0.302246 0.465495 0.075195 0.092448
0 0.192383 0.522135 0.070313 0.101563
0 0.307129 0.570964 0.083008 0.079427
0 0.383789 0.809896 0.064453 0.088542
0 0.757813 0.813151 0.052734 0.108073
0 0.716797 0.843099 0.050781 0.102865
0 0.675781 0.863281 0.054688 0.104167