2 0.715820 0.102865 0.066406 0.117188
2 0.610840 0.054688 0.071289 0.088542
0 0.123535 0.240234 0.071289 0.084635
0 0.045410 0.221354 0.073242 0.088542
0 0.062988 0.531901 0.075195 0.089844
0 0.036621 0.569010 0.057617 0.101563
0 0.642578 0.576172 0.074219 0.105469
1 0.709961 0.913411 0.119141 0.160156
0 0.673828 0.620443 0.060547 0.084635
0 0.705566 0.656250 0.073242 0.104167
0 0.733887 0.691406 0.059570 0.085938
0 0.766113 0.722005 0.067383 0.100260
0 0.795410 0.753255 0.073242 0.100260
0 0.852539 0.830078 0.072266 0.100260
0 0.912598 0.895833 0.075195 0.106771
0 0.931641 0.946615 0.070313 0.093750