0 0.902832 0.060547 0.071289 0.050781
0 0.898438 0.110677 0.072266 0.052083
2 0.881348 0.153646 0.077148 0.067708
0 0.871094 0.251302 0.072266 0.059896
0 0.375488 0.055990 0.073242 0.057292
0 0.169922 0.120443 0.042969 0.092448
0 0.184570 0.227865 0.042969 0.101563
0 0.202148 0.406250 0.037109 0.083333
0 0.217773 0.500651 0.041016 0.097656
0 0.227539 0.598958 0.042969 0.091146
0 0.251953 0.817057 0.041016 0.095052
2 0.353516 0.146484 0.113281 0.084635
0 0.346680 0.197266 0.068359 0.053385
0 0.343262 0.245443 0.083008 0.063802
0 0.332520 0.335286 0.063477 0.058594
0 0.329590 0.388672 0.063477 0.045573
0 0.380859 0.584635 0.076172 0.057292
0 0.373047 0.631510 0.066406 0.054688
0 0.374512 0.682292 0.059570 0.052083
1 0.520996 0.550130 0.127930 0.097656
2 0.682617 0.661458 0.083984 0.130208
2 0.567871 0.664063 0.075195 0.065104
0 0.645020 0.738932 0.071289 0.061198
0 0.637695 0.786458 0.076172 0.059896
0 0.549805 0.799479 0.056641 0.054688
0 0.536133 0.846354 0.068359 0.054688
0 0.526367 0.895833 0.072266 0.057292
0 0.520996 0.940104 0.061523 0.057292
0 0.624512 0.825521 0.065430 0.054688
0 0.622559 0.869792 0.067383 0.052083
0 0.606934 0.920573 0.065430 0.059896