2 0.917969 0.647786 0.093750 0.160156
0 0.369141 0.058594 0.078125 0.091146
0 0.344238 0.095703 0.067383 0.082031
0 0.319336 0.138021 0.080078 0.085938
0 0.272949 0.241536 0.081055 0.089844
0 0.249023 0.278646 0.064453 0.075521
0 0.225586 0.319661 0.076172 0.089844
0 0.516602 0.313151 0.080078 0.084635
0 0.504395 0.362630 0.077148 0.084635
0 0.204102 0.567708 0.062500 0.098958
0 0.150879 0.664714 0.067383 0.108073
0 0.094727 0.772135 0.056641 0.088542
0 0.047852 0.871745 0.066406 0.097656
0 0.458984 0.458333 0.072266 0.083333
0 0.442871 0.513672 0.067383 0.079427
0 0.407227 0.555339 0.083984 0.089844
0 0.371094 0.646484 0.066406 0.076823
0 0.341309 0.690104 0.086914 0.085938
0 0.312012 0.739583 0.084961 0.093750
0 0.292969 0.789714 0.074219 0.079427
0 0.272949 0.840495 0.067383 0.069010
0 0.234863 0.929688 0.077148 0.078125