0 0.901367 0.524740 0.062500 0.109375
0 0.486328 0.147135 0.091797 0.072917
0 0.158203 0.030599 0.076172 0.061198
0 0.094238 0.199870 0.094727 0.079427
0 0.242676 0.180339 0.084961 0.071615
0 0.201660 0.237630 0.094727 0.079427
0 0.308594 0.282552 0.093750 0.075521
0 0.390625 0.243490 0.093750 0.075521
2 0.506836 0.276693 0.103516 0.092448
2 0.436523 0.327474 0.117188 0.108073
0 0.346680 0.383464 0.091797 0.079427
0 0.457520 0.428385 0.084961 0.078125
0 0.242676 0.763021 0.081055 0.119792
0 0.872559 0.317057 0.051758 0.118490
0 0.416016 0.837891 0.082031 0.092448
0 0.694336 0.953125 0.050781 0.093750