1 0.095215 0.348307 0.096680 0.222656
0 0.419922 0.118490 0.074219 0.067708
0 0.361816 0.331380 0.077148 0.063802
0 0.342773 0.432943 0.080078 0.069010
0 0.333984 0.501302 0.078125 0.062500
0 0.385742 0.667969 0.056641 0.106771
0 0.428223 0.679036 0.051758 0.121094
0 0.470703 0.692057 0.054688 0.113281
0 0.533203 0.060547 0.044922 0.100260
0 0.573242 0.072917 0.050781 0.098958
0 0.722656 0.128255 0.050781 0.110677
0 0.760254 0.151042 0.041992 0.106771
0 0.698242 0.379557 0.046875 0.095052
0 0.878418 0.136719 0.045898 0.114583
0 0.919922 0.125651 0.046875 0.102865
0 0.860352 0.452474 0.052734 0.100260
0 0.903809 0.459635 0.049805 0.104167
0 0.943359 0.464844 0.050781 0.109375
0 0.590820 0.500000 0.054688 0.106771
0 0.710449 0.527344 0.045898 0.096354
0 0.750000 0.550130 0.048828 0.108073
0 0.792969 0.564453 0.052734 0.105469
0 0.870605 0.604818 0.053711 0.115885
0 0.950195 0.628255 0.056641 0.118490
0 0.941406 0.901042 0.042969 0.093750
0 0.904785 0.878906 0.053711 0.117188
0 0.859375 0.865885 0.046875 0.106771
0 0.821777 0.839193 0.047852 0.105469
0 0.780762 0.812500 0.049805 0.104167