0 0.875977 0.114583 0.101563 0.104167
0 0.799316 0.269531 0.067383 0.117188
0 0.762207 0.306641 0.069336 0.121094
0 0.713867 0.324870 0.070313 0.123698
0 0.686035 0.722656 0.047852 0.111979
2 0.565918 0.824870 0.069336 0.170573
0 0.508301 0.860677 0.049805 0.098958
0 0.456055 0.902344 0.048828 0.117188
0 0.399902 0.926432 0.055664 0.126302
0 0.671875 0.520833 0.105469 0.109375
0 0.532715 0.613281 0.104492 0.114583
0 0.337891 0.748047 0.103516 0.108073
0 0.631348 0.378255 0.073242 0.126302
0 0.594727 0.404948 0.062500 0.106771
0 0.437500 0.498698 0.078125 0.127604
0 0.398438 0.523438 0.082031 0.130208
0 0.358398 0.554688 0.076172 0.135417
0 0.320801 0.595052 0.061523 0.101563
0 0.278320 0.621745 0.066406 0.118490
0 0.236816 0.632161 0.073242 0.139323
0 0.167480 0.680990 0.069336 0.132813
0 0.125000 0.718750 0.064453 0.125000
0 0.087402 0.744792 0.065430 0.122396
0 0.048340 0.774089 0.069336 0.126302
0 0.491699 0.142578 0.061523 0.118490
0 0.452637 0.186198 0.077148 0.143229
0 0.380371 0.217448 0.067383 0.119792
0 0.297852 0.267578 0.064453 0.121094
0 0.257813 0.302083 0.066406 0.122396
0 0.215332 0.319010 0.075195 0.132813
0 0.175781 0.343750 0.066406 0.117188
0 0.138184 0.375000 0.069336 0.130208
0 0.065430 0.429036 0.072266 0.128906
0 0.030273 0.454427 0.060547 0.130208
0 0.055664 0.271484 0.076172 0.131510
0 0.093262 0.233073 0.079102 0.125000
0 0.206543 0.156901 0.067383 0.126302
0 0.278320 0.100260 0.072266 0.117188
0 0.325195 0.074219 0.074219 0.140625