0 0.947754 0.112630 0.041992 0.126302
0 0.900879 0.117188 0.041992 0.127604
0 0.852539 0.121745 0.054688 0.123698
0 0.772461 0.166667 0.050781 0.125000
0 0.724121 0.140625 0.049805 0.132813
0 0.680664 0.154948 0.044922 0.127604
0 0.592285 0.172526 0.045898 0.128906
0 0.544434 0.184245 0.049805 0.128906
0 0.413574 0.187500 0.047852 0.125000
0 0.370605 0.208333 0.047852 0.127604
0 0.324707 0.197917 0.049805 0.132813
0 0.281738 0.208333 0.047852 0.135417
0 0.236328 0.212240 0.044922 0.117188
0 0.193848 0.222656 0.047852 0.122396
0 0.111816 0.237630 0.047852 0.123698
0 0.064941 0.243490 0.051758 0.130208
0 0.175293 0.530599 0.051758 0.121094
0 0.228027 0.533203 0.043945 0.110677
0 0.271484 0.515625 0.042969 0.109375
0 0.459473 0.504557 0.045898 0.121094
0 0.661621 0.457682 0.049805 0.126302
0 0.926270 0.438802 0.043945 0.109375
0 0.347168 0.788411 0.045898 0.123698
0 0.490723 0.746094 0.051758 0.114583
0 0.534180 0.744141 0.048828 0.128906
0 0.585938 0.734375 0.044922 0.109375
0 0.677246 0.727214 0.049805 0.121094
0 0.776855 0.724609 0.047852 0.136719
0 0.820801 0.713542 0.038086 0.117188
0 0.866211 0.706380 0.041016 0.102865
0 0.913574 0.699219 0.043945 0.119792
0 0.965332 0.695964 0.045898 0.128906