14 0.621582 0.042969 0.118164 0.062500
14 0.490234 0.081380 0.097656 0.058594
14 0.609375 0.094401 0.109375 0.061198
14 0.477539 0.137370 0.105469 0.066406
14 0.597168 0.211589 0.098633 0.069010
14 0.465332 0.201172 0.120117 0.063802
14 0.596191 0.268229 0.102539 0.072917
14 0.457520 0.257813 0.118164 0.065104
14 0.581543 0.326172 0.088867 0.063802
14 0.457520 0.319010 0.112305 0.057292
14 0.461914 0.374349 0.087891 0.053385
14 0.464355 0.432943 0.086914 0.053385
14 0.576172 0.479167 0.105469 0.062500
14 0.454102 0.486979 0.093750 0.067708
14 0.435547 0.542969 0.113281 0.062500
14 0.561035 0.535807 0.086914 0.053385
14 0.435059 0.606771 0.110352 0.057292
14 0.564941 0.579427 0.104492 0.057292
14 0.561035 0.628906 0.110352 0.054688
14 0.557617 0.680990 0.115234 0.067708
14 0.553223 0.731771 0.108398 0.067708
14 0.545410 0.780599 0.108398 0.063802
14 0.425293 0.775391 0.084961 0.069010
14 0.411621 0.825521 0.110352 0.065104
14 0.542969 0.828125 0.105469 0.072917
14 0.535156 0.929688 0.107422 0.057292
14 0.519043 0.972005 0.092773 0.055990
14 0.407227 0.879557 0.099609 0.066406
14 0.409668 0.934245 0.092773 0.058594