14 0.046387 0.191406 0.092773 0.054688
14 0.040527 0.401693 0.081055 0.053385
14 0.040527 0.462891 0.081055 0.050781
14 0.053711 0.523438 0.107422 0.057292
14 0.038086 0.582031 0.076172 0.065104
14 0.041504 0.700521 0.083008 0.057292
14 0.041504 0.881510 0.083008 0.052083
14 0.456543 0.884115 0.086914 0.059896
14 0.472168 0.818359 0.094727 0.055990
14 0.461426 0.766927 0.100586 0.059896
14 0.475586 0.703776 0.091797 0.050781
14 0.477051 0.651042 0.110352 0.072917
14 0.482422 0.586589 0.111328 0.058594
14 0.497070 0.534505 0.093750 0.050781
14 0.500977 0.479818 0.105469 0.058594
14 0.497070 0.419922 0.105469 0.063802
14 0.606445 0.570964 0.097656 0.069010
14 0.617188 0.473307 0.097656 0.061198
14 0.627441 0.425781 0.106445 0.059896
14 0.630371 0.376302 0.102539 0.059896
14 0.634766 0.324870 0.099609 0.063802
14 0.633301 0.273438 0.092773 0.046875
14 0.645996 0.224609 0.106445 0.058594
14 0.651367 0.173177 0.105469 0.062500
14 0.650391 0.066406 0.087891 0.054688
14 0.665527 0.023438 0.114258 0.046875
14 0.540039 0.026042 0.095703 0.052083
14 0.530762 0.082031 0.098633 0.062500
14 0.525879 0.137370 0.104492 0.063802
14 0.516602 0.197917 0.109375 0.059896
14 0.513672 0.252604 0.107422 0.054688
14 0.507813 0.315755 0.099609 0.055990