14 0.312500 0.041667 0.158203 0.072917
14 0.503418 0.036458 0.163086 0.072917
14 0.502441 0.115885 0.170898 0.085938
14 0.308594 0.123047 0.169922 0.087240
14 0.504883 0.202474 0.166016 0.084635
14 0.306152 0.207682 0.166992 0.082031
14 0.500488 0.289063 0.165039 0.078125
14 0.312500 0.289063 0.152344 0.070313
14 0.503906 0.374349 0.160156 0.082031
14 0.486816 0.456380 0.141602 0.076823
14 0.315918 0.534505 0.153320 0.076823
14 0.484863 0.529948 0.139648 0.075521
14 0.312500 0.612630 0.148438 0.079427
14 0.491211 0.602214 0.142578 0.071615
14 0.484375 0.680990 0.121094 0.070313
14 0.315430 0.693359 0.158203 0.079427
14 0.482910 0.750651 0.133789 0.069010
14 0.314941 0.769531 0.147461 0.078125
14 0.492188 0.826823 0.125000 0.070313
14 0.312988 0.847005 0.155273 0.076823
14 0.483887 0.901042 0.135742 0.072917
14 0.312500 0.923828 0.156250 0.076823
14 0.487305 0.969401 0.130859 0.061198