14 0.425293 0.259115 0.155273 0.085938
14 0.248535 0.349609 0.149414 0.084635
14 0.433594 0.351563 0.164063 0.078125
14 0.242188 0.432292 0.156250 0.078125
14 0.431641 0.431641 0.167969 0.082031
14 0.240723 0.517578 0.159180 0.076823
14 0.432617 0.510417 0.166016 0.078125
14 0.433105 0.595703 0.166992 0.087240
14 0.237793 0.599609 0.174805 0.095052
14 0.433594 0.682292 0.167969 0.085938
14 0.238281 0.681641 0.164063 0.084635
14 0.433105 0.765625 0.172852 0.085938
14 0.242188 0.765625 0.152344 0.075521
14 0.436523 0.850911 0.158203 0.076823
14 0.417480 0.932292 0.139648 0.075521