4 0.265625 0.175781 0.251953 0.093750
0 0.288574 0.278646 0.096680 0.059896
0 0.405762 0.269531 0.088867 0.057292
0 0.510742 0.266276 0.087891 0.055990
0 0.646484 0.257161 0.083984 0.055990
0 0.797363 0.153646 0.098633 0.065104
10 0.908691 0.389974 0.096680 0.115885
2 0.901367 0.620443 0.050781 0.147135
2 0.906738 0.746094 0.100586 0.106771
2 0.908691 0.857422 0.088867 0.089844
0 0.908691 0.926432 0.086914 0.082031
0 0.436035 0.451823 0.090820 0.062500
0 0.185547 0.518229 0.111328 0.070313
0 0.074707 0.587891 0.090820 0.063802
0 0.445313 0.516276 0.097656 0.063802