0 0.441406 0.105469 0.083984 0.109375
0 0.049805 0.335938 0.097656 0.054688
0 0.151367 0.330729 0.093750 0.062500
2 0.420898 0.282552 0.144531 0.083333
0 0.542969 0.214193 0.042969 0.144531
0 0.927734 0.304036 0.099609 0.069010
0 0.803223 0.309245 0.090820 0.061198
0 0.919434 0.492839 0.086914 0.061198
0 0.817383 0.485677 0.109375 0.059896
0 0.708008 0.488932 0.091797 0.055990
2 0.534668 0.634766 0.069336 0.149740
0 0.452637 0.787109 0.079102 0.105469
2 0.449219 0.873047 0.093750 0.118490
0 0.450195 0.950521 0.074219 0.085938