0 0.320801 0.167318 0.055664 0.100260
0 0.272461 0.461589 0.078125 0.079427
0 0.380859 0.137370 0.052734 0.100260
2 0.417969 0.258464 0.074219 0.071615
0 0.429688 0.204427 0.070313 0.072917
0 0.501465 0.262370 0.075195 0.082031
0 0.488281 0.219401 0.066406 0.079427
2 0.495117 0.154948 0.076172 0.096354
1 0.517090 0.324870 0.104492 0.097656
0 0.594238 0.288411 0.065430 0.069010
0 0.565430 0.195313 0.068359 0.067708
0 0.586914 0.111979 0.064453 0.080729
0 0.514160 0.041016 0.063477 0.079427
0 0.551270 0.086589 0.067383 0.084635
2 0.621582 0.133464 0.061523 0.084635
0 0.652344 0.037760 0.072266 0.075521
0 0.682617 0.069661 0.070313 0.100260
0 0.718262 0.093750 0.069336 0.093750
0 0.746582 0.123698 0.061523 0.091146
0 0.708496 0.169922 0.061523 0.058594
0 0.644531 0.172526 0.066406 0.095052
0 0.686035 0.229167 0.067383 0.072917
0 0.291016 0.943359 0.052734 0.089844
1 0.576172 0.817708 0.158203 0.156250
1 0.643066 0.852865 0.221680 0.213542