0 0.360840 0.050130 0.069336 0.097656
0 0.419434 0.048828 0.067383 0.074219
10 0.307129 0.254557 0.090820 0.131510
2 0.230957 0.359375 0.075195 0.101563
0 0.083008 0.533854 0.062500 0.088542
2 0.522949 0.279297 0.077148 0.110677
2 0.390137 0.583984 0.090820 0.134115
2 0.369629 0.648438 0.075195 0.106771
2 0.051758 0.695313 0.082031 0.085938
0 0.958984 0.203125 0.056641 0.091146
0 0.907715 0.288411 0.059570 0.092448
0 0.858398 0.382813 0.060547 0.065104
0 0.840332 0.434245 0.063477 0.069010
0 0.819824 0.483724 0.063477 0.084635
0 0.799316 0.531901 0.073242 0.074219
2 0.758301 0.589844 0.094727 0.088542
0 0.714844 0.619792 0.074219 0.072917
0 0.713379 0.326172 0.077148 0.061198
0 0.693848 0.376302 0.079102 0.078125
0 0.641602 0.437500 0.056641 0.091146
0 0.669434 0.466146 0.061523 0.093750