0 0.212891 0.258464 0.064453 0.092448
0 0.277344 0.195964 0.056641 0.100260
0 0.311523 0.150391 0.060547 0.095052
0 0.338867 0.121745 0.056641 0.097656
0 0.374023 0.097656 0.062500 0.101563
0 0.303223 0.550130 0.057617 0.092448
0 0.380859 0.729818 0.060547 0.097656
0 0.429688 0.814453 0.058594 0.102865
0 0.545410 0.963542 0.059570 0.072917
0 0.621582 0.910807 0.057617 0.095052
0 0.721191 0.830078 0.061523 0.105469
0 0.417969 0.705729 0.058594 0.088542
0 0.454102 0.679688 0.056641 0.091146
0 0.494629 0.766927 0.057617 0.091146
0 0.492188 0.638672 0.062500 0.089844
0 0.535645 0.723958 0.057617 0.088542
0 0.520996 0.608724 0.061523 0.100260
0 0.570313 0.702474 0.062500 0.102865
0 0.560059 0.589844 0.053711 0.093750
0 0.631836 0.653646 0.062500 0.101563
0 0.593262 0.559245 0.067383 0.092448
2 0.509277 0.380208 0.069336 0.104167
0 0.462402 0.283854 0.059570 0.091146
0 0.433105 0.310547 0.057617 0.100260
0 0.395996 0.334635 0.059570 0.091146
0 0.369629 0.365234 0.053711 0.087240
0 0.328613 0.385417 0.057617 0.096354
2 0.285156 0.423828 0.064453 0.100260
0 0.361328 0.486979 0.058594 0.091146
0 0.404785 0.449870 0.061523 0.095052
0 0.443848 0.428385 0.059570 0.098958
0 0.474121 0.397135 0.059570 0.101563