0 0.553223 0.063802 0.106445 0.065104
0 0.569336 0.139323 0.109375 0.070313
0 0.575195 0.208333 0.105469 0.072917
0 0.568359 0.275391 0.107422 0.069010
0 0.585449 0.338542 0.102539 0.065104
0 0.593750 0.409505 0.095703 0.069010
0 0.593750 0.480469 0.099609 0.070313
0 0.596191 0.558594 0.102539 0.072917
0 0.614746 0.626953 0.083008 0.069010
0 0.615723 0.686849 0.090820 0.058594
2 0.615234 0.759115 0.115234 0.072917
0 0.616699 0.836589 0.104492 0.069010
0 0.626953 0.964193 0.103516 0.071615
0 0.475098 0.915365 0.047852 0.145833
0 0.428711 0.659505 0.050781 0.131510
0 0.405762 0.500000 0.053711 0.127604
0 0.333496 0.094401 0.086914 0.071615
0 0.342773 0.162109 0.087891 0.074219
0 0.348633 0.236328 0.103516 0.076823
0 0.358887 0.301432 0.088867 0.066406
0 0.360840 0.377604 0.092773 0.065104
0 0.180176 0.147786 0.090820 0.076823
0 0.204590 0.208984 0.100586 0.079427
0 0.231445 0.279297 0.099609 0.082031
2 0.239746 0.350260 0.098633 0.078125
0 0.256348 0.419922 0.094727 0.082031
0 0.269531 0.489583 0.093750 0.093750
0 0.288086 0.570964 0.095703 0.089844
0 0.316406 0.635417 0.085938 0.080729
0 0.322754 0.699219 0.108398 0.093750
0 0.336426 0.766276 0.088867 0.082031
0 0.364746 0.830078 0.096680 0.082031
0 0.374023 0.892578 0.093750 0.076823
0 0.381836 0.962891 0.111328 0.074219