0 0.962891 0.320313 0.072266 0.093750
0 0.544434 0.854167 0.090820 0.125000
0 0.397949 0.711589 0.075195 0.113281
0 0.087891 0.609375 0.082031 0.111979
0 0.286621 0.391276 0.077148 0.097656
2 0.344727 0.332682 0.111328 0.110677
2 0.404297 0.218099 0.085938 0.100260
0 0.777832 0.069010 0.088867 0.098958
0 0.744141 0.122396 0.091797 0.096354
0 0.716797 0.182943 0.089844 0.100260
0 0.680664 0.248047 0.091797 0.118490
0 0.659180 0.324219 0.056641 0.078125
0 0.608398 0.375651 0.083984 0.110677
0 0.578613 0.431641 0.079102 0.100260
0 0.514648 0.489583 0.085938 0.106771
0 0.482910 0.576823 0.086914 0.104167
0 0.455566 0.633464 0.084961 0.087240