0 0.781250 0.106771 0.095703 0.067708
0 0.970703 0.762370 0.058594 0.076823
0 0.959473 0.821615 0.081055 0.085938
0 0.955078 0.886719 0.076172 0.080729
0 0.628906 0.406901 0.062500 0.118490
2 0.553711 0.513672 0.066406 0.128906
0 0.548828 0.364583 0.058594 0.127604
2 0.496094 0.343099 0.062500 0.126302
0 0.466309 0.464193 0.057617 0.110677
0 0.424316 0.441406 0.055664 0.109375
0 0.373535 0.418620 0.057617 0.113281
0 0.409668 0.294271 0.059570 0.127604
0 0.366699 0.266276 0.045898 0.100260
0 0.329102 0.408203 0.064453 0.123698
2 0.239746 0.371745 0.061523 0.136719
2 0.936523 0.968099 0.095703 0.063802