0 0.281738 0.100911 0.096680 0.084635
0 0.524902 0.192057 0.094727 0.082031
0 0.670898 0.037760 0.082031 0.075521
0 0.293457 0.264323 0.055664 0.114583
0 0.337891 0.275391 0.062500 0.144531
0 0.388184 0.285807 0.057617 0.118490
0 0.426758 0.310547 0.058594 0.121094
0 0.471191 0.324870 0.061523 0.121094
0 0.511719 0.343750 0.064453 0.132813
0 0.420410 0.656901 0.057617 0.131510
0 0.489746 0.675781 0.055664 0.125000
0 0.634277 0.416016 0.100586 0.087240
0 0.618164 0.481771 0.099609 0.088542
0 0.590820 0.555339 0.093750 0.071615
0 0.581055 0.620443 0.099609 0.074219
0 0.570801 0.684245 0.092773 0.082031
0 0.636719 0.242839 0.095703 0.084635
0 0.831543 0.629557 0.086914 0.082031