0 0.064453 0.024089 0.087891 0.048177
2 0.101074 0.469401 0.053711 0.178385
0 0.177734 0.643880 0.089844 0.058594
0 0.192871 0.517578 0.079102 0.055990
0 0.190918 0.457031 0.096680 0.057292
0 0.192383 0.383464 0.093750 0.055990
1 0.295410 0.268229 0.170898 0.104167
1 0.880371 0.313802 0.176758 0.098958
0 0.594238 0.429036 0.051758 0.113281
0 0.536621 0.938151 0.043945 0.108073
0 0.751465 0.953776 0.075195 0.058594
0 0.488281 0.430990 0.083984 0.057292
0 0.492188 0.494792 0.074219 0.062500
0 0.473145 0.610677 0.075195 0.054688
0 0.368164 0.367839 0.083984 0.058594
0 0.370605 0.423828 0.098633 0.061198
0 0.381836 0.485026 0.083984 0.055990
0 0.369629 0.537760 0.081055 0.065104
0 0.374512 0.600911 0.096680 0.061198
0 0.378906 0.662109 0.078125 0.055990