0 0.203613 0.147786 0.096680 0.061198
0 0.117188 0.218750 0.083984 0.062500
1 0.434570 0.238932 0.183594 0.095052
0 0.578613 0.253906 0.090820 0.065104
1 0.870117 0.188151 0.169922 0.100260
0 0.937012 0.288411 0.084961 0.063802
0 0.941406 0.341146 0.087891 0.067708
0 0.955566 0.404948 0.083008 0.057292
0 0.763672 0.309896 0.087891 0.062500
0 0.765625 0.382813 0.091797 0.057292
0 0.764160 0.442057 0.079102 0.050781
0 0.751465 0.566406 0.086914 0.049479
0 0.942383 0.461589 0.078125 0.063802
0 0.948242 0.522135 0.087891 0.059896
0 0.953125 0.582682 0.072266 0.050781
2 0.674316 0.394531 0.055664 0.171875
0 0.290527 0.444661 0.041992 0.139323
2 0.396973 0.709635 0.092773 0.065104
0 0.375488 0.863932 0.079102 0.061198
0 0.244629 0.440104 0.047852 0.125000
0 0.206055 0.462240 0.041016 0.104167
0 0.146484 0.567708 0.078125 0.057292
0 0.154297 0.651042 0.085938 0.057292
0 0.160156 0.742839 0.080078 0.066406
0 0.175293 0.835938 0.090820 0.062500
0 0.178711 0.902344 0.089844 0.067708