2 0.530762 0.072266 0.155273 0.100260
0 0.067871 0.053385 0.100586 0.070313
0 0.193848 0.175130 0.090820 0.069010
0 0.187500 0.299479 0.113281 0.070313
0 0.049316 0.516927 0.098633 0.065104
0 0.041016 0.739583 0.082031 0.072917
0 0.179199 0.369141 0.110352 0.074219
0 0.193359 0.453776 0.111328 0.076823
0 0.176758 0.597656 0.099609 0.080729
0 0.169922 0.674479 0.099609 0.067708
0 0.172852 0.815755 0.099609 0.069010
0 0.151367 0.964844 0.111328 0.070313
2 0.426758 0.318359 0.123047 0.082031
0 0.433594 0.398438 0.089844 0.062500
0 0.427734 0.468099 0.093750 0.069010
2 0.412109 0.537109 0.130859 0.095052
0 0.421875 0.686849 0.105469 0.071615
0 0.402832 0.755208 0.124023 0.078125
0 0.410645 0.826823 0.116211 0.075521
0 0.564941 0.327474 0.110352 0.071615
0 0.549805 0.470703 0.089844 0.069010
0 0.549316 0.549479 0.110352 0.067708
0 0.534668 0.632813 0.094727 0.065104
0 0.546875 0.697917 0.117188 0.072917
0 0.544434 0.768229 0.106445 0.078125
0 0.920410 0.204427 0.102539 0.062500
0 0.930176 0.352865 0.110352 0.072917
0 0.802734 0.425781 0.085938 0.065104
0 0.913574 0.497396 0.108398 0.070313
0 0.776855 0.566406 0.112305 0.085938
0 0.919922 0.578776 0.115234 0.069010
0 0.770996 0.646484 0.094727 0.074219
0 0.910645 0.654297 0.110352 0.074219
0 0.784668 0.717448 0.096680 0.075521
0 0.783203 0.785156 0.111328 0.078125