0 0.961426 0.893880 0.077148 0.157552
0 0.892578 0.896484 0.093750 0.141927
0 0.948242 0.744792 0.066406 0.169271
0 0.886230 0.753906 0.053711 0.151042
0 0.962402 0.427083 0.051758 0.151042
0 0.898926 0.426432 0.047852 0.157552
0 0.965332 0.278646 0.057617 0.164063
0 0.900391 0.261068 0.054688 0.162760
0 0.719238 0.751302 0.047852 0.122396
2 0.604980 0.764323 0.057617 0.171875
0 0.499023 0.772786 0.054688 0.165365
0 0.492676 0.626953 0.061523 0.147135
0 0.550781 0.612630 0.062500 0.154948
0 0.665527 0.608724 0.059570 0.154948
0 0.729980 0.594401 0.049805 0.144531
0 0.501953 0.277344 0.058594 0.161458
0 0.566406 0.126953 0.054688 0.147135
0 0.559082 0.277995 0.051758 0.154948
0 0.621582 0.289714 0.053711 0.139323
0 0.622559 0.136068 0.053711 0.147135
0 0.675293 0.276042 0.057617 0.158854
0 0.728516 0.285807 0.046875 0.144531
0 0.731934 0.143229 0.059570 0.138021