0 0.138672 0.032552 0.085938 0.065104
0 0.226074 0.048177 0.081055 0.070313
0 0.322266 0.087240 0.085938 0.070313
0 0.407715 0.105469 0.098633 0.078125
0 0.549316 0.158203 0.090820 0.074219
0 0.649414 0.186849 0.091797 0.092448
0 0.827148 0.238281 0.083984 0.075521
0 0.944824 0.275391 0.079102 0.074219
0 0.527832 0.544271 0.047852 0.111979
0 0.456055 0.882161 0.050781 0.108073
0 0.369629 0.514323 0.077148 0.067708
0 0.342285 0.623047 0.086914 0.076823
0 0.333496 0.682943 0.084961 0.076823
0 0.324707 0.735677 0.086914 0.083333
0 0.310059 0.787760 0.090820 0.075521
0 0.294434 0.894531 0.083008 0.078125
0 0.496094 0.675781 0.062500 0.140625