0 0.870117 0.223307 0.041016 0.108073
0 0.831055 0.225911 0.039063 0.105469
0 0.792969 0.225260 0.037109 0.111979
0 0.759277 0.223958 0.038086 0.114583
0 0.725586 0.222656 0.041016 0.106771
0 0.685547 0.228516 0.044922 0.115885
0 0.542480 0.220052 0.045898 0.111979
0 0.496582 0.220052 0.036133 0.111979
0 0.458496 0.214844 0.041992 0.106771
0 0.417969 0.220703 0.039063 0.113281
0 0.347168 0.217448 0.041992 0.122396
0 0.271973 0.221354 0.040039 0.119792
0 0.234375 0.219401 0.041016 0.118490
0 0.199707 0.216797 0.041992 0.102865
0 0.121094 0.210938 0.039063 0.106771
0 0.085449 0.214193 0.045898 0.123698
0 0.047852 0.217448 0.042969 0.119792
0 0.093750 0.557943 0.039063 0.121094
0 0.130371 0.442708 0.043945 0.117188
0 0.169922 0.558594 0.041016 0.117188
0 0.169922 0.453776 0.035156 0.113281
0 0.208984 0.459635 0.037109 0.111979
0 0.209961 0.557943 0.035156 0.113281
0 0.283203 0.555339 0.042969 0.110677
0 0.287109 0.448568 0.042969 0.115885
0 0.322266 0.548828 0.037109 0.118490
0 0.358398 0.548828 0.035156 0.105469
0 0.362793 0.451823 0.043945 0.106771
0 0.400391 0.564453 0.044922 0.115885
0 0.439941 0.449870 0.040039 0.128906
0 0.400879 0.452474 0.051758 0.100260
0 0.476563 0.458984 0.041016 0.102865
0 0.473633 0.558594 0.042969 0.117188
0 0.513672 0.456380 0.044922 0.131510
0 0.552246 0.473307 0.038086 0.108073
0 0.583008 0.557943 0.041016 0.110677
0 0.623535 0.570313 0.043945 0.127604
0 0.661621 0.565755 0.041992 0.121094
0 0.630371 0.453776 0.049805 0.118490
0 0.703125 0.466797 0.048828 0.118490
0 0.749023 0.458333 0.044922 0.119792
0 0.734863 0.775391 0.041992 0.115885
0 0.699219 0.777995 0.037109 0.110677
0 0.659180 0.777344 0.039063 0.111979
0 0.619141 0.783854 0.041016 0.109375
0 0.580078 0.783854 0.041016 0.109375