0 0.809082 0.578776 0.086914 0.076823
0 0.412598 0.464844 0.088867 0.070313
0 0.102539 0.505208 0.068359 0.104167
2 0.149414 0.522786 0.076172 0.105469
0 0.238770 0.536458 0.075195 0.101563
0 0.320801 0.554688 0.063477 0.091146
0 0.363770 0.570313 0.075195 0.109375
0 0.399414 0.583333 0.068359 0.101563
0 0.439941 0.590495 0.065430 0.100260
0 0.487305 0.600260 0.068359 0.093750
0 0.525879 0.617188 0.067383 0.096354
0 0.571777 0.619141 0.071289 0.095052
0 0.665527 0.635417 0.063477 0.085938
0 0.695313 0.658854 0.064453 0.091146
0 0.775391 0.679036 0.064453 0.087240
0 0.821777 0.690104 0.067383 0.085938