4 0.842773 0.604818 0.072266 0.329427
4 0.797852 0.622396 0.062500 0.325521
4 0.750977 0.646484 0.068359 0.316406
4 0.653809 0.634766 0.061523 0.225260
4 0.562988 0.712891 0.063477 0.329427
4 0.512695 0.734375 0.062500 0.317708
4 0.465332 0.743490 0.069336 0.317708
4 0.415527 0.780599 0.067383 0.332031
4 0.186035 0.798177 0.067383 0.216146
4 0.144531 0.815755 0.048828 0.217448
0 0.113770 0.393880 0.059570 0.061198
0 0.538086 0.354167 0.072266 0.070313
0 0.564941 0.188802 0.071289 0.065104
0 0.774414 0.265625 0.068359 0.065104
0 0.626953 0.317057 0.072266 0.069010