14 0.805664 0.167318 0.080078 0.131510
14 0.701172 0.249349 0.062500 0.108073
14 0.671387 0.276042 0.067383 0.111979
14 0.580566 0.353516 0.053711 0.097656
14 0.527832 0.405599 0.051758 0.095052
14 0.450684 0.495443 0.061523 0.108073
14 0.423340 0.530599 0.084961 0.134115
14 0.381836 0.547526 0.064453 0.108073
14 0.362305 0.592448 0.076172 0.122396
14 0.298340 0.636719 0.065430 0.109375
14 0.265625 0.669922 0.066406 0.110677
14 0.235840 0.712240 0.081055 0.138021
14 0.181641 0.780599 0.089844 0.154948
14 0.137695 0.795573 0.064453 0.125000
14 0.120117 0.861328 0.103516 0.183594
14 0.640137 0.505859 0.069336 0.087240
14 0.646484 0.565755 0.091797 0.105469
14 0.675293 0.596354 0.083008 0.093750
14 0.689453 0.644531 0.087891 0.098958
14 0.707520 0.691406 0.098633 0.127604
14 0.742676 0.723307 0.077148 0.092448
14 0.907227 0.696615 0.089844 0.111979
14 0.853027 0.604818 0.069336 0.084635
14 0.827637 0.565755 0.096680 0.110677
14 0.781738 0.486328 0.084961 0.097656