0 0.076172 0.279948 0.064453 0.091146
0 0.258301 0.235026 0.067383 0.087240
0 0.275391 0.265625 0.064453 0.085938
0 0.423340 0.199870 0.059570 0.092448
0 0.447754 0.231771 0.055664 0.080729
0 0.488281 0.294922 0.062500 0.079427
0 0.505859 0.326823 0.062500 0.083333
0 0.335938 0.355469 0.054688 0.078125
0 0.377930 0.417318 0.058594 0.082031
0 0.586914 0.455729 0.060547 0.088542
0 0.620117 0.490234 0.052734 0.074219
0 0.615234 0.582682 0.060547 0.084635
0 0.544434 0.666016 0.055664 0.076823
0 0.850098 0.828125 0.045898 0.078125
0 0.864258 0.673177 0.041016 0.096354
0 0.245605 0.950521 0.061523 0.085938