0 0.894531 0.520182 0.056641 0.074219
0 0.844727 0.566406 0.056641 0.075521
14 0.945313 0.080729 0.064453 0.080729
14 0.923340 0.102865 0.065430 0.080729
14 0.907715 0.134115 0.063477 0.085938
14 0.878418 0.149740 0.077148 0.098958
14 0.856934 0.179688 0.077148 0.098958
14 0.844238 0.217448 0.075195 0.078125
14 0.727051 0.349609 0.065430 0.102865
14 0.617676 0.364583 0.071289 0.158854
14 0.433594 0.466146 0.070313 0.145833
14 0.396484 0.469401 0.093750 0.178385
14 0.359375 0.506510 0.115234 0.182292
14 0.340820 0.565104 0.083984 0.130208
14 0.308105 0.585286 0.090820 0.149740
14 0.270020 0.606771 0.131836 0.184896
14 0.223633 0.714844 0.091797 0.135417
14 0.131836 0.800130 0.125000 0.175781
14 0.530273 0.500000 0.058594 0.054688
14 0.231445 0.820964 0.085938 0.121094