14 0.518555 0.067708 0.150391 0.072917
14 0.510742 0.112630 0.162109 0.055990
14 0.529297 0.165365 0.132813 0.075521
14 0.512695 0.223307 0.164063 0.055990
14 0.531250 0.275391 0.132813 0.071615
14 0.552246 0.485677 0.083008 0.046875
14 0.546387 0.566406 0.083008 0.049479
14 0.541016 0.598958 0.085938 0.054688
14 0.536133 0.641276 0.095703 0.045573
14 0.532715 0.680339 0.090820 0.063802
14 0.527344 0.734375 0.097656 0.070313
14 0.536621 0.793620 0.071289 0.061198
14 0.513672 0.824870 0.064453 0.066406
14 0.458984 0.796224 0.052734 0.066406
14 0.491699 0.882161 0.063477 0.055990
14 0.394043 0.904297 0.083008 0.141927
14 0.371094 0.745443 0.080078 0.097656
14 0.333496 0.800781 0.104492 0.106771
14 0.302734 0.854818 0.087891 0.102865
14 0.528809 0.443359 0.118164 0.053385