14 0.617676 0.072917 0.084961 0.080729
14 0.626953 0.134115 0.078125 0.065104
14 0.606445 0.173828 0.085938 0.071615
14 0.580566 0.218750 0.118164 0.080729
14 0.562012 0.311849 0.116211 0.076823
14 0.560547 0.360026 0.099609 0.061198
14 0.559082 0.433594 0.090820 0.072917
14 0.539551 0.518229 0.083008 0.078125
14 0.526855 0.563802 0.098633 0.075521
14 0.493164 0.731771 0.107422 0.072917
14 0.487793 0.770182 0.104492 0.069010
14 0.478027 0.815755 0.106445 0.069010
14 0.473633 0.860677 0.105469 0.072917
14 0.472168 0.907552 0.098633 0.072917