14 0.651855 0.097656 0.092773 0.080729
14 0.645996 0.130859 0.102539 0.079427
14 0.634766 0.180339 0.113281 0.074219
14 0.632324 0.231120 0.120117 0.074219
14 0.644043 0.302734 0.092773 0.061198
14 0.647461 0.354818 0.080078 0.061198
14 0.633789 0.394531 0.103516 0.070313
14 0.640137 0.439453 0.088867 0.063802
14 0.637207 0.474609 0.086914 0.055990
14 0.612305 0.511719 0.111328 0.072917
14 0.622070 0.587240 0.080078 0.070313
14 0.607422 0.619792 0.095703 0.083333
14 0.589844 0.662109 0.107422 0.082031
14 0.596680 0.702474 0.087891 0.066406
14 0.579590 0.742188 0.106445 0.070313
14 0.567871 0.813802 0.100586 0.072917
14 0.559082 0.860026 0.102539 0.087240
14 0.551270 0.947266 0.092773 0.082031