0 0.299805 0.089844 0.048828 0.091146
0 0.431641 0.061849 0.046875 0.084635
2 0.454590 0.101563 0.055664 0.098958
14 0.852051 0.527344 0.125977 0.119792
0 0.827637 0.902344 0.057617 0.088542
10 0.558594 0.574219 0.058594 0.111979
0 0.520508 0.550781 0.046875 0.083333
0 0.493164 0.523438 0.048828 0.085938
0 0.463379 0.500651 0.047852 0.095052
0 0.441895 0.468750 0.047852 0.091146
0 0.414063 0.455078 0.050781 0.095052
0 0.351074 0.429688 0.053711 0.091146
0 0.322754 0.395833 0.047852 0.096354
0 0.292969 0.380208 0.042969 0.085938
0 0.246094 0.350260 0.044922 0.093750
14 0.108398 0.482422 0.044922 0.105469
14 0.050781 0.463542 0.042969 0.111979
14 0.363770 0.609375 0.075195 0.070313
14 0.332520 0.672526 0.077148 0.082031
14 0.318848 0.710286 0.081055 0.092448
14 0.273438 0.811849 0.087891 0.102865
14 0.250977 0.854167 0.087891 0.104167
14 0.225098 0.895182 0.075195 0.074219
14 0.257813 0.548828 0.060547 0.076823
14 0.241211 0.574870 0.068359 0.079427
14 0.228516 0.607422 0.066406 0.074219
14 0.198242 0.664063 0.076172 0.085938
14 0.164063 0.736979 0.068359 0.080729
14 0.143555 0.765625 0.078125 0.091146
14 0.120605 0.801432 0.077148 0.082031
14 0.097168 0.833984 0.096680 0.110677
14 0.085938 0.876953 0.068359 0.079427