14 0.260742 0.057292 0.076172 0.101563
14 0.057129 0.628255 0.114258 0.131510
14 0.068359 0.678385 0.115234 0.114583
14 0.091309 0.771484 0.102539 0.126302
14 0.298340 0.134115 0.083008 0.098958
14 0.320313 0.169922 0.083984 0.095052
14 0.339844 0.221354 0.097656 0.119792
14 0.367188 0.261719 0.091797 0.117188
14 0.420410 0.334635 0.088867 0.117188
14 0.449219 0.379557 0.083984 0.089844
14 0.477539 0.476563 0.107422 0.138021
14 0.516113 0.503906 0.086914 0.098958
14 0.541504 0.536458 0.079102 0.093750
14 0.561035 0.581380 0.081055 0.100260
14 0.587402 0.623698 0.090820 0.109375
14 0.610352 0.659505 0.076172 0.100260
14 0.633301 0.701823 0.084961 0.106771
14 0.657227 0.739583 0.085938 0.111979
14 0.718750 0.867839 0.105469 0.128906
14 0.747559 0.900391 0.094727 0.115885
14 0.762207 0.947266 0.122070 0.105469