4 0.154785 0.257813 0.190430 0.143229
4 0.866211 0.560547 0.115234 0.266927
0 0.477051 0.091797 0.081055 0.084635
0 0.548828 0.119792 0.070313 0.072917
0 0.535156 0.169271 0.080078 0.078125
0 0.442383 0.236328 0.083984 0.074219
0 0.497070 0.308594 0.074219 0.072917
0 0.473633 0.401042 0.080078 0.072917
0 0.392090 0.415365 0.065430 0.062500
0 0.458984 0.447266 0.072266 0.074219
0 0.403809 0.579427 0.084961 0.075521
0 0.267578 0.822917 0.085938 0.065104
0 0.325684 0.895182 0.081055 0.069010
0 0.304688 0.952474 0.078125 0.071615
0 0.779297 0.278646 0.078125 0.080729
0 0.765625 0.339844 0.082031 0.075521
0 0.750977 0.386068 0.085938 0.076823
0 0.732422 0.429688 0.080078 0.072917
0 0.722168 0.483073 0.079102 0.072917
0 0.708008 0.529297 0.076172 0.071615
0 0.623535 0.847005 0.071289 0.061198
0 0.540527 0.803385 0.077148 0.078125