2 0.128418 0.757161 0.086914 0.074219
2 0.101074 0.227865 0.084961 0.072917
0 0.103516 0.175781 0.068359 0.062500
0 0.145508 0.041016 0.074219 0.069010
0 0.133789 0.089844 0.083984 0.072917
0 0.120117 0.131510 0.076172 0.070313
0 0.326660 0.087240 0.079102 0.085938
0 0.316406 0.133464 0.080078 0.074219
2 0.308105 0.179688 0.083008 0.072917
2 0.281738 0.270182 0.090820 0.082031
0 0.267578 0.315104 0.066406 0.065104
2 0.400879 0.124349 0.079102 0.066406
0 0.341797 0.346354 0.074219 0.070313
0 0.559570 0.206380 0.076172 0.082031
10 0.472168 0.330729 0.088867 0.072917
0 0.505859 0.387370 0.076172 0.066406
0 0.497070 0.434245 0.074219 0.063802
0 0.602539 0.332682 0.080078 0.069010
0 0.591797 0.372396 0.076172 0.070313
0 0.573242 0.424479 0.062500 0.059896
0 0.562988 0.473307 0.071289 0.063802
0 0.454102 0.826172 0.085938 0.074219
0 0.442871 0.867188 0.079102 0.078125
0 0.368164 0.255859 0.078125 0.071615
0 0.751465 0.455078 0.073242 0.076823
0 0.742676 0.504557 0.077148 0.069010
0 0.719727 0.555990 0.078125 0.080729
0 0.753418 0.740234 0.051758 0.108073
0 0.662109 0.823568 0.076172 0.069010
0 0.622559 0.916667 0.073242 0.065104
0 0.919434 0.550130 0.073242 0.069010
0 0.895996 0.636068 0.081055 0.076823
0 0.883789 0.680990 0.080078 0.080729
0 0.839844 0.813802 0.078125 0.075521
0 0.812988 0.912760 0.075195 0.072917
0 0.894531 0.891927 0.056641 0.109375
0 0.970215 0.826172 0.053711 0.108073