0 0.087891 0.210286 0.044922 0.134115
0 0.266113 0.060547 0.083008 0.095052
0 0.152832 0.300130 0.043945 0.121094
0 0.245605 0.441406 0.077148 0.111979
0 0.287109 0.535156 0.068359 0.104167
0 0.368652 0.750651 0.069336 0.102865
0 0.434570 0.951172 0.082031 0.097656
0 0.321777 0.140625 0.081055 0.098958
2 0.379883 0.218750 0.080078 0.114583
0 0.785645 0.163411 0.065430 0.108073
0 0.742676 0.365885 0.077148 0.114583
0 0.587402 0.668620 0.081055 0.087240
0 0.606445 0.719401 0.085938 0.092448
0 0.771973 0.828776 0.084961 0.087240
0 0.791992 0.872396 0.078125 0.093750
0 0.853027 0.430339 0.069336 0.110677
0 0.892090 0.464193 0.065430 0.115885