2 0.949707 0.116536 0.059570 0.095052
0 0.903320 0.093750 0.068359 0.091146
0 0.824707 0.138021 0.067383 0.098958
0 0.761230 0.214844 0.061523 0.088542
0 0.624023 0.267578 0.076172 0.069010
0 0.708008 0.280599 0.076172 0.069010
2 0.589844 0.341146 0.066406 0.085938
2 0.646484 0.428385 0.064453 0.085938
0 0.760254 0.483724 0.067383 0.095052
0 0.327148 0.618490 0.052734 0.104167
0 0.288086 0.568359 0.050781 0.100260
0 0.255859 0.663411 0.044922 0.097656
0 0.665527 0.561849 0.069336 0.061198
0 0.589844 0.507813 0.068359 0.075521
0 0.281738 0.326823 0.040039 0.101563
0 0.224609 0.526693 0.044922 0.095052
0 0.692383 0.472005 0.044922 0.102865