2 0.948730 0.117188 0.057617 0.093750
0 0.901855 0.090495 0.067383 0.082031
0 0.823730 0.136719 0.059570 0.098958
0 0.763672 0.210938 0.066406 0.098958
0 0.623047 0.266927 0.074219 0.062500
2 0.591309 0.341797 0.069336 0.084635
0 0.643066 0.423828 0.059570 0.087240
0 0.692871 0.472005 0.047852 0.102865
2 0.328125 0.620443 0.048828 0.108073
0 0.289063 0.566406 0.048828 0.096354
0 0.257813 0.665365 0.048828 0.101563
0 0.187012 0.913411 0.049805 0.108073
0 0.251465 0.820313 0.047852 0.096354
0 0.321777 0.790365 0.049805 0.104167
0 0.222656 0.762370 0.048828 0.105469
0 0.126465 0.886068 0.045898 0.095052
0 0.664551 0.558594 0.067383 0.059896
0 0.757324 0.477865 0.059570 0.096354
0 0.643555 0.759766 0.052734 0.084635
0 0.589844 0.509766 0.066406 0.084635
0 0.605957 0.851563 0.055664 0.098958
2 0.563477 0.944010 0.064453 0.111979
0 0.282227 0.323568 0.039063 0.102865