1 0.704102 0.275391 0.058594 0.170573
1 0.745605 0.555339 0.061523 0.194010
1 0.771484 0.733724 0.058594 0.165365
0 0.920898 0.802083 0.070313 0.078125
0 0.924316 0.074870 0.065430 0.102865
0 0.592285 0.083333 0.041992 0.111979
0 0.627930 0.325521 0.041016 0.111979
0 0.647461 0.780599 0.042969 0.108073
0 0.627441 0.651693 0.043945 0.113281
2 0.596680 0.453125 0.042969 0.104167
0 0.575195 0.810547 0.044922 0.115885
0 0.531250 0.897786 0.041016 0.105469
0 0.511230 0.756510 0.043945 0.111979
0 0.493652 0.634115 0.041992 0.098958
0 0.580078 0.332031 0.037109 0.098958
0 0.428223 0.132161 0.041992 0.095052
0 0.446777 0.287109 0.045898 0.108073
0 0.478027 0.511719 0.043945 0.106771
0 0.515625 0.360026 0.042969 0.102865
0 0.490723 0.192708 0.045898 0.114583
0 0.561523 0.184896 0.044922 0.117188
0 0.541016 0.070313 0.041016 0.101563