2 0.894531 0.451172 0.128906 0.097656
0 0.797363 0.478516 0.077148 0.063802
0 0.626465 0.621094 0.071289 0.065104
0 0.519531 0.869792 0.044922 0.106771
0 0.496094 0.480469 0.066406 0.093750
0 0.474609 0.260417 0.050781 0.119792
2 0.120605 0.220703 0.043945 0.102865
0 0.135254 0.332682 0.041992 0.113281
0 0.159668 0.464844 0.045898 0.096354
0 0.174316 0.582031 0.047852 0.106771
0 0.235352 0.585286 0.048828 0.105469
0 0.265625 0.767578 0.046875 0.115885
0 0.306152 0.948568 0.047852 0.102865
2 0.252441 0.946615 0.051758 0.106771
0 0.224609 0.839193 0.048828 0.115885
0 0.201172 0.696615 0.044922 0.111979
0 0.201172 0.364583 0.044922 0.111979