0 0.034180 0.623698 0.048828 0.106771
2 0.076172 0.833333 0.048828 0.109375
2 0.844727 0.869141 0.082031 0.069010
0 0.827637 0.828776 0.067383 0.061198
2 0.822266 0.783203 0.080078 0.074219
0 0.949219 0.615234 0.072266 0.066406
2 0.962402 0.656250 0.075195 0.067708
0 0.963867 0.705078 0.072266 0.061198
0 0.902832 0.527344 0.073242 0.070313
0 0.775391 0.546224 0.066406 0.089844
0 0.252441 0.249349 0.051758 0.108073
2 0.469727 0.201823 0.064453 0.148438
2 0.498535 0.153646 0.051758 0.106771
2 0.589844 0.197266 0.054688 0.118490
2 0.599121 0.082682 0.049805 0.113281
2 0.625488 0.182943 0.053711 0.121094
2 0.662109 0.167969 0.052734 0.125000
2 0.825684 0.108724 0.047852 0.110677
2 0.865234 0.095052 0.050781 0.106771
0 0.792480 0.123698 0.047852 0.098958