2 0.138672 0.724609 0.054688 0.115885
2 0.257813 0.863281 0.074219 0.096354
2 0.294922 0.835938 0.072266 0.106771
2 0.688477 0.869141 0.058594 0.121094
2 0.651855 0.637370 0.081055 0.074219
2 0.618652 0.451823 0.092773 0.080729
2 0.438477 0.332031 0.085938 0.065104
2 0.416992 0.248047 0.083984 0.069010
2 0.420410 0.294271 0.083008 0.070313
0 0.458984 0.481771 0.072266 0.062500
2 0.471680 0.526693 0.076172 0.076823
2 0.479980 0.569661 0.075195 0.069010
0 0.488770 0.615885 0.065430 0.057292
0 0.614746 0.401042 0.081055 0.065104
0 0.604004 0.354167 0.077148 0.070313
0 0.555664 0.125000 0.072266 0.065104
0 0.542969 0.082682 0.076172 0.076823
0 0.560059 0.219401 0.077148 0.071615