0 0.096191 0.519531 0.073242 0.070313
0 0.191895 0.258464 0.040039 0.108073
0 0.160156 0.272135 0.041016 0.093750
0 0.119141 0.290365 0.046875 0.114583
0 0.077637 0.306641 0.047852 0.121094
0 0.035156 0.324870 0.042969 0.113281
2 0.307617 0.500000 0.085938 0.080729
2 0.337891 0.649740 0.074219 0.065104
0 0.442871 0.473958 0.071289 0.065104
2 0.425293 0.926432 0.059570 0.123698
0 0.500977 0.724609 0.078125 0.076823
0 0.492188 0.674479 0.074219 0.085938
2 0.558594 0.923177 0.083984 0.085938
2 0.705078 0.809896 0.083984 0.114583
0 0.563965 0.701823 0.055664 0.114583
2 0.660645 0.634766 0.036133 0.110677
0 0.624512 0.580078 0.051758 0.108073
2 0.513672 0.437500 0.064453 0.119792
2 0.614258 0.406901 0.056641 0.113281
2 0.793945 0.751953 0.089844 0.076823
0 0.767090 0.649089 0.079102 0.069010
2 0.741211 0.598958 0.093750 0.080729
2 0.729004 0.550781 0.086914 0.075521
0 0.892578 0.597005 0.085938 0.069010
0 0.873535 0.461589 0.073242 0.063802
2 0.695801 0.410807 0.081055 0.071615
2 0.687988 0.369792 0.088867 0.088542
0 0.843750 0.382813 0.074219 0.075521
0 0.828125 0.334635 0.074219 0.085938
0 0.805664 0.253255 0.080078 0.071615
0 0.799805 0.208333 0.080078 0.075521
0 0.786621 0.167969 0.081055 0.083333
0 0.720215 0.068359 0.043945 0.115885
0 0.682617 0.071615 0.048828 0.106771
0 0.649414 0.086589 0.052734 0.102865
0 0.620605 0.098307 0.057617 0.108073
0 0.587402 0.111979 0.061523 0.109375