0 0.891113 0.207682 0.051758 0.113281
0 0.843750 0.214844 0.050781 0.098958
0 0.273926 0.058594 0.047852 0.104167
0 0.233398 0.118490 0.050781 0.104167
0 0.260742 0.205729 0.046875 0.106771
0 0.281738 0.311849 0.057617 0.102865
2 0.318848 0.246745 0.059570 0.128906
0 0.352051 0.371094 0.045898 0.098958
0 0.299805 0.411458 0.048828 0.104167
0 0.324707 0.530599 0.051758 0.115885
0 0.383789 0.520833 0.060547 0.117188
0 0.497559 0.365885 0.051758 0.109375
0 0.458496 0.476563 0.051758 0.119792
0 0.360840 0.666667 0.049805 0.117188
0 0.409668 0.669271 0.055664 0.111979
0 0.376953 0.813151 0.048828 0.115885
2 0.449707 0.797526 0.059570 0.141927
0 0.604492 0.877604 0.050781 0.117188
0 0.824707 0.588542 0.075195 0.067708