1 0.068359 0.240234 0.123047 0.100260
1 0.395996 0.041667 0.137695 0.083333
1 0.408203 0.082031 0.128906 0.091146
1 0.402344 0.145833 0.132813 0.109375
2 0.757324 0.205078 0.073242 0.055990
2 0.793945 0.465495 0.093750 0.082031
2 0.795898 0.507813 0.093750 0.080729
2 0.829590 0.586589 0.063477 0.063802
2 0.844238 0.661458 0.092773 0.085938
0 0.714355 0.763672 0.057617 0.055990
1 0.423340 0.893880 0.077148 0.069010
0 0.533691 0.488932 0.051758 0.076823
0 0.516113 0.514323 0.061523 0.078125
0 0.494141 0.539063 0.050781 0.078125
0 0.917969 0.955729 0.064453 0.057292
0 0.749512 0.941406 0.057617 0.052083