1 0.137207 0.656250 0.125977 0.096354
1 0.175293 0.826823 0.118164 0.098958
1 0.380371 0.126302 0.133789 0.104167
1 0.385254 0.175781 0.135742 0.106771
1 0.418457 0.216797 0.112305 0.087240
1 0.425293 0.266276 0.112305 0.089844
1 0.420898 0.320964 0.134766 0.102865
3 0.428223 0.428385 0.196289 0.145833
1 0.479980 0.464844 0.106445 0.088542
1 0.484375 0.515625 0.109375 0.085938
1 0.494141 0.561849 0.115234 0.092448
1 0.502930 0.613281 0.130859 0.093750
1 0.512695 0.664714 0.130859 0.095052
1 0.505371 0.723958 0.137695 0.109375
0 0.604004 0.134766 0.038086 0.079427
2 0.720215 0.227865 0.063477 0.057292
2 0.569824 0.488932 0.047852 0.087240
0 0.656738 0.720052 0.041992 0.091146
0 0.640137 0.640625 0.038086 0.085938
0 0.654297 0.460286 0.048828 0.089844
0 0.760742 0.412760 0.060547 0.054688
2 0.768066 0.464844 0.067383 0.062500
0 0.791504 0.539063 0.051758 0.052083
2 0.609375 0.388672 0.041016 0.087240
0 0.735352 0.685547 0.046875 0.089844
0 0.833008 0.633464 0.058594 0.055990
0 0.848145 0.705078 0.059570 0.061198
2 0.864258 0.780599 0.068359 0.055990