0 0.564941 0.046875 0.041992 0.080729
0 0.508301 0.068359 0.041992 0.097656
0 0.454102 0.074870 0.046875 0.095052
2 0.424805 0.094401 0.042969 0.097656
2 0.601074 0.261719 0.051758 0.109375
2 0.574219 0.270833 0.048828 0.114583
2 0.511230 0.294922 0.051758 0.105469
0 0.310059 0.370443 0.041992 0.097656
1 0.425293 0.440755 0.192383 0.136719
2 0.608398 0.419922 0.048828 0.102865
0 0.717773 0.639974 0.039063 0.084635
2 0.833008 0.733073 0.064453 0.059896
1 0.496094 0.630859 0.132813 0.105469
1 0.501953 0.678385 0.128906 0.111979
1 0.533203 0.723307 0.111328 0.089844
1 0.542480 0.774089 0.116211 0.082031
1 0.536133 0.830078 0.136719 0.102865
1 0.556152 0.875651 0.141602 0.102865
3 0.543457 0.935547 0.192383 0.128906
0 0.655762 0.749349 0.040039 0.084635
2 0.723633 0.897786 0.039063 0.087240
0 0.778809 0.876302 0.038086 0.093750
0 0.666992 0.912109 0.037109 0.089844
0 0.654297 0.481771 0.037109 0.088542
0 0.628418 0.496094 0.041992 0.085938