4 0.791016 0.654297 0.095703 0.261719
2 0.710938 0.329427 0.064453 0.122396
0 0.677734 0.225260 0.044922 0.096354
0 0.670410 0.438802 0.053711 0.109375
0 0.645996 0.537760 0.057617 0.109375
0 0.614258 0.666667 0.050781 0.098958
2 0.566406 0.487630 0.048828 0.108073
0 0.593750 0.580729 0.068359 0.106771
2 0.467285 0.768880 0.067383 0.076823
0 0.432617 0.428385 0.070313 0.078125
0 0.360352 0.459635 0.062500 0.065104
2 0.290039 0.491536 0.062500 0.063802
0 0.474609 0.519531 0.058594 0.070313
0 0.416016 0.541016 0.062500 0.061198
2 0.442871 0.629557 0.069336 0.082031
0 0.488281 0.555339 0.064453 0.074219
2 0.509766 0.639323 0.060547 0.067708
0 0.461914 0.719401 0.070313 0.071615
2 0.455566 0.675130 0.065430 0.074219