4 0.918945 0.360026 0.119141 0.332031
0 0.939453 0.647135 0.050781 0.104167
0 0.795898 0.433594 0.068359 0.065104
2 0.643555 0.521484 0.070313 0.063802
2 0.397461 0.681641 0.078125 0.076823
2 0.420410 0.487630 0.063477 0.069010
2 0.363281 0.512370 0.068359 0.058594
2 0.247070 0.518880 0.070313 0.050781
10 0.072754 0.598958 0.077148 0.054688
0 0.067383 0.731771 0.060547 0.049479
2 0.564453 0.185547 0.074219 0.069010
0 0.573730 0.227865 0.073242 0.062500
2 0.580078 0.269531 0.066406 0.059896
0 0.524902 0.339193 0.067383 0.074219
0 0.067871 0.457031 0.073242 0.054688
0 0.826660 0.947266 0.065430 0.063802