2 0.559570 0.151693 0.097656 0.113281
0 0.315918 0.152344 0.073242 0.104167
2 0.314941 0.251302 0.081055 0.104167
0 0.034180 0.268229 0.068359 0.122396
0 0.127930 0.393880 0.080078 0.105469
0 0.047852 0.413411 0.072266 0.108073
0 0.086914 0.447266 0.068359 0.100260
0 0.126465 0.483724 0.077148 0.110677
2 0.225586 0.498698 0.087891 0.106771
0 0.165039 0.523438 0.064453 0.093750
0 0.212891 0.582031 0.062500 0.098958
0 0.253906 0.641276 0.066406 0.105469
0 0.544922 0.839844 0.082031 0.098958
0 0.589844 0.917318 0.076172 0.100260
0 0.685059 0.279297 0.069336 0.097656
0 0.755859 0.378906 0.066406 0.088542
0 0.809570 0.473958 0.062500 0.088542
0 0.858887 0.554688 0.065430 0.106771
0 0.915527 0.643880 0.059570 0.102865
0 0.741211 0.686198 0.074219 0.111979
0 0.801758 0.747396 0.070313 0.101563
0 0.923828 0.910807 0.070313 0.110677
0 0.092773 0.876953 0.080078 0.102865
0 0.154297 0.819661 0.068359 0.113281
0 0.201172 0.882813 0.066406 0.114583
0 0.246582 0.926432 0.071289 0.108073
0 0.030762 0.706380 0.061523 0.115885