0 0.535645 0.076823 0.081055 0.101563
2 0.450195 0.183594 0.103516 0.158854
0 0.347168 0.201823 0.077148 0.114583
0 0.283691 0.273438 0.075195 0.111979
0 0.255859 0.310547 0.082031 0.121094
0 0.225098 0.354818 0.081055 0.113281
0 0.188477 0.412760 0.064453 0.091146
0 0.147949 0.438802 0.088867 0.109375
0 0.196777 0.564453 0.073242 0.100260
0 0.147461 0.628255 0.068359 0.097656
0 0.062988 0.740885 0.084961 0.106771
0 0.900391 0.212240 0.074219 0.096354
0 0.918945 0.576823 0.068359 0.101563
0 0.511230 0.566406 0.071289 0.101563
0 0.544434 0.626302 0.079102 0.104167
0 0.338379 0.813151 0.069336 0.108073
0 0.378906 0.850911 0.064453 0.105469
0 0.424316 0.889974 0.065430 0.110677
0 0.330078 0.935547 0.076172 0.095052
0 0.597656 0.671875 0.072266 0.088542
0 0.631348 0.733073 0.067383 0.098958
0 0.686035 0.777344 0.073242 0.109375
0 0.761230 0.729818 0.067383 0.105469
0 0.719238 0.819661 0.067383 0.102865
0 0.801270 0.774089 0.071289 0.121094
0 0.954102 0.934896 0.062500 0.117188