0 0.194824 0.489583 0.059570 0.138021
0 0.018555 0.796875 0.037109 0.114583
0 0.284180 0.729167 0.048828 0.130208
0 0.369141 0.704427 0.052734 0.127604
0 0.415527 0.692057 0.049805 0.121094
0 0.454590 0.677083 0.049805 0.125000
0 0.284180 0.484375 0.064453 0.127604
0 0.415527 0.436849 0.073242 0.121094
0 0.465332 0.415365 0.057617 0.109375
0 0.507813 0.394531 0.064453 0.111979
0 0.541992 0.354167 0.060547 0.098958
0 0.581543 0.655599 0.059570 0.128906
0 0.951660 0.865234 0.067383 0.108073
0 0.720215 0.657552 0.077148 0.111979
0 0.770508 0.606771 0.076172 0.114583
0 0.929688 0.219401 0.070313 0.108073
0 0.873535 0.291667 0.067383 0.106771
2 0.839355 0.330729 0.077148 0.114583
0 0.817383 0.370443 0.064453 0.100260
0 0.750488 0.446615 0.067383 0.111979
0 0.721680 0.492839 0.074219 0.105469
0 0.690918 0.533203 0.077148 0.108073
0 0.660645 0.568359 0.079102 0.118490
0 0.629883 0.605469 0.072266 0.111979
0 0.636719 0.764974 0.070313 0.110677