14 0.417969 0.671875 0.267578 0.143229
14 0.439941 0.781901 0.270508 0.147135
14 0.771973 0.614583 0.276367 0.138021
14 0.797852 0.730469 0.230469 0.130208
0 0.947754 0.253906 0.040039 0.098958
0 0.912109 0.252604 0.041016 0.104167
0 0.865723 0.258464 0.038086 0.108073
0 0.822754 0.264323 0.041992 0.104167
0 0.782715 0.263021 0.041992 0.098958
0 0.741211 0.274740 0.041016 0.106771
0 0.699219 0.270182 0.041016 0.100260
0 0.658203 0.276042 0.041016 0.111979
0 0.620605 0.285807 0.043945 0.105469
0 0.572754 0.287109 0.041992 0.102865
0 0.493164 0.287109 0.041016 0.102865
0 0.458496 0.298828 0.041992 0.102865
0 0.419434 0.287760 0.041992 0.106771
0 0.381348 0.291667 0.043945 0.111979
0 0.328125 0.296224 0.041016 0.100260
0 0.291504 0.296875 0.040039 0.109375
0 0.251953 0.304688 0.039063 0.109375
0 0.220215 0.306641 0.043945 0.108073
0 0.144531 0.325521 0.042969 0.111979
14 0.118652 0.716797 0.237305 0.139323
14 0.109375 0.828776 0.216797 0.113281