0 0.963379 0.615885 0.067383 0.062500
14 0.750977 0.765625 0.337891 0.151042
14 0.729980 0.642578 0.295898 0.128906
14 0.359863 0.668620 0.303711 0.128906
14 0.365723 0.777344 0.270508 0.130208
0 0.972168 0.221354 0.040039 0.111979
2 0.899414 0.240885 0.042969 0.106771
0 0.855957 0.235677 0.043945 0.106771
0 0.714844 0.231771 0.039063 0.106771
0 0.670410 0.241536 0.041992 0.108073
0 0.583496 0.242839 0.036133 0.095052
0 0.546387 0.263021 0.045898 0.125000
0 0.462891 0.245443 0.039063 0.100260
0 0.426270 0.255859 0.041992 0.105469
0 0.228516 0.262370 0.037109 0.100260
0 0.169922 0.266927 0.042969 0.114583
0 0.130371 0.273438 0.043945 0.101563
0 0.048340 0.271484 0.036133 0.108073