1 0.614746 0.202474 0.106445 0.204427
1 0.562012 0.234375 0.108398 0.216146
0 0.377441 0.182943 0.061523 0.110677
0 0.307129 0.216797 0.065430 0.113281
0 0.032715 0.396484 0.065430 0.115885
0 0.091309 0.813151 0.063477 0.108073
0 0.154785 0.824219 0.055664 0.101563
0 0.146973 0.602865 0.061523 0.109375
0 0.186523 0.576823 0.054688 0.091146
0 0.382324 0.764323 0.065430 0.111979
0 0.427734 0.736328 0.058594 0.108073
0 0.444824 0.639323 0.061523 0.114583
0 0.454590 0.389974 0.061523 0.113281
0 0.494629 0.361328 0.069336 0.115885