1 0.767090 0.807292 0.223633 0.096354
0 0.785156 0.944010 0.076172 0.054688
0 0.694824 0.936198 0.077148 0.059896
0 0.599609 0.933594 0.068359 0.052083
0 0.506836 0.928385 0.070313 0.052083
0 0.429199 0.921224 0.071289 0.048177
0 0.346191 0.921875 0.069336 0.046875
0 0.265625 0.912109 0.072266 0.048177
0 0.118652 0.902995 0.075195 0.053385
0 0.047363 0.897786 0.073242 0.053385
0 0.886230 0.137370 0.055664 0.092448
0 0.782715 0.122396 0.041992 0.096354
0 0.729492 0.131510 0.035156 0.085938
0 0.698242 0.133464 0.031250 0.092448
2 0.608398 0.126302 0.039063 0.111979
0 0.392090 0.147786 0.065430 0.079427
2 0.291016 0.179036 0.039063 0.113281
2 0.223633 0.185547 0.037109 0.108073
0 0.666504 0.421224 0.036133 0.097656
0 0.631836 0.423828 0.037109 0.084635