0 0.162598 0.082682 0.038086 0.087240
0 0.131836 0.093099 0.048828 0.095052
0 0.102051 0.115234 0.047852 0.092448
0 0.071289 0.136719 0.048828 0.091146
0 0.036621 0.160156 0.063477 0.098958
0 0.526855 0.211589 0.077148 0.055990
2 0.346680 0.305339 0.083984 0.058594
0 0.555664 0.438802 0.076172 0.054688
0 0.560059 0.485677 0.067383 0.046875
0 0.548828 0.747396 0.070313 0.052083
0 0.551270 0.607422 0.073242 0.055990
0 0.404297 0.776693 0.066406 0.053385
0 0.413574 0.440104 0.063477 0.052083
0 0.417969 0.488281 0.070313 0.052083
0 0.415527 0.538411 0.069336 0.048177
0 0.416504 0.591146 0.071289 0.052083
0 0.411133 0.730469 0.076172 0.052083
0 0.132813 0.317708 0.078125 0.057292
0 0.132813 0.408854 0.074219 0.049479
0 0.134766 0.493490 0.068359 0.052083
0 0.122559 0.539714 0.075195 0.050781
0 0.119141 0.589844 0.074219 0.054688
2 0.110840 0.703776 0.077148 0.053385
2 0.191406 0.835286 0.076172 0.055990
2 0.184570 0.951823 0.070313 0.054688
0 0.111816 0.869141 0.073242 0.055990