0 0.554688 0.207682 0.074219 0.076823
0 0.410645 0.190755 0.065430 0.095052
0 0.386719 0.232422 0.085938 0.105469
0 0.361816 0.264974 0.077148 0.095052
0 0.242676 0.419271 0.071289 0.093750
0 0.574219 0.251953 0.085938 0.087240
0 0.590332 0.293620 0.075195 0.087240
0 0.612305 0.333984 0.074219 0.087240
0 0.645020 0.427083 0.079102 0.091146
0 0.660645 0.481771 0.073242 0.080729
0 0.684570 0.527344 0.078125 0.088542
0 0.707031 0.574219 0.078125 0.096354
0 0.725586 0.616536 0.080078 0.095052
0 0.562012 0.841797 0.065430 0.113281
0 0.524414 0.821615 0.064453 0.106771
0 0.487305 0.800781 0.068359 0.114583
0 0.420410 0.738281 0.065430 0.130208
0 0.355469 0.684896 0.058594 0.117188
0 0.319336 0.654297 0.068359 0.108073