0 0.235840 0.076172 0.071289 0.089844
0 0.482422 0.069661 0.083984 0.102865
0 0.454590 0.108724 0.073242 0.087240
2 0.426758 0.143229 0.072266 0.093750
2 0.380859 0.216797 0.109375 0.121094
0 0.359375 0.266927 0.076172 0.098958
10 0.336426 0.300781 0.084961 0.101563
0 0.320313 0.348958 0.070313 0.088542
0 0.293457 0.386719 0.075195 0.091146
0 0.268555 0.428385 0.072266 0.104167
0 0.500488 0.212891 0.077148 0.095052
2 0.475098 0.254557 0.071289 0.089844
0 0.788574 0.320313 0.071289 0.088542
0 0.750000 0.400391 0.076172 0.092448
0 0.639160 0.363281 0.077148 0.085938
0 0.612305 0.408854 0.074219 0.091146
0 0.594727 0.459635 0.070313 0.085938
0 0.665527 0.516927 0.069336 0.083333
0 0.639160 0.563802 0.077148 0.098958
0 0.596680 0.649740 0.082031 0.091146
1 0.498047 0.600911 0.109375 0.136719
0 0.523926 0.766927 0.063477 0.091146
0 0.502441 0.805339 0.061523 0.089844
0 0.475586 0.864583 0.083984 0.104167
0 0.441895 0.920573 0.075195 0.091146
0 0.902344 0.834635 0.068359 0.091146