0 0.066406 0.098307 0.093750 0.071615
0 0.068359 0.396484 0.095703 0.063802
0 0.079102 0.638672 0.097656 0.069010
2 0.234863 0.835286 0.067383 0.118490
2 0.455078 0.826823 0.048828 0.127604
0 0.501953 0.811849 0.048828 0.128906
0 0.543457 0.800130 0.045898 0.108073
0 0.854004 0.757161 0.047852 0.115885
0 0.942383 0.746745 0.044922 0.113281
0 0.688477 0.442057 0.076172 0.121094
0 0.653320 0.401042 0.074219 0.117188
0 0.575684 0.341797 0.065430 0.105469
0 0.493164 0.286458 0.066406 0.130208
0 0.926758 0.188802 0.078125 0.122396
0 0.646484 0.238281 0.078125 0.119792
0 0.568359 0.179688 0.074219 0.132813
0 0.489746 0.122396 0.073242 0.122396