2 0.853516 0.697266 0.054688 0.105469
0 0.690918 0.285807 0.051758 0.076823
2 0.663574 0.316406 0.055664 0.078125
0 0.637695 0.338542 0.054688 0.078125
0 0.617188 0.374349 0.058594 0.079427
0 0.566895 0.432292 0.055664 0.078125
0 0.253418 0.235677 0.061523 0.106771
0 0.215332 0.206380 0.049805 0.079427
0 0.184082 0.173177 0.051758 0.085938
0 0.132324 0.122396 0.053711 0.088542
14 0.350098 0.601563 0.090820 0.072917
14 0.239258 0.706380 0.095703 0.157552
14 0.105469 0.649740 0.093750 0.098958
14 0.093750 0.758464 0.113281 0.175781