4 0.092773 0.354818 0.101563 0.170573
0 0.363281 0.278646 0.054688 0.085938
0 0.201660 0.475911 0.051758 0.079427
0 0.249023 0.529948 0.052734 0.083333
0 0.285156 0.561198 0.052734 0.085938
0 0.323730 0.593750 0.063477 0.098958
0 0.400391 0.504557 0.054688 0.082031
0 0.760742 0.642578 0.054688 0.082031
2 0.733398 0.675781 0.062500 0.083333
0 0.710938 0.699870 0.056641 0.076823
0 0.687988 0.731120 0.057617 0.089844
0 0.641113 0.787760 0.053711 0.075521
14 0.419434 0.960286 0.096680 0.071615
10 0.455078 0.654297 0.089844 0.149740