0 0.351563 0.050130 0.048828 0.095052
14 0.489746 0.131510 0.047852 0.119792
14 0.533203 0.141276 0.044922 0.118490
14 0.572266 0.138672 0.044922 0.121094
14 0.634277 0.164714 0.041992 0.128906
14 0.678711 0.158203 0.046875 0.126302
14 0.706055 0.177083 0.046875 0.125000
14 0.736816 0.188151 0.045898 0.123698
14 0.772949 0.198568 0.047852 0.115885
14 0.811035 0.202474 0.040039 0.126302
14 0.843262 0.210938 0.045898 0.125000
14 0.875000 0.214844 0.052734 0.125000
14 0.914551 0.215495 0.045898 0.123698
14 0.938477 0.232422 0.048828 0.123698
14 0.965820 0.238281 0.039063 0.127604
14 0.973633 0.753906 0.052734 0.117188
14 0.939941 0.738932 0.057617 0.118490
14 0.933105 0.932292 0.063477 0.135417
14 0.730957 0.886719 0.077148 0.195313
14 0.870605 0.728516 0.055664 0.108073
14 0.833496 0.722656 0.049805 0.098958
14 0.632324 0.831380 0.061523 0.149740
14 0.545410 0.808594 0.071289 0.184896
14 0.696289 0.657552 0.066406 0.125000
14 0.660156 0.649740 0.054688 0.114583
14 0.623047 0.649740 0.050781 0.098958
14 0.589844 0.638021 0.046875 0.098958
14 0.560059 0.617188 0.051758 0.104167
14 0.525391 0.611328 0.048828 0.105469
14 0.473633 0.759115 0.054688 0.130208
14 0.436523 0.741536 0.050781 0.134115
14 0.467773 0.589844 0.054688 0.114583
14 0.428223 0.581380 0.047852 0.097656
14 0.391113 0.563151 0.043945 0.108073
14 0.359375 0.555990 0.044922 0.098958
14 0.326660 0.531250 0.045898 0.104167
14 0.262207 0.503906 0.057617 0.125000
14 0.352539 0.714844 0.056641 0.148438
14 0.315430 0.694661 0.060547 0.147135
14 0.272461 0.684245 0.056641 0.131510
14 0.226563 0.669271 0.056641 0.153646
14 0.223145 0.496094 0.041992 0.091146
14 0.189453 0.482422 0.048828 0.118490
14 0.159180 0.476563 0.044922 0.104167
14 0.127441 0.402995 0.063477 0.110677
14 0.045898 0.637370 0.072266 0.217448