0 0.145996 0.178385 0.040039 0.096354
0 0.236816 0.239583 0.043945 0.111979
0 0.286621 0.209635 0.040039 0.098958
0 0.339844 0.215495 0.044922 0.100260
0 0.384277 0.215495 0.038086 0.100260
0 0.417480 0.218750 0.038086 0.091146
0 0.445313 0.233073 0.044922 0.098958
0 0.479004 0.258464 0.043945 0.100260
0 0.540039 0.259766 0.050781 0.102865
0 0.102539 0.169271 0.037109 0.096354
14 0.679199 0.343750 0.045898 0.117188
14 0.715332 0.350911 0.053711 0.121094
14 0.756836 0.358724 0.054688 0.121094
14 0.820801 0.380208 0.043945 0.127604
14 0.862305 0.375651 0.050781 0.128906
14 0.892578 0.389323 0.048828 0.122396
14 0.923340 0.401693 0.045898 0.121094
14 0.960449 0.407552 0.049805 0.119792
14 0.228027 0.844401 0.081055 0.217448
14 0.314453 0.611328 0.064453 0.105469
14 0.341797 0.682943 0.048828 0.110677
14 0.375000 0.690104 0.052734 0.119792
14 0.404785 0.712240 0.045898 0.101563
14 0.442871 0.710286 0.057617 0.126302
14 0.405273 0.876302 0.064453 0.148438
14 0.451660 0.891276 0.061523 0.134115
14 0.496094 0.899740 0.062500 0.132813
14 0.533203 0.917318 0.056641 0.141927
14 0.615723 0.942708 0.053711 0.114583
14 0.507813 0.738932 0.052734 0.110677
14 0.541016 0.760417 0.048828 0.096354
14 0.570801 0.768880 0.049805 0.105469
14 0.612793 0.789063 0.049805 0.106771
14 0.646973 0.800130 0.057617 0.108073
14 0.675781 0.815755 0.044922 0.079427
14 0.707520 0.819661 0.045898 0.102865
14 0.741699 0.826823 0.049805 0.114583
14 0.773438 0.843750 0.048828 0.106771
14 0.805664 0.856120 0.048828 0.102865
14 0.841309 0.855469 0.059570 0.119792
14 0.875000 0.860677 0.058594 0.125000