14 0.293457 0.117839 0.038086 0.110677
14 0.377441 0.121745 0.043945 0.113281
14 0.414063 0.128255 0.044922 0.118490
14 0.458496 0.129557 0.047852 0.123698
14 0.502441 0.136719 0.041992 0.127604
14 0.542480 0.146484 0.041992 0.126302
14 0.585938 0.155599 0.039063 0.134115
14 0.666016 0.177083 0.037109 0.104167
14 0.731934 0.182292 0.045898 0.114583
14 0.767090 0.194661 0.036133 0.102865
14 0.884277 0.328125 0.083008 0.054688
14 0.812500 0.365234 0.039063 0.110677
14 0.780762 0.362630 0.038086 0.121094
14 0.680176 0.337891 0.045898 0.139323
14 0.711914 0.704427 0.027344 0.083333
14 0.677246 0.677734 0.041992 0.123698
14 0.636719 0.663411 0.046875 0.139323
14 0.462402 0.639323 0.045898 0.140625
14 0.343262 0.631510 0.041992 0.135417
14 0.301270 0.620443 0.047852 0.147135
14 0.257324 0.624349 0.038086 0.121094
14 0.217285 0.617839 0.038086 0.110677
14 0.605469 0.324219 0.042969 0.114583
14 0.568848 0.298828 0.041992 0.102865
14 0.524414 0.309245 0.042969 0.134115
14 0.485352 0.313151 0.039063 0.149740
14 0.360352 0.281250 0.039063 0.117188
14 0.322266 0.273438 0.041016 0.127604