14 0.859863 0.080078 0.135742 0.121094
14 0.839355 0.144531 0.129883 0.122396
14 0.779785 0.264974 0.122070 0.121094
14 0.713867 0.454427 0.109375 0.111979
14 0.692383 0.506510 0.099609 0.088542
14 0.667480 0.557943 0.110352 0.108073
14 0.638672 0.608724 0.119141 0.123698
14 0.404297 0.092448 0.107422 0.114583
14 0.365234 0.152344 0.093750 0.104167
14 0.326172 0.264974 0.113281 0.113281
14 0.299316 0.320313 0.112305 0.114583
14 0.272461 0.369792 0.101563 0.098958
14 0.257813 0.426432 0.117188 0.105469
14 0.232422 0.477865 0.113281 0.104167
14 0.202637 0.524740 0.102539 0.096354
14 0.180176 0.604818 0.127930 0.115885
14 0.098633 0.781901 0.134766 0.126302
14 0.958008 0.289714 0.083984 0.092448
14 0.934082 0.332031 0.094727 0.093750
14 0.912109 0.376953 0.089844 0.089844
14 0.897461 0.421875 0.082031 0.080729
14 0.859863 0.518229 0.094727 0.093750
14 0.832520 0.561198 0.079102 0.075521
14 0.821289 0.611979 0.091797 0.088542
14 0.785645 0.647786 0.081055 0.082031
14 0.776367 0.693359 0.087891 0.079427
14 0.716309 0.832031 0.090820 0.093750
14 0.699707 0.878255 0.096680 0.076823
14 0.663086 0.952474 0.089844 0.071615
14 0.582031 0.761719 0.083984 0.098958
14 0.563965 0.817708 0.098633 0.098958