14 0.850098 0.161458 0.110352 0.200521
14 0.809570 0.555990 0.109375 0.111979
14 0.767090 0.651042 0.077148 0.083333
14 0.738281 0.687500 0.091797 0.096354
14 0.712891 0.724609 0.082031 0.082031
14 0.700684 0.779297 0.086914 0.092448
14 0.672363 0.824219 0.094727 0.096354
14 0.651855 0.869792 0.088867 0.083333
14 0.635254 0.913411 0.081055 0.076823
14 0.664551 0.444661 0.129883 0.121094
14 0.597168 0.570964 0.131836 0.126302
14 0.579590 0.638021 0.127930 0.122396
14 0.520996 0.759766 0.124023 0.134115
14 0.454102 0.939453 0.107422 0.110677
14 0.351074 0.066406 0.098633 0.091146
14 0.323730 0.139323 0.094727 0.093750
14 0.308594 0.187500 0.109375 0.096354
14 0.291504 0.234375 0.112305 0.096354
14 0.271973 0.281901 0.106445 0.100260
14 0.238770 0.371745 0.110352 0.095052
14 0.214355 0.455729 0.127930 0.132813
14 0.191895 0.514974 0.127930 0.118490
14 0.152344 0.577474 0.107422 0.108073
14 0.112793 0.635417 0.098633 0.093750
14 0.072754 0.749349 0.122070 0.118490
14 0.049805 0.798828 0.099609 0.108073