14 0.298340 0.179036 0.127930 0.108073
14 0.422852 0.102214 0.070313 0.141927
14 0.501465 0.079427 0.045898 0.070313
14 0.463867 0.152995 0.062500 0.113281
14 0.576660 0.152995 0.067383 0.069010
14 0.767090 0.161458 0.139648 0.143229
14 0.919922 0.406901 0.080078 0.152344
14 0.857910 0.360026 0.081055 0.152344
14 0.627930 0.924479 0.058594 0.065104
14 0.590332 0.948568 0.104492 0.100260
14 0.655273 0.720703 0.152344 0.157552
14 0.704102 0.619792 0.146484 0.138021
14 0.535156 0.470703 0.150391 0.149740
14 0.520996 0.328125 0.108398 0.101563
14 0.543945 0.261068 0.097656 0.105469
14 0.387695 0.324870 0.107422 0.199219
14 0.357910 0.717448 0.108398 0.114583
14 0.214844 0.602214 0.125000 0.121094
14 0.314941 0.809245 0.075195 0.084635
14 0.288086 0.852865 0.085938 0.101563
14 0.262207 0.885417 0.079102 0.080729
14 0.249023 0.940104 0.083984 0.093750
14 0.151367 0.729818 0.128906 0.128906
14 0.133301 0.793620 0.124023 0.126302
14 0.078125 0.915365 0.125000 0.135417