14 0.775391 0.185547 0.076172 0.141927
14 0.648438 0.259766 0.126953 0.105469
14 0.855957 0.159505 0.043945 0.066406
14 0.933594 0.234375 0.074219 0.072917
14 0.818848 0.234375 0.067383 0.111979
14 0.737793 0.408203 0.108398 0.194010
14 0.896973 0.345703 0.098633 0.102865
14 0.874023 0.411458 0.113281 0.104167
14 0.885254 0.554688 0.153320 0.153646
14 0.703613 0.799479 0.108398 0.117188
14 0.660156 0.889974 0.076172 0.082031
14 0.632324 0.927734 0.086914 0.097656
14 0.603516 0.963542 0.080078 0.072917
14 0.558594 0.682292 0.125000 0.125000
14 0.491699 0.809245 0.131836 0.131510
14 0.475586 0.875000 0.126953 0.130208
14 0.364258 0.184896 0.146484 0.078125
14 0.265137 0.261068 0.098633 0.102865
14 0.245605 0.303385 0.094727 0.091146
14 0.215820 0.374349 0.091797 0.095052
14 0.205566 0.424479 0.110352 0.096354
14 0.184082 0.468750 0.108398 0.098958
14 0.167480 0.518880 0.108398 0.095052
14 0.132324 0.606120 0.106445 0.102865
14 0.112305 0.690755 0.130859 0.134115
14 0.090332 0.748047 0.127930 0.123698
14 0.050293 0.805990 0.100586 0.114583