0 0.180664 0.077474 0.097656 0.063802
0 0.198242 0.392578 0.052734 0.113281
0 0.196777 0.674479 0.092773 0.093750
0 0.349121 0.807943 0.061523 0.113281
0 0.377441 0.568359 0.055664 0.113281
0 0.420410 0.548828 0.055664 0.110677
0 0.394043 0.792318 0.047852 0.105469
0 0.435059 0.773438 0.047852 0.101563
0 0.473145 0.762370 0.055664 0.123698
0 0.513184 0.742188 0.045898 0.114583
0 0.553711 0.723958 0.052734 0.106771
0 0.596191 0.708333 0.049805 0.109375
0 0.460938 0.527344 0.050781 0.101563
0 0.499512 0.518229 0.059570 0.114583
0 0.539551 0.496745 0.053711 0.110677
0 0.623047 0.463542 0.054688 0.096354
0 0.705566 0.445313 0.051758 0.093750
0 0.747070 0.421875 0.048828 0.101563
0 0.786133 0.404948 0.050781 0.117188
0 0.827637 0.391927 0.051758 0.106771
0 0.912598 0.358724 0.051758 0.121094
0 0.775391 0.152344 0.042969 0.114583
2 0.679199 0.123047 0.051758 0.154948
0 0.600098 0.115885 0.049805 0.125000
2 0.501953 0.110677 0.044922 0.138021