0 0.320313 0.146484 0.082031 0.063802
0 0.151855 0.317057 0.059570 0.123698
0 0.068359 0.351563 0.054688 0.111979
0 0.026855 0.363932 0.053711 0.115885
2 0.769043 0.328125 0.059570 0.130208
0 0.811035 0.305990 0.049805 0.119792
0 0.725586 0.347005 0.054688 0.126302
0 0.642578 0.375651 0.050781 0.105469
0 0.604980 0.385417 0.051758 0.111979
0 0.564453 0.402344 0.050781 0.106771
2 0.478516 0.442057 0.058594 0.134115
0 0.352539 0.473307 0.056641 0.123698
0 0.817383 0.580078 0.056641 0.123698
0 0.776367 0.594401 0.052734 0.108073
0 0.653320 0.643229 0.056641 0.117188
0 0.447754 0.720052 0.055664 0.117188
0 0.288574 0.771484 0.053711 0.110677
0 0.244629 0.781250 0.059570 0.114583