14 0.137695 0.236979 0.056641 0.091146
14 0.166992 0.272135 0.062500 0.098958
14 0.194336 0.294271 0.054688 0.091146
14 0.216309 0.324870 0.061523 0.102865
14 0.246094 0.354818 0.080078 0.123698
14 0.277344 0.380859 0.070313 0.108073
14 0.422852 0.515625 0.072266 0.125000
14 0.447754 0.557292 0.071289 0.111979
14 0.601074 0.684245 0.059570 0.084635
14 0.660645 0.735026 0.065430 0.105469
14 0.689941 0.749349 0.055664 0.089844
14 0.740723 0.796224 0.059570 0.089844
14 0.908203 0.746745 0.082031 0.126302
14 0.813965 0.656901 0.077148 0.115885
14 0.789063 0.616536 0.087891 0.144531
14 0.759766 0.573568 0.099609 0.160156
14 0.680664 0.542969 0.062500 0.096354
14 0.651855 0.514974 0.067383 0.097656
14 0.615723 0.496094 0.057617 0.088542
14 0.595703 0.455729 0.070313 0.111979
14 0.565430 0.422526 0.074219 0.134115
14 0.469238 0.337891 0.073242 0.123698
14 0.362793 0.267578 0.057617 0.082031
14 0.338379 0.230469 0.063477 0.106771
14 0.307129 0.213542 0.059570 0.083333
14 0.288086 0.184896 0.068359 0.101563
14 0.260254 0.154948 0.057617 0.101563