14 0.198242 0.037109 0.083984 0.050781
14 0.303223 0.099609 0.092773 0.050781
14 0.193848 0.126302 0.083008 0.046875
14 0.189453 0.166016 0.064453 0.045573
14 0.292480 0.191406 0.059570 0.039063
14 0.291992 0.235026 0.087891 0.055990
14 0.176758 0.257161 0.089844 0.050781
14 0.177246 0.302083 0.077148 0.049479
14 0.297363 0.328125 0.094727 0.054688
14 0.178711 0.344401 0.076172 0.045573
14 0.284180 0.368490 0.085938 0.054688
14 0.277832 0.420573 0.069336 0.044271
14 0.281738 0.462891 0.075195 0.045573
14 0.272949 0.546224 0.067383 0.042969
14 0.270020 0.585286 0.077148 0.053385
14 0.275879 0.628255 0.083008 0.053385
14 0.269043 0.671224 0.073242 0.048177
14 0.579590 0.038411 0.077148 0.048177
14 0.572754 0.077474 0.084961 0.053385
14 0.577637 0.154297 0.061523 0.037760
14 0.570801 0.190104 0.065430 0.041667
14 0.572754 0.227214 0.069336 0.048177
14 0.569824 0.263021 0.065430 0.044271
14 0.568848 0.302083 0.073242 0.046875
14 0.562988 0.338542 0.079102 0.046875
14 0.558105 0.374349 0.077148 0.042969
14 0.559082 0.414714 0.088867 0.045573
14 0.558105 0.488932 0.081055 0.048177
14 0.553223 0.528646 0.083008 0.046875
14 0.552734 0.561849 0.074219 0.050781
14 0.544434 0.600260 0.094727 0.049479
14 0.549805 0.637370 0.083984 0.055990
14 0.547363 0.674479 0.071289 0.044271
14 0.546387 0.714193 0.073242 0.045573
14 0.543457 0.752604 0.079102 0.044271
14 0.548340 0.786458 0.065430 0.044271
14 0.658203 0.870443 0.095703 0.058594
14 0.663086 0.770833 0.091797 0.044271
14 0.670898 0.673177 0.111328 0.062500
14 0.674316 0.622396 0.096680 0.052083
14 0.673828 0.568359 0.105469 0.058594
14 0.133301 0.551432 0.139648 0.063802
14 0.694824 0.036458 0.094727 0.052083
14 0.690918 0.141927 0.073242 0.049479
14 0.684082 0.271484 0.084961 0.053385
14 0.682129 0.323568 0.084961 0.053385
14 0.683594 0.419922 0.119141 0.061198
14 0.678711 0.518229 0.111328 0.049479
14 0.682617 0.367188 0.097656 0.049479
14 0.956543 0.152344 0.077148 0.054688
14 0.930664 0.285156 0.121094 0.044271
14 0.919922 0.334635 0.109375 0.057292
14 0.931152 0.378906 0.081055 0.054688
14 0.937988 0.427734 0.094727 0.048177
14 0.934570 0.472005 0.095703 0.045573
14 0.930176 0.518229 0.106445 0.057292
14 0.926758 0.607422 0.089844 0.050781
14 0.922852 0.692708 0.089844 0.052083
14 0.923340 0.733724 0.092773 0.053385
14 0.936035 0.785807 0.075195 0.048177
14 0.920898 0.830078 0.083984 0.053385
14 0.915527 0.878906 0.081055 0.049479
14 0.915039 0.921224 0.089844 0.048177
14 0.901367 0.967448 0.099609 0.065104