0 0.900391 0.330729 0.037109 0.083333
0 0.271484 0.179688 0.041016 0.075521
0 0.302246 0.191406 0.038086 0.072917
0 0.067871 0.268229 0.032227 0.072917
2 0.154297 0.380859 0.039063 0.082031
14 0.222168 0.437500 0.077148 0.067708
14 0.311523 0.472656 0.085938 0.070313
14 0.504883 0.535156 0.083984 0.065104
14 0.602539 0.583984 0.103516 0.066406
0 0.803223 0.567057 0.032227 0.076823
0 0.772461 0.583333 0.031250 0.065104
0 0.876465 0.581380 0.038086 0.074219
14 0.089355 0.525391 0.067383 0.042969
14 0.085938 0.675130 0.056641 0.035156
14 0.086914 0.708984 0.076172 0.048177
14 0.078613 0.785807 0.063477 0.042969
14 0.075684 0.817708 0.063477 0.044271
14 0.369141 0.635417 0.060547 0.046875
14 0.356445 0.723307 0.074219 0.048177
14 0.353027 0.842448 0.075195 0.046875
14 0.352051 0.880208 0.081055 0.052083
14 0.348633 0.919271 0.074219 0.052083
14 0.343262 0.960938 0.083008 0.054688
14 0.473633 0.689453 0.068359 0.045573
14 0.465332 0.723958 0.067383 0.044271
14 0.466797 0.771484 0.089844 0.050781
14 0.473633 0.817708 0.101563 0.057292
14 0.471680 0.873698 0.097656 0.059896
14 0.462891 0.921875 0.091797 0.057292
14 0.730469 0.766276 0.091797 0.048177
14 0.737793 0.804688 0.075195 0.054688
14 0.724609 0.899740 0.091797 0.052083
14 0.857422 0.867188 0.087891 0.054688