0 0.395508 0.203776 0.062500 0.055990
2 0.254883 0.244792 0.068359 0.062500
0 0.414551 0.324219 0.063477 0.057292
0 0.422363 0.361979 0.063477 0.052083
0 0.268066 0.365234 0.057617 0.053385
0 0.280273 0.449219 0.056641 0.052083
0 0.290039 0.485677 0.058594 0.054688
0 0.591309 0.528646 0.036133 0.085938
2 0.474121 0.576823 0.043945 0.091146
0 0.413574 0.596354 0.040039 0.088542
0 0.322266 0.677734 0.058594 0.053385
0 0.696777 0.700521 0.065430 0.065104
0 0.711914 0.738281 0.060547 0.059896
0 0.559082 0.944010 0.036133 0.093750
0 0.441895 0.914063 0.036133 0.091146
0 0.513672 0.740885 0.039063 0.083333
0 0.574707 0.735026 0.032227 0.087240
0 0.433105 0.437500 0.061523 0.054688