0 0.188477 0.900391 0.058594 0.058594
0 0.238281 0.732422 0.076172 0.066406
0 0.246582 0.686849 0.069336 0.069010
0 0.257324 0.642578 0.067383 0.063802
0 0.395020 0.081380 0.071289 0.058594
0 0.379883 0.119141 0.068359 0.063802
0 0.374512 0.169922 0.077148 0.061198
0 0.352051 0.255208 0.071289 0.059896
0 0.337402 0.294922 0.067383 0.058594
0 0.327148 0.339844 0.076172 0.062500
0 0.319336 0.380859 0.074219 0.061198
0 0.310059 0.421875 0.071289 0.062500
0 0.295410 0.470052 0.071289 0.059896
2 0.288086 0.514974 0.070313 0.061198
0 0.279785 0.560547 0.067383 0.069010