0 0.802246 0.085286 0.081055 0.066406
0 0.823242 0.138021 0.070313 0.065104
0 0.901855 0.113281 0.086914 0.075521
0 0.909180 0.169922 0.087891 0.076823
0 0.879883 0.456380 0.093750 0.079427
0 0.909180 0.659505 0.076172 0.074219
0 0.513672 0.074870 0.083984 0.071615
0 0.399414 0.094401 0.048828 0.126302
0 0.527832 0.182943 0.077148 0.076823
0 0.635742 0.262370 0.083984 0.074219
0 0.671875 0.406250 0.070313 0.075521
0 0.596191 0.484375 0.081055 0.078125
0 0.680176 0.462891 0.067383 0.069010
0 0.692383 0.514323 0.083984 0.075521
0 0.625000 0.645833 0.085938 0.083333
0 0.719727 0.725911 0.089844 0.076823
0 0.732422 0.779948 0.068359 0.065104
0 0.472656 0.873047 0.070313 0.069010
0 0.387695 0.884115 0.078125 0.078125
0 0.367188 0.796224 0.091797 0.082031
0 0.351074 0.740234 0.086914 0.089844
0 0.305664 0.041667 0.080078 0.072917
0 0.223145 0.061849 0.083008 0.071615
0 0.238281 0.119792 0.082031 0.080729
0 0.152344 0.173177 0.056641 0.111979
0 0.259766 0.218750 0.078125 0.072917
0 0.267578 0.269531 0.080078 0.070313
0 0.270508 0.326823 0.087891 0.080729
0 0.349609 0.293620 0.083984 0.076823
0 0.380371 0.404297 0.081055 0.082031
0 0.413086 0.554036 0.087891 0.082031
0 0.417480 0.606771 0.088867 0.083333
0 0.431152 0.660807 0.073242 0.076823
0 0.039551 0.123047 0.079102 0.076823
0 0.047852 0.184896 0.074219 0.075521
0 0.135254 0.368490 0.081055 0.085938
0 0.107422 0.439453 0.082031 0.082031
0 0.220703 0.570313 0.078125 0.085938
0 0.056641 0.621745 0.078125 0.084635
0 0.069336 0.671875 0.078125 0.080729
0 0.142578 0.644531 0.064453 0.067708
0 0.078125 0.722005 0.076172 0.069010
0 0.089844 0.772786 0.080078 0.076823
0 0.175293 0.744792 0.083008 0.075521
0 0.091309 0.833333 0.079102 0.075521
0 0.179199 0.804036 0.083008 0.082031
0 0.101074 0.888672 0.079102 0.076823
0 0.194824 0.848958 0.079102 0.072917
0 0.198242 0.910156 0.072266 0.067708