14 0.604004 0.070313 0.028320 0.067708
14 0.563965 0.091146 0.034180 0.101563
14 0.540527 0.087891 0.026367 0.071615
14 0.481445 0.113281 0.031250 0.085938
14 0.458496 0.119792 0.026367 0.080729
14 0.435547 0.124349 0.031250 0.071615
14 0.416016 0.142578 0.035156 0.084635
14 0.374023 0.151042 0.031250 0.085938
14 0.352051 0.148438 0.026367 0.083333
14 0.331543 0.159505 0.028320 0.079427
14 0.308594 0.163411 0.031250 0.076823
14 0.287598 0.167969 0.032227 0.078125
14 0.268066 0.172526 0.028320 0.071615
14 0.245117 0.182292 0.027344 0.078125
14 0.205566 0.197266 0.030273 0.076823
14 0.187012 0.207031 0.034180 0.091146
14 0.158203 0.235026 0.042969 0.097656
14 0.128418 0.252604 0.043945 0.085938
14 0.091309 0.292318 0.053711 0.095052
14 0.036133 0.341146 0.050781 0.093750
14 0.853027 0.309896 0.040039 0.052083
14 0.889648 0.352865 0.042969 0.062500
14 0.911621 0.387370 0.061523 0.061198
14 0.932129 0.433594 0.077148 0.054688
14 0.926758 0.477214 0.103516 0.061198
14 0.936523 0.514974 0.095703 0.061198
14 0.944336 0.561849 0.093750 0.050781
14 0.865723 0.693359 0.057617 0.087240
14 0.849609 0.715495 0.042969 0.082031
14 0.824707 0.729818 0.051758 0.084635
14 0.783691 0.777995 0.045898 0.087240
14 0.715332 0.849609 0.041992 0.063802
14 0.673340 0.879557 0.051758 0.087240
14 0.651367 0.893229 0.046875 0.085938
14 0.633789 0.917318 0.054688 0.089844
14 0.608398 0.937500 0.050781 0.085938
14 0.586914 0.960938 0.046875 0.078125
14 0.181152 0.954427 0.049805 0.080729
14 0.203125 0.934245 0.052734 0.084635
14 0.253418 0.872396 0.041992 0.065104
14 0.280273 0.860026 0.052734 0.082031
14 0.297852 0.839844 0.044922 0.080729
14 0.314453 0.823568 0.044922 0.076823
14 0.336914 0.806641 0.054688 0.092448
14 0.354980 0.782552 0.043945 0.078125
14 0.375000 0.767578 0.052734 0.084635
14 0.392090 0.743490 0.045898 0.080729
14 0.416016 0.737630 0.054688 0.097656
14 0.494141 0.645182 0.046875 0.074219
14 0.518066 0.636068 0.053711 0.095052
14 0.537109 0.613281 0.048828 0.078125
14 0.558105 0.600911 0.053711 0.095052
14 0.582520 0.575521 0.055664 0.093750
14 0.641602 0.514974 0.052734 0.084635
14 0.665039 0.489583 0.050781 0.088542
14 0.687500 0.462891 0.054688 0.084635
14 0.638672 0.361328 0.052734 0.087240
14 0.616211 0.380859 0.050781 0.087240
14 0.595215 0.410156 0.045898 0.065104
14 0.551270 0.442708 0.055664 0.088542
14 0.528320 0.465495 0.052734 0.089844
14 0.465332 0.522135 0.057617 0.093750
14 0.446777 0.548828 0.045898 0.079427
14 0.426270 0.561849 0.055664 0.092448
14 0.401855 0.582682 0.057617 0.084635
14 0.374512 0.595703 0.065430 0.105469
14 0.354492 0.621745 0.060547 0.097656
14 0.257813 0.713542 0.058594 0.096354
14 0.205078 0.757813 0.068359 0.111979
14 0.181641 0.775391 0.072266 0.108073
14 0.157715 0.807292 0.065430 0.106771
14 0.106445 0.889974 0.039063 0.058594
14 0.065918 0.925781 0.038086 0.057292