14 0.172852 0.416016 0.044922 0.074219
14 0.210938 0.384766 0.041016 0.071615
14 0.227539 0.364583 0.037109 0.070313
14 0.265137 0.339193 0.040039 0.071615
14 0.297852 0.295573 0.035156 0.062500
14 0.323730 0.294271 0.045898 0.075521
14 0.343750 0.274740 0.054688 0.088542
14 0.365723 0.258464 0.051758 0.092448
14 0.387207 0.243490 0.055664 0.096354
14 0.444336 0.200521 0.060547 0.093750
14 0.478516 0.160807 0.052734 0.092448
14 0.510742 0.137370 0.050781 0.097656
14 0.535156 0.109375 0.041016 0.088542
14 0.558105 0.102214 0.036133 0.089844
14 0.597656 0.087891 0.027344 0.092448
14 0.619629 0.076172 0.032227 0.074219
14 0.642578 0.074219 0.033203 0.085938
14 0.660645 0.063802 0.034180 0.083333
14 0.682617 0.061198 0.029297 0.085938
14 0.704102 0.053385 0.033203 0.085938
14 0.722656 0.052083 0.035156 0.091146
14 0.766113 0.046875 0.038086 0.091146
14 0.788086 0.034505 0.033203 0.069010
14 0.969238 0.287760 0.051758 0.091146
14 0.949707 0.316406 0.051758 0.075521
14 0.904297 0.348958 0.052734 0.098958
14 0.880371 0.368490 0.053711 0.093750
14 0.817383 0.427083 0.058594 0.098958
14 0.800293 0.452474 0.047852 0.082031
14 0.780273 0.466146 0.054688 0.098958
14 0.753906 0.490234 0.054688 0.089844
14 0.726074 0.502604 0.067383 0.104167
14 0.707031 0.524089 0.064453 0.108073
14 0.609375 0.623047 0.060547 0.102865
14 0.557129 0.660156 0.067383 0.111979
14 0.536133 0.681641 0.076172 0.108073
14 0.508789 0.714193 0.066406 0.100260
14 0.458496 0.798177 0.041992 0.067708
14 0.419434 0.830078 0.041992 0.061198
14 0.385742 0.852865 0.048828 0.080729
14 0.937988 0.483724 0.061523 0.087240
14 0.912109 0.507813 0.054688 0.098958
14 0.889648 0.518880 0.046875 0.087240
14 0.871094 0.542318 0.054688 0.097656
14 0.849121 0.554688 0.045898 0.083333
14 0.769043 0.643229 0.051758 0.096354
14 0.747559 0.653646 0.053711 0.080729
14 0.728516 0.675781 0.060547 0.083333
14 0.708008 0.690755 0.050781 0.076823
14 0.689453 0.715495 0.054688 0.089844
14 0.666992 0.729818 0.046875 0.079427
14 0.652344 0.750000 0.050781 0.083333
14 0.632813 0.770182 0.054688 0.089844
14 0.605957 0.779948 0.043945 0.072917
14 0.558594 0.841797 0.054688 0.084635
14 0.534180 0.858724 0.054688 0.087240
14 0.423340 0.926432 0.059570 0.066406
14 0.435059 0.957682 0.053711 0.061198
14 0.960449 0.841797 0.053711 0.095052
14 0.941406 0.867839 0.052734 0.084635
14 0.900879 0.899740 0.057617 0.098958
14 0.859375 0.936849 0.064453 0.105469
14 0.835449 0.955729 0.061523 0.088542