2 0.443359 0.182292 0.072266 0.114583
1 0.534180 0.240885 0.113281 0.177083
10 0.796875 0.141927 0.060547 0.125000
2 0.859375 0.221354 0.058594 0.088542
2 0.881348 0.260417 0.063477 0.088542
10 0.938965 0.293620 0.067383 0.102865
2 0.555664 0.499349 0.076172 0.089844
2 0.527344 0.532552 0.076172 0.093750
2 0.502441 0.576823 0.069336 0.106771
2 0.477051 0.613932 0.081055 0.095052
2 0.397949 0.727214 0.079102 0.100260
2 0.349121 0.813151 0.077148 0.095052
2 0.324707 0.848307 0.075195 0.092448
2 0.291016 0.886068 0.078125 0.095052