0 0.146973 0.040365 0.077148 0.059896
0 0.155273 0.085938 0.070313 0.065104
0 0.162598 0.178385 0.077148 0.062500
0 0.400391 0.138672 0.078125 0.061198
0 0.737793 0.162109 0.047852 0.102865
0 0.666016 0.172526 0.044922 0.108073
0 0.596680 0.187500 0.048828 0.104167
0 0.531250 0.202474 0.041016 0.089844
0 0.491699 0.203125 0.043945 0.085938
0 0.428223 0.216797 0.041992 0.102865
0 0.363770 0.226563 0.041992 0.093750
0 0.331543 0.238281 0.047852 0.104167
0 0.291016 0.240885 0.039063 0.088542
0 0.256348 0.245443 0.043945 0.089844
0 0.223145 0.257813 0.041992 0.098958
0 0.152344 0.274089 0.044922 0.102865
0 0.116211 0.270833 0.041016 0.088542
0 0.083496 0.272786 0.041992 0.092448
0 0.052734 0.283854 0.039063 0.083333
0 0.888672 0.349609 0.044922 0.108073
0 0.689941 0.386719 0.047852 0.106771
0 0.558594 0.406901 0.044922 0.110677
0 0.522949 0.425781 0.038086 0.080729
0 0.486328 0.427083 0.042969 0.098958
0 0.453125 0.428385 0.039063 0.088542
0 0.417969 0.434245 0.044922 0.097656
0 0.387207 0.446615 0.041992 0.091146
0 0.346191 0.445313 0.040039 0.104167
0 0.315430 0.462240 0.037109 0.093750
0 0.244629 0.462240 0.041992 0.101563
0 0.950684 0.582682 0.041992 0.102865
0 0.847656 0.602865 0.037109 0.088542
0 0.817383 0.611328 0.046875 0.100260
10 0.750000 0.626953 0.050781 0.105469
0 0.675781 0.639323 0.044922 0.093750
0 0.609863 0.647135 0.047852 0.104167
0 0.579102 0.657552 0.044922 0.104167
0 0.543945 0.661458 0.039063 0.093750
0 0.507813 0.671224 0.039063 0.092448
0 0.472168 0.684896 0.049805 0.101563
0 0.438965 0.687500 0.041992 0.104167
0 0.404785 0.686849 0.040039 0.092448
0 0.374023 0.697917 0.042969 0.088542
0 0.339844 0.705729 0.039063 0.098958
0 0.306641 0.709635 0.044922 0.106771
0 0.270508 0.712891 0.041016 0.095052
0 0.934570 0.796875 0.048828 0.114583
0 0.836426 0.821615 0.043945 0.091146
0 0.804688 0.828776 0.044922 0.095052
0 0.736328 0.840495 0.039063 0.089844
0 0.701660 0.845052 0.038086 0.091146
0 0.668457 0.855469 0.040039 0.085938
0 0.631836 0.859375 0.041016 0.093750
0 0.599609 0.871745 0.042969 0.087240
0 0.564453 0.869141 0.041016 0.100260
0 0.529785 0.876953 0.045898 0.095052
0 0.496094 0.876953 0.046875 0.110677
0 0.463379 0.891927 0.041992 0.098958
0 0.431641 0.902344 0.046875 0.093750
0 0.396484 0.904297 0.041016 0.100260
0 0.361328 0.912760 0.042969 0.083333
0 0.327148 0.914063 0.039063 0.091146
0 0.294434 0.928385 0.043945 0.088542
0 0.257813 0.930339 0.042969 0.105469
0 0.224609 0.938151 0.044922 0.089844
0 0.187012 0.941406 0.041992 0.088542
0 0.151855 0.941406 0.047852 0.101563