0 0.058105 0.348307 0.081055 0.063802
2 0.184570 0.279297 0.050781 0.123698
0 0.249023 0.294271 0.044922 0.104167
0 0.343750 0.324219 0.044922 0.104167
0 0.413574 0.332031 0.043945 0.098958
0 0.475098 0.363281 0.040039 0.085938
0 0.505859 0.367839 0.046875 0.102865
2 0.636230 0.410807 0.045898 0.102865
0 0.670898 0.413411 0.042969 0.100260
0 0.704590 0.421224 0.040039 0.092448
0 0.732422 0.425781 0.044922 0.091146
0 0.799805 0.445964 0.042969 0.095052
0 0.827148 0.461589 0.044922 0.102865
0 0.859863 0.472005 0.045898 0.095052
0 0.897949 0.475260 0.043945 0.093750
0 0.954102 0.504557 0.042969 0.100260
2 0.238770 0.631510 0.106445 0.070313
2 0.268066 0.701823 0.086914 0.062500
2 0.463379 0.712891 0.116211 0.087240
4 0.752930 0.918620 0.181641 0.108073
0 0.574219 0.385417 0.042969 0.096354