0 0.948242 0.356120 0.050781 0.102865
0 0.899902 0.372396 0.045898 0.106771
0 0.861328 0.380859 0.044922 0.102865
0 0.819824 0.383464 0.053711 0.115885
0 0.774902 0.397135 0.041992 0.101563
0 0.734375 0.423828 0.050781 0.110677
0 0.494141 0.150391 0.037109 0.102865
0 0.458008 0.170573 0.041016 0.104167
0 0.418457 0.174479 0.049805 0.117188
0 0.330078 0.190104 0.044922 0.106771
0 0.260254 0.212891 0.049805 0.118490
0 0.162598 0.229818 0.041992 0.100260
0 0.118652 0.238932 0.043945 0.100260
0 0.481934 0.354818 0.053711 0.118490
0 0.442871 0.367839 0.051758 0.110677
0 0.408203 0.388672 0.037109 0.100260
0 0.365723 0.407552 0.051758 0.117188
0 0.324707 0.426432 0.045898 0.102865
0 0.256836 0.436849 0.052734 0.108073
0 0.160645 0.466797 0.051758 0.108073
0 0.089355 0.465495 0.041992 0.084635
0 0.051270 0.475260 0.041992 0.109375
0 0.019043 0.490885 0.038086 0.106771
1 0.477539 0.798177 0.177734 0.101563
1 0.520020 0.852865 0.225586 0.125000