1 0.146973 0.475911 0.133789 0.079427
1 0.194824 0.528646 0.204102 0.101563
0 0.466309 0.052083 0.061523 0.044271
2 0.812988 0.056641 0.081055 0.092448
2 0.695801 0.042318 0.075195 0.066406
2 0.476074 0.128906 0.077148 0.057292
2 0.542969 0.123047 0.064453 0.076823
2 0.484863 0.198568 0.084961 0.058594
2 0.561035 0.196615 0.077148 0.093750
2 0.700684 0.186849 0.083008 0.076823
2 0.732422 0.279297 0.089844 0.071615
0 0.846191 0.287109 0.047852 0.063802
0 0.758789 0.473958 0.062500 0.054688
0 0.620605 0.628255 0.055664 0.061198
0 0.865723 0.447917 0.047852 0.057292
0 0.871582 0.479818 0.047852 0.063802
0 0.883789 0.520182 0.050781 0.063802
1 0.855957 0.410807 0.075195 0.092448
0 0.502930 0.296875 0.046875 0.041667
2 0.571777 0.269531 0.071289 0.093750
2 0.577637 0.311849 0.071289 0.084635
2 0.505859 0.366536 0.078125 0.053385
2 0.510254 0.434245 0.088867 0.061198
2 0.540039 0.568359 0.068359 0.061198
2 0.543457 0.634766 0.065430 0.053385
3 0.380859 0.769531 0.072266 0.268229
3 0.205078 0.733073 0.201172 0.104167