10 0.517090 0.052734 0.090820 0.050781
0 0.592285 0.587240 0.075195 0.080729
0 0.344727 0.578776 0.078125 0.050781
0 0.429199 0.052734 0.075195 0.048177
10 0.434082 0.109375 0.090820 0.057292
0 0.428223 0.161458 0.075195 0.057292
2 0.249023 0.324219 0.087891 0.054688
2 0.379883 0.386068 0.082031 0.050781
0 0.299805 0.390625 0.078125 0.046875
0 0.229980 0.402995 0.067383 0.042969
0 0.228516 0.440755 0.076172 0.053385
0 0.316406 0.430990 0.074219 0.054688
0 0.386230 0.425130 0.079102 0.055990
0 0.398438 0.470052 0.074219 0.054688
0 0.322754 0.475911 0.075195 0.058594
2 0.251465 0.500000 0.083008 0.054688
2 0.246094 0.553385 0.093750 0.062500
10 0.364746 0.514323 0.100586 0.054688