1 0.763672 0.145182 0.130859 0.079427
1 0.723633 0.547526 0.136719 0.079427
1 0.770996 0.199219 0.125977 0.088542
1 0.227539 0.048177 0.132813 0.093750
1 0.219238 0.108724 0.129883 0.087240
1 0.229004 0.174479 0.133789 0.091146
1 0.376465 0.266927 0.131836 0.080729
1 0.250977 0.356120 0.130859 0.095052
1 0.263184 0.409505 0.133789 0.095052
1 0.284668 0.526042 0.137695 0.096354
1 0.295410 0.582031 0.127930 0.098958
1 0.412109 0.615234 0.126953 0.089844
0 0.341309 0.776693 0.040039 0.079427
0 0.404785 0.758464 0.038086 0.076823
0 0.496094 0.738281 0.033203 0.075521
0 0.526855 0.722656 0.034180 0.075521
0 0.558594 0.723307 0.037109 0.074219
0 0.589355 0.708333 0.038086 0.078125
2 0.626953 0.686849 0.062500 0.092448