1 0.748047 0.228516 0.121094 0.074219
1 0.738281 0.341146 0.123047 0.067708
1 0.731445 0.402344 0.126953 0.085938
0 0.520508 0.235677 0.033203 0.083333
0 0.491211 0.250651 0.037109 0.079427
0 0.432617 0.252604 0.037109 0.072917
0 0.399902 0.263021 0.036133 0.080729
1 0.688965 0.720052 0.131836 0.078125
1 0.695801 0.774089 0.131836 0.074219
1 0.103027 0.389974 0.139648 0.100260
1 0.124023 0.513021 0.134766 0.096354
1 0.134277 0.567057 0.135742 0.097656
1 0.154297 0.622396 0.134766 0.096354
1 0.144043 0.691406 0.131836 0.101563
1 0.153809 0.750000 0.133789 0.093750
1 0.300293 0.843750 0.131836 0.091146
1 0.175293 0.934245 0.127930 0.089844