0 0.134277 0.074870 0.059570 0.050781
0 0.144043 0.121745 0.063477 0.053385
0 0.153320 0.160156 0.058594 0.049479
0 0.577637 0.279948 0.067383 0.054688
0 0.440918 0.736328 0.061523 0.055990
2 0.460938 0.839193 0.068359 0.058594
0 0.466309 0.888672 0.073242 0.050781
2 0.745117 0.781250 0.072266 0.054688
2 0.812500 0.760417 0.070313 0.059896
2 0.882813 0.740234 0.074219 0.055990
0 0.893555 0.339193 0.058594 0.048177
0 0.838379 0.353516 0.063477 0.048177
0 0.779785 0.367839 0.067383 0.055990
0 0.783203 0.408203 0.064453 0.053385
0 0.840820 0.397135 0.066406 0.046875
0 0.746582 0.473958 0.059570 0.054688
0 0.803223 0.458984 0.061523 0.058594
0 0.858398 0.444661 0.060547 0.050781
2 0.913086 0.479818 0.074219 0.055990
0 0.922363 0.523438 0.067383 0.052083
0 0.861816 0.533854 0.061523 0.052083
0 0.803223 0.545573 0.065430 0.049479
0 0.741211 0.561198 0.064453 0.052083