2 0.028320 0.391927 0.052734 0.080729
2 0.047363 0.417969 0.053711 0.075521
2 0.166992 0.550781 0.064453 0.091146
2 0.191406 0.580729 0.064453 0.088542
2 0.237793 0.630208 0.063477 0.091146
2 0.283203 0.684245 0.068359 0.092448
2 0.329102 0.759766 0.066406 0.095052
2 0.802246 0.059896 0.065430 0.104167
2 0.905762 0.354167 0.067383 0.075521
2 0.878418 0.383464 0.065430 0.079427
2 0.855469 0.425130 0.064453 0.084635
2 0.831543 0.464193 0.063477 0.084635
2 0.757813 0.563802 0.070313 0.085938
2 0.716797 0.645833 0.062500 0.083333
2 0.688965 0.677083 0.067383 0.083333
2 0.662109 0.715495 0.068359 0.084635