12 0.110352 0.061198 0.134766 0.098958
12 0.100098 0.150391 0.135742 0.105469
12 0.116699 0.442708 0.118164 0.078125
12 0.116699 0.585286 0.116211 0.079427
12 0.379883 0.088542 0.119141 0.067708
12 0.379883 0.154948 0.111328 0.075521
12 0.382813 0.302734 0.115234 0.082031
12 0.395020 0.514974 0.112305 0.084635
12 0.395508 0.732422 0.103516 0.061198
12 0.397461 0.798177 0.101563 0.067708
12 0.395020 0.871094 0.106445 0.065104
12 0.649902 0.757161 0.075195 0.149740
2 0.770508 0.899089 0.054688 0.089844
2 0.802734 0.931641 0.054688 0.074219
2 0.828613 0.966797 0.061523 0.066406