0 0.414551 0.072266 0.065430 0.053385
0 0.730957 0.132161 0.057617 0.048177
0 0.673340 0.143880 0.059570 0.048177
0 0.616699 0.159505 0.065430 0.053385
0 0.619629 0.199870 0.065430 0.055990
0 0.677246 0.186849 0.061523 0.048177
0 0.264160 0.398438 0.067383 0.052083
0 0.280273 0.523438 0.058594 0.046875
2 0.299316 0.625651 0.069336 0.066406
0 0.304688 0.673828 0.068359 0.050781
0 0.315430 0.772135 0.058594 0.052083
0 0.320313 0.811198 0.066406 0.049479
0 0.331543 0.878906 0.055664 0.049479
0 0.339355 0.922526 0.067383 0.050781
0 0.514160 0.819661 0.041992 0.082031
0 0.620605 0.931641 0.055664 0.050781
0 0.836426 0.751302 0.038086 0.088542
0 0.714355 0.953125 0.069336 0.046875
0 0.780273 0.934896 0.058594 0.044271
2 0.717285 0.526693 0.069336 0.053385
2 0.650391 0.547526 0.070313 0.058594
2 0.580078 0.565755 0.068359 0.055990
2 0.747559 0.272135 0.071289 0.052083
0 0.693359 0.235026 0.060547 0.053385
0 0.639160 0.246745 0.057617 0.048177
0 0.583496 0.265625 0.055664 0.046875
0 0.577637 0.353516 0.061523 0.053385
0 0.639648 0.337240 0.066406 0.054688
0 0.697266 0.325521 0.060547 0.049479
0 0.761719 0.310547 0.060547 0.053385