0 0.128418 0.579427 0.049805 0.106771
0 0.255371 0.545573 0.047852 0.098958
0 0.297363 0.529948 0.049805 0.104167
0 0.366211 0.744141 0.046875 0.100260
0 0.407715 0.740234 0.043945 0.089844
0 0.454102 0.731120 0.046875 0.102865
0 0.539551 0.703776 0.041992 0.097656
0 0.574219 0.690755 0.044922 0.100260
0 0.663086 0.688802 0.042969 0.088542
2 0.850098 0.444010 0.047852 0.111979
2 0.796875 0.445313 0.046875 0.140625
0 0.674316 0.467448 0.069336 0.072917
0 0.495117 0.447266 0.082031 0.082031
0 0.423828 0.399740 0.072266 0.075521
0 0.272461 0.298828 0.078125 0.084635
0 0.349609 0.100911 0.082031 0.089844
0 0.328613 0.147135 0.079102 0.083333
0 0.484375 0.242188 0.070313 0.075521
0 0.548340 0.288411 0.069336 0.071615
0 0.469238 0.297526 0.071289 0.071615
0 0.516602 0.391927 0.078125 0.072917