0 0.033691 0.776042 0.038086 0.075521
0 0.163574 0.940104 0.041992 0.088542
0 0.207520 0.821615 0.053711 0.046875
0 0.204102 0.778646 0.060547 0.052083
0 0.202148 0.735677 0.056641 0.054688
14 0.305664 0.790365 0.035156 0.072917
14 0.629395 0.808594 0.028320 0.072917
14 0.711914 0.712891 0.039063 0.079427
14 0.679688 0.490885 0.035156 0.075521
14 0.910156 0.195964 0.085938 0.063802
14 0.820801 0.237630 0.083008 0.063802
14 0.706543 0.287760 0.125977 0.101563
14 0.571289 0.360677 0.080078 0.065104
14 0.474609 0.410156 0.060547 0.054688
14 0.390625 0.439453 0.085938 0.071615
14 0.302246 0.497396 0.065430 0.057292
14 0.209473 0.335938 0.051758 0.138021
14 0.745117 0.056641 0.056641 0.061198
14 0.702637 0.078776 0.034180 0.071615
14 0.652344 0.116536 0.033203 0.087240
14 0.625488 0.126953 0.041992 0.092448
14 0.604980 0.138021 0.036133 0.091146
14 0.579102 0.158203 0.046875 0.092448
14 0.482422 0.195964 0.046875 0.108073
14 0.424316 0.223307 0.047852 0.105469
14 0.371582 0.258464 0.051758 0.121094
14 0.334961 0.258464 0.039063 0.097656
14 0.305176 0.265625 0.040039 0.085938
14 0.285156 0.289063 0.050781 0.117188