0 0.522949 0.199219 0.059570 0.091146
0 0.397949 0.243490 0.077148 0.091146
0 0.315918 0.354818 0.069336 0.084635
0 0.115723 0.679688 0.075195 0.104167
0 0.158203 0.595052 0.058594 0.078125
0 0.182617 0.546224 0.056641 0.079427
0 0.429688 0.580078 0.058594 0.084635
0 0.378906 0.656250 0.068359 0.098958
0 0.351074 0.695964 0.065430 0.087240
0 0.242188 0.863932 0.072266 0.095052
0 0.571289 0.272135 0.068359 0.096354
0 0.627441 0.348307 0.063477 0.089844
0 0.643066 0.406250 0.067383 0.091146
0 0.769043 0.619792 0.069336 0.083333
10 0.900391 0.725260 0.103516 0.085938
0 0.526367 0.722656 0.078125 0.075521