14 0.031738 0.207682 0.053711 0.058594
14 0.041992 0.237630 0.056641 0.058594
14 0.060059 0.301432 0.055664 0.058594
14 0.076660 0.331380 0.051758 0.055990
14 0.112305 0.419271 0.060547 0.065104
14 0.122559 0.451172 0.057617 0.063802
14 0.167480 0.554036 0.057617 0.061198
14 0.184082 0.615885 0.067383 0.065104
14 0.210449 0.677083 0.057617 0.057292
14 0.218750 0.710286 0.056641 0.063802
14 0.232422 0.738932 0.070313 0.063802
14 0.247070 0.770182 0.070313 0.082031
14 0.404785 0.770182 0.038086 0.108073
14 0.461426 0.777995 0.038086 0.105469
14 0.629395 0.780599 0.038086 0.113281
14 0.662598 0.781901 0.034180 0.115885
14 0.744629 0.783854 0.034180 0.122396
14 0.770996 0.787760 0.036133 0.117188
14 0.795898 0.811198 0.029297 0.072917
14 0.824219 0.793620 0.042969 0.113281
14 0.856934 0.798177 0.028320 0.106771
14 0.883301 0.800781 0.040039 0.106771
14 0.913086 0.797526 0.033203 0.113281
14 0.940918 0.791667 0.040039 0.130208
14 0.933594 0.060547 0.056641 0.113281
14 0.958008 0.045573 0.046875 0.091146
14 0.840332 0.132813 0.045898 0.109375
14 0.812012 0.141276 0.055664 0.102865
14 0.762207 0.182943 0.055664 0.118490
14 0.713867 0.050130 0.052734 0.095052
14 0.686035 0.069010 0.057617 0.106771
14 0.684082 0.223307 0.059570 0.121094
14 0.580566 0.130859 0.051758 0.102865
14 0.636230 0.266276 0.051758 0.108073
14 0.588867 0.298828 0.056641 0.118490
14 0.562012 0.320313 0.053711 0.122396
14 0.506836 0.184896 0.054688 0.119792
14 0.482910 0.195313 0.059570 0.114583
14 0.536621 0.335286 0.053711 0.118490
14 0.513184 0.346354 0.051758 0.104167
14 0.483887 0.369141 0.055664 0.108073
14 0.465332 0.395833 0.059570 0.130208
14 0.435547 0.406901 0.058594 0.115885
14 0.407715 0.416667 0.051758 0.106771
14 0.407715 0.249349 0.059570 0.110677
14 0.385742 0.274089 0.058594 0.102865
14 0.358398 0.284505 0.056641 0.115885
14 0.330566 0.463542 0.055664 0.098958
14 0.283203 0.513672 0.064453 0.123698
14 0.306152 0.320313 0.055664 0.106771
14 0.286621 0.346354 0.049805 0.098958
14 0.255371 0.355469 0.051758 0.114583
14 0.229980 0.369141 0.057617 0.113281