14 0.114258 0.103516 0.056641 0.115885
14 0.057617 0.133464 0.058594 0.118490
14 0.023926 0.155599 0.047852 0.118490
14 0.898926 0.154297 0.063477 0.118490
14 0.819336 0.215495 0.052734 0.105469
14 0.771973 0.237630 0.057617 0.126302
14 0.747559 0.256510 0.055664 0.117188
14 0.723145 0.270182 0.057617 0.113281
14 0.698730 0.292318 0.053711 0.105469
14 0.672852 0.309245 0.054688 0.115885
14 0.650879 0.325521 0.057617 0.101563
14 0.625977 0.341797 0.058594 0.105469
14 0.596680 0.352865 0.052734 0.104167
14 0.552734 0.399740 0.050781 0.093750
14 0.524414 0.419271 0.056641 0.101563
14 0.425781 0.483724 0.054688 0.100260
14 0.348145 0.535156 0.053711 0.114583
14 0.324707 0.546224 0.059570 0.118490
14 0.246094 0.605469 0.054688 0.106771
14 0.225586 0.622396 0.060547 0.104167
14 0.196777 0.636719 0.053711 0.101563
14 0.147949 0.677083 0.055664 0.106771
14 0.125000 0.699219 0.046875 0.093750
14 0.095703 0.708333 0.052734 0.111979
14 0.070313 0.723958 0.056641 0.111979
14 0.947754 0.279297 0.055664 0.121094
14 0.925293 0.306641 0.059570 0.113281
14 0.871582 0.330078 0.047852 0.089844
14 0.847168 0.355469 0.051758 0.104167
14 0.826172 0.376953 0.050781 0.115885
14 0.798340 0.385417 0.055664 0.111979
14 0.774902 0.408854 0.059570 0.119792
14 0.678711 0.481120 0.052734 0.108073
14 0.655273 0.492839 0.050781 0.105469
14 0.604004 0.535156 0.061523 0.125000
14 0.524902 0.576172 0.055664 0.118490
14 0.475586 0.611328 0.056641 0.115885
14 0.429688 0.651042 0.054688 0.109375
14 0.402344 0.671875 0.052734 0.117188
14 0.377930 0.690755 0.052734 0.118490
14 0.351563 0.701172 0.048828 0.100260
14 0.322266 0.721354 0.052734 0.109375
14 0.304199 0.748047 0.061523 0.126302
14 0.275391 0.759115 0.054688 0.117188
14 0.247559 0.767578 0.051758 0.100260
14 0.170410 0.818359 0.053711 0.100260
14 0.123047 0.865885 0.066406 0.114583