14 0.310059 0.047526 0.055664 0.095052
14 0.266602 0.064453 0.044922 0.087240
14 0.223145 0.102865 0.041992 0.091146
14 0.149902 0.151693 0.043945 0.089844
14 0.109863 0.040365 0.049805 0.080729
14 0.061523 0.068359 0.044922 0.079427
14 0.113281 0.188802 0.052734 0.104167
14 0.040039 0.357422 0.058594 0.063802
14 0.051758 0.384115 0.060547 0.067708
14 0.083496 0.477214 0.063477 0.058594
14 0.109863 0.527995 0.065430 0.069010
14 0.112793 0.563151 0.055664 0.055990
14 0.138184 0.626302 0.063477 0.062500
14 0.149414 0.653646 0.056641 0.054688
14 0.163574 0.682292 0.067383 0.067708
14 0.173828 0.711589 0.056641 0.061198
14 0.185547 0.740234 0.050781 0.053385
14 0.194336 0.772135 0.058594 0.059896
14 0.264648 0.936849 0.056641 0.063802
14 0.275391 0.963542 0.056641 0.067708
14 0.974121 0.190104 0.051758 0.119792
14 0.950684 0.207682 0.053711 0.113281
14 0.897949 0.246094 0.059570 0.122396
14 0.865234 0.264323 0.054688 0.111979
14 0.813965 0.303385 0.055664 0.111979
14 0.784180 0.317708 0.056641 0.130208
14 0.758301 0.338542 0.053711 0.117188
14 0.655273 0.415365 0.058594 0.130208
14 0.625000 0.440104 0.054688 0.109375
14 0.515625 0.508464 0.060547 0.121094
14 0.483398 0.534505 0.058594 0.118490
14 0.434082 0.570964 0.057617 0.115885
14 0.379395 0.602865 0.055664 0.119792
14 0.355957 0.631510 0.051758 0.104167
14 0.325195 0.641276 0.060547 0.118490
14 0.977051 0.367188 0.045898 0.125000
14 0.956543 0.381510 0.053711 0.114583
14 0.841797 0.456380 0.056641 0.126302
14 0.765625 0.519531 0.056641 0.132813
14 0.733398 0.539714 0.060547 0.123698
14 0.684082 0.580729 0.059570 0.119792
14 0.574707 0.651693 0.055664 0.113281
14 0.520508 0.684896 0.052734 0.119792
14 0.487305 0.710286 0.054688 0.121094
14 0.464844 0.733073 0.060547 0.127604
14 0.434082 0.745443 0.043945 0.118490
14 0.405762 0.760417 0.055664 0.109375
14 0.385254 0.783203 0.051758 0.118490
14 0.357910 0.805339 0.059570 0.128906