0 0.320801 0.124349 0.049805 0.074219
0 0.282715 0.141927 0.047852 0.078125
0 0.244141 0.175130 0.058594 0.074219
10 0.129883 0.262370 0.046875 0.089844
0 0.099609 0.278646 0.042969 0.080729
0 0.074219 0.302083 0.046875 0.078125
14 0.739746 0.094401 0.083008 0.178385
14 0.697266 0.114583 0.072266 0.161458
14 0.657227 0.140625 0.076172 0.156250
14 0.623047 0.167969 0.082031 0.166667
14 0.583496 0.184896 0.071289 0.156250
14 0.550781 0.209635 0.072266 0.164063
14 0.506836 0.242188 0.072266 0.177083
14 0.428711 0.276042 0.062500 0.132813
14 0.400391 0.304036 0.066406 0.157552
14 0.355957 0.330729 0.069336 0.145833
14 0.191895 0.398438 0.071289 0.072917
14 0.197754 0.428385 0.065430 0.059896
14 0.228027 0.494792 0.067383 0.067708
14 0.242676 0.527995 0.065430 0.071615
14 0.266602 0.593750 0.078125 0.067708
14 0.277344 0.625651 0.064453 0.066406
14 0.307617 0.692057 0.064453 0.069010
14 0.345215 0.791667 0.077148 0.075521
14 0.370605 0.860677 0.071289 0.070313
14 0.385254 0.893229 0.065430 0.065104
14 0.493652 0.781250 0.047852 0.098958
14 0.548340 0.745443 0.057617 0.100260
14 0.577148 0.729167 0.042969 0.088542
14 0.966797 0.464844 0.046875 0.088542
14 0.887207 0.518880 0.053711 0.082031
14 0.781250 0.576172 0.056641 0.110677
14 0.760254 0.613281 0.041992 0.085938
14 0.736816 0.625651 0.049805 0.092448
14 0.706543 0.638672 0.049805 0.089844
14 0.683105 0.652995 0.047852 0.102865
14 0.659180 0.678385 0.048828 0.096354
14 0.630371 0.696615 0.053711 0.096354
14 0.970703 0.633464 0.054688 0.118490
14 0.937500 0.645833 0.050781 0.104167
14 0.909180 0.650391 0.050781 0.084635
14 0.838867 0.706380 0.039063 0.084635
14 0.782715 0.753906 0.063477 0.117188
14 0.729980 0.777344 0.049805 0.096354
14 0.678711 0.819010 0.048828 0.104167
14 0.597168 0.873698 0.043945 0.098958
14 0.555664 0.919271 0.056641 0.119792