14 0.739746 0.064453 0.100586 0.089844
14 0.756836 0.118490 0.099609 0.085938
14 0.788086 0.198568 0.091797 0.076823
14 0.806152 0.246745 0.094727 0.089844
14 0.823730 0.279948 0.090820 0.085938
14 0.837402 0.320313 0.088867 0.093750
14 0.848633 0.367188 0.107422 0.093750
14 0.862793 0.425781 0.114258 0.104167
14 0.886719 0.466146 0.111328 0.101563
14 0.904297 0.513672 0.125000 0.115885
14 0.918457 0.572917 0.129883 0.111979
14 0.934570 0.638021 0.130859 0.135417
14 0.395508 0.180339 0.166016 0.084635
14 0.220215 0.164063 0.155273 0.091146
14 0.389648 0.302734 0.123047 0.071615
14 0.220215 0.250651 0.147461 0.071615
14 0.239258 0.313151 0.111328 0.066406
14 0.231934 0.369792 0.120117 0.065104
14 0.383789 0.352865 0.126953 0.065104
14 0.390137 0.408203 0.139648 0.063802
14 0.379395 0.514323 0.135742 0.070313
14 0.229004 0.531250 0.116211 0.059896
14 0.386719 0.576823 0.144531 0.062500
14 0.225098 0.583984 0.124023 0.063802
14 0.371582 0.626302 0.118164 0.065104
14 0.227539 0.631510 0.119141 0.057292
14 0.379395 0.738281 0.135742 0.075521
14 0.221191 0.691406 0.131836 0.070313
14 0.217773 0.746094 0.123047 0.067708
14 0.363770 0.847005 0.116211 0.071615
14 0.214844 0.847005 0.128906 0.063802
14 0.208008 0.902344 0.128906 0.067708
14 0.216309 0.961589 0.124023 0.069010