14 0.319336 0.048177 0.132813 0.070313
14 0.320313 0.101563 0.123047 0.072917
14 0.471680 0.090495 0.134766 0.074219
14 0.459961 0.205078 0.111328 0.069010
14 0.314453 0.205729 0.121094 0.067708
14 0.303711 0.256510 0.134766 0.067708
14 0.313965 0.313151 0.124023 0.058594
14 0.296387 0.369792 0.157227 0.078125
14 0.295898 0.478516 0.146484 0.082031
14 0.472168 0.499349 0.108398 0.095052
14 0.515137 0.613932 0.104492 0.063802
14 0.191895 0.679688 0.073242 0.135417
14 0.157227 0.699219 0.062500 0.127604
14 0.099609 0.740234 0.064453 0.144531
14 0.062012 0.769531 0.061523 0.127604
14 0.611816 0.561849 0.047852 0.180990
14 0.699219 0.572917 0.052734 0.161458
14 0.777344 0.576823 0.048828 0.169271
14 0.817383 0.574219 0.044922 0.179688
14 0.862793 0.582031 0.049805 0.161458
14 0.164063 0.895833 0.068359 0.130208
14 0.194824 0.871094 0.065430 0.135417
14 0.226563 0.850260 0.066406 0.132813
14 0.254883 0.831380 0.064453 0.134115
14 0.291992 0.822917 0.076172 0.156250
14 0.320313 0.772135 0.048828 0.117188
14 0.379395 0.753906 0.051758 0.169271
14 0.427734 0.763021 0.052734 0.187500
14 0.546387 0.773438 0.053711 0.182292
14 0.667969 0.770182 0.044922 0.160156
14 0.746582 0.786458 0.047852 0.184896
14 0.831055 0.791016 0.050781 0.178385
14 0.876953 0.784505 0.048828 0.175781
14 0.918945 0.784505 0.048828 0.165365