14 0.342285 0.054688 0.053711 0.104167
14 0.304199 0.097656 0.045898 0.080729
14 0.221680 0.145833 0.056641 0.083333
14 0.113770 0.214193 0.051758 0.110677
14 0.091797 0.240885 0.041016 0.091146
14 0.069824 0.255859 0.047852 0.097656
14 0.037598 0.268229 0.047852 0.088542
14 0.609375 0.041667 0.050781 0.083333
14 0.582520 0.050781 0.051758 0.101563
14 0.558594 0.072266 0.058594 0.102865
14 0.526367 0.085286 0.044922 0.087240
14 0.504395 0.121094 0.061523 0.119792
14 0.479492 0.126953 0.058594 0.108073
14 0.429199 0.164714 0.051758 0.100260
14 0.353516 0.217448 0.050781 0.091146
14 0.301270 0.260417 0.059570 0.119792
14 0.268555 0.276693 0.058594 0.102865
14 0.242676 0.281901 0.049805 0.087240
14 0.171875 0.336589 0.042969 0.079427
14 0.115234 0.384115 0.060547 0.122396
14 0.061523 0.406901 0.046875 0.087240
14 0.869141 0.546875 0.070313 0.143229
14 0.839355 0.568359 0.059570 0.123698
14 0.779297 0.612630 0.064453 0.141927
14 0.744141 0.636068 0.058594 0.131510
14 0.685547 0.677734 0.062500 0.128906
14 0.648438 0.692708 0.066406 0.148438
14 0.620117 0.721354 0.064453 0.138021
14 0.501953 0.805339 0.068359 0.139323
14 0.468262 0.832031 0.059570 0.114583
14 0.344727 0.908203 0.066406 0.131510
14 0.309082 0.938151 0.067383 0.123698
14 0.969727 0.694661 0.060547 0.149740
14 0.935547 0.705078 0.058594 0.128906
14 0.909180 0.727214 0.058594 0.134115
14 0.878418 0.746745 0.061523 0.144531
14 0.841309 0.766276 0.059570 0.128906
14 0.715332 0.852214 0.059570 0.134115
14 0.628906 0.924479 0.064453 0.143229
14 0.596191 0.936198 0.063477 0.127604