14 0.729492 0.082031 0.083984 0.164063
14 0.646973 0.199219 0.067383 0.127604
14 0.605957 0.195313 0.065430 0.143229
14 0.580566 0.223307 0.067383 0.123698
14 0.363770 0.373047 0.067383 0.134115
14 0.297363 0.414063 0.051758 0.127604
14 0.265625 0.434896 0.060547 0.132813
0 0.936035 0.282552 0.047852 0.085938
0 0.911133 0.309245 0.048828 0.082031
0 0.856934 0.324870 0.043945 0.079427
14 0.775879 0.376953 0.094727 0.097656
14 0.653320 0.463542 0.080078 0.085938
0 0.571289 0.497396 0.062500 0.065104
1 0.519531 0.576823 0.087891 0.096354
0 0.452637 0.615234 0.049805 0.074219
0 0.422363 0.651693 0.051758 0.084635
2 0.394531 0.669922 0.054688 0.089844
0 0.369141 0.708333 0.046875 0.072917
2 0.267090 0.774089 0.067383 0.048177
0 0.265625 0.813802 0.064453 0.044271
0 0.269043 0.854818 0.067383 0.053385
10 0.937988 0.638021 0.045898 0.088542
0 0.912109 0.651693 0.042969 0.084635
0 0.885742 0.673828 0.041016 0.076823
0 0.697754 0.746745 0.051758 0.063802
0 0.676758 0.772135 0.056641 0.065104
0 0.614258 0.819010 0.050781 0.059896
2 0.571289 0.826823 0.066406 0.075521
0 0.545898 0.857422 0.054688 0.063802
0 0.507813 0.875000 0.056641 0.052083