14 0.328613 0.039714 0.084961 0.079427
14 0.309082 0.074219 0.092773 0.098958
14 0.269531 0.148438 0.091797 0.096354
14 0.253906 0.195313 0.087891 0.098958
14 0.229980 0.223307 0.079102 0.087240
14 0.210449 0.263672 0.092773 0.089844
14 0.885254 0.302734 0.067383 0.131510
14 0.845703 0.315104 0.060547 0.135417
14 0.814941 0.337891 0.065430 0.139323
14 0.780273 0.360677 0.068359 0.135417
14 0.714355 0.408854 0.071289 0.140625
14 0.943359 0.447266 0.058594 0.128906
14 0.917480 0.483073 0.073242 0.151042
14 0.884277 0.501302 0.065430 0.140625
14 0.850098 0.524740 0.063477 0.132813
14 0.748535 0.592448 0.063477 0.143229
14 0.711426 0.612630 0.055664 0.131510
14 0.683105 0.642578 0.069336 0.144531
14 0.582031 0.494792 0.062500 0.132813
14 0.550293 0.527995 0.061523 0.131510
14 0.617676 0.685547 0.065430 0.144531
14 0.580566 0.710286 0.069336 0.141927
14 0.515137 0.550781 0.071289 0.135417
14 0.512207 0.758464 0.061523 0.128906
14 0.448730 0.591146 0.073242 0.140625
14 0.414551 0.615234 0.065430 0.126302
14 0.445313 0.797526 0.064453 0.134115
14 0.415039 0.832031 0.060547 0.148438
14 0.382813 0.854167 0.074219 0.148438
14 0.348633 0.871745 0.076172 0.136719
14 0.288574 0.904297 0.051758 0.126302
14 0.363281 0.673828 0.050781 0.100260
14 0.322266 0.683594 0.058594 0.122396
14 0.239258 0.687500 0.072266 0.119792
14 0.189941 0.871745 0.071289 0.141927
14 0.163574 0.839193 0.073242 0.131510
14 0.130371 0.819010 0.065430 0.132813
14 0.097168 0.791667 0.073242 0.145833
14 0.066895 0.757161 0.075195 0.144531
14 0.034180 0.731120 0.068359 0.139323
14 0.041504 0.539063 0.059570 0.109375
14 0.137207 0.601563 0.077148 0.140625
14 0.197266 0.666016 0.066406 0.113281