0 0.472656 0.079427 0.099609 0.109375
0 0.417969 0.164714 0.085938 0.100260
0 0.401367 0.234375 0.107422 0.111979
0 0.357422 0.279948 0.085938 0.106771
0 0.327637 0.341797 0.090820 0.105469
0 0.300781 0.397786 0.087891 0.100260
0 0.273926 0.454427 0.086914 0.104167
0 0.166992 0.679688 0.095703 0.109375
0 0.118164 0.772135 0.082031 0.091146
0 0.070801 0.888672 0.096680 0.102865
0 0.034180 0.926432 0.068359 0.092448
0 0.619141 0.381510 0.080078 0.093750
0 0.594727 0.457682 0.091797 0.100260
0 0.546387 0.511719 0.092773 0.111979
0 0.521484 0.584635 0.085938 0.088542
0 0.490234 0.632161 0.095703 0.108073
0 0.376953 0.855469 0.083984 0.096354
0 0.336914 0.935547 0.082031 0.102865