0 0.925293 0.243490 0.100586 0.072917
0 0.826172 0.271484 0.099609 0.074219
0 0.718262 0.300130 0.084961 0.076823
0 0.623535 0.333984 0.088867 0.074219
0 0.492676 0.376302 0.100586 0.093750
0 0.380371 0.414714 0.098633 0.082031
0 0.265137 0.438151 0.088867 0.074219
0 0.148926 0.471354 0.092773 0.080729
0 0.044434 0.509115 0.084961 0.075521
0 0.958496 0.529297 0.063477 0.144531
0 0.908691 0.543620 0.057617 0.139323
0 0.862305 0.571615 0.054688 0.119792
0 0.818848 0.583984 0.049805 0.115885
0 0.767090 0.591797 0.057617 0.128906
0 0.716309 0.601563 0.055664 0.111979
0 0.677246 0.615885 0.057617 0.130208
0 0.623535 0.626953 0.061523 0.134115
0 0.576660 0.651042 0.051758 0.127604
0 0.529785 0.658203 0.059570 0.134115
0 0.486816 0.677083 0.053711 0.122396
0 0.090820 0.788411 0.056641 0.136719