0 0.920898 0.220052 0.091797 0.078125
0 0.828125 0.244141 0.103516 0.076823
0 0.743164 0.264974 0.082031 0.071615
4 0.386230 0.544271 0.250977 0.138021
0 0.636719 0.302083 0.095703 0.070313
0 0.543945 0.322917 0.095703 0.078125
0 0.449219 0.354818 0.085938 0.074219
0 0.349609 0.381510 0.091797 0.078125
0 0.264648 0.402995 0.083984 0.071615
0 0.167969 0.434896 0.093750 0.078125
0 0.061523 0.471354 0.101563 0.083333
0 0.958984 0.506510 0.058594 0.132813
0 0.914063 0.524089 0.064453 0.147135
0 0.861816 0.534505 0.063477 0.141927
0 0.816406 0.555339 0.062500 0.121094
0 0.766113 0.556641 0.061523 0.141927
0 0.720215 0.585286 0.055664 0.113281
0 0.672852 0.586589 0.058594 0.126302
0 0.628906 0.601563 0.054688 0.125000
0 0.581543 0.611979 0.057617 0.127604
0 0.535156 0.623698 0.058594 0.140625
0 0.487305 0.637370 0.054688 0.139323
0 0.442383 0.652995 0.050781 0.147135
0 0.399902 0.672526 0.059570 0.128906
0 0.352051 0.682292 0.049805 0.125000
0 0.303223 0.704427 0.053711 0.130208
0 0.255371 0.716146 0.057617 0.130208
0 0.209473 0.736328 0.061523 0.136719
0 0.160156 0.740234 0.056641 0.141927
0 0.113281 0.756510 0.058594 0.132813
0 0.065918 0.774089 0.055664 0.121094