0 0.061523 0.152995 0.037109 0.097656
0 0.064453 0.595703 0.035156 0.097656
0 0.066406 0.677083 0.029297 0.078125
2 0.069824 0.778646 0.036133 0.104167
0 0.156738 0.556641 0.040039 0.110677
0 0.164063 0.764323 0.035156 0.098958
0 0.450195 0.066406 0.070313 0.049479
2 0.465820 0.380859 0.087891 0.055990
2 0.464844 0.506510 0.082031 0.054688
0 0.631348 0.329427 0.038086 0.098958
0 0.728027 0.330729 0.043945 0.096354
0 0.756348 0.326823 0.034180 0.096354
0 0.792969 0.327474 0.035156 0.097656
0 0.852539 0.324870 0.037109 0.102865
0 0.884766 0.329427 0.039063 0.106771