0 0.728516 0.176432 0.082031 0.063802
0 0.622559 0.172526 0.088867 0.063802
1 0.724609 0.253255 0.111328 0.079427
0 0.582031 0.251302 0.085938 0.057292
0 0.642090 0.318359 0.088867 0.063802
0 0.745117 0.402995 0.089844 0.063802
0 0.640137 0.402344 0.083008 0.065104
2 0.197266 0.682292 0.048828 0.119792
0 0.241211 0.690755 0.044922 0.113281
0 0.409668 0.718099 0.051758 0.121094
0 0.450684 0.723958 0.041992 0.111979
2 0.493652 0.731120 0.043945 0.110677
0 0.531738 0.731771 0.043945 0.122396
0 0.576660 0.740885 0.043945 0.109375
0 0.656250 0.756510 0.048828 0.122396
0 0.747070 0.772786 0.050781 0.115885