0 0.270020 0.091797 0.073242 0.071615
0 0.131836 0.103516 0.070313 0.063802
0 0.054199 0.220052 0.065430 0.059896
0 0.244629 0.210938 0.071289 0.078125
0 0.219727 0.296875 0.082031 0.072917
0 0.213379 0.373047 0.069336 0.071615
0 0.450195 0.268229 0.070313 0.075521
0 0.508789 0.381510 0.070313 0.072917
0 0.222168 0.682292 0.065430 0.067708
0 0.290527 0.636719 0.073242 0.072917
2 0.524414 0.569010 0.060547 0.067708
0 0.584473 0.550130 0.059570 0.063802
0 0.755371 0.417969 0.059570 0.067708
0 0.741699 0.493490 0.063477 0.075521
0 0.828613 0.642578 0.063477 0.079427
0 0.971680 0.735677 0.056641 0.078125
0 0.826660 0.774740 0.065430 0.080729
0 0.834473 0.873698 0.059570 0.078125
0 0.955078 0.926432 0.052734 0.071615