0 0.751465 0.082682 0.043945 0.092448
3 0.826660 0.346354 0.227539 0.153646
0 0.911133 0.834635 0.068359 0.067708
0 0.832520 0.951172 0.073242 0.069010
0 0.709961 0.805339 0.072266 0.061198
2 0.685547 0.741536 0.076172 0.066406
0 0.553711 0.697266 0.072266 0.055990
0 0.498535 0.749349 0.061523 0.050781
0 0.177734 0.902995 0.070313 0.053385
1 0.128418 0.690104 0.137695 0.072917
0 0.150879 0.630859 0.067383 0.053385
0 0.032715 0.589844 0.065430 0.052083
0 0.372559 0.310547 0.057617 0.076823
0 0.375000 0.367188 0.060547 0.078125
0 0.595703 0.324219 0.064453 0.078125
0 0.524414 0.373047 0.062500 0.066406
0 0.436035 0.466797 0.051758 0.076823
2 0.446289 0.608073 0.080078 0.067708