0 0.806152 0.115234 0.065430 0.069010
0 0.972656 0.097005 0.054688 0.063802
0 0.935059 0.174479 0.073242 0.075521
0 0.913086 0.234375 0.068359 0.075521
0 0.909668 0.822266 0.067383 0.063802
0 0.802246 0.871745 0.065430 0.063802
0 0.464355 0.543620 0.038086 0.108073
0 0.229980 0.878906 0.036133 0.096354
0 0.156250 0.718099 0.058594 0.089844
2 0.158691 0.654948 0.061523 0.093750
0 0.153809 0.585938 0.055664 0.078125
0 0.158203 0.522135 0.060547 0.080729
0 0.149902 0.397786 0.059570 0.082031
2 0.149414 0.346354 0.060547 0.085938
0 0.153320 0.269531 0.062500 0.083333
0 0.150391 0.218099 0.056641 0.079427
0 0.472656 0.072917 0.060547 0.078125
0 0.476563 0.130208 0.050781 0.065104
0 0.477539 0.185547 0.054688 0.079427
0 0.482910 0.248047 0.063477 0.084635