0 0.882324 0.673177 0.077148 0.067708
0 0.780273 0.743490 0.064453 0.062500
1 0.485840 0.071615 0.067383 0.132813
0 0.422363 0.070964 0.051758 0.092448
0 0.481445 0.253255 0.044922 0.076823
2 0.080078 0.120443 0.056641 0.100260
0 0.110352 0.325521 0.052734 0.098958
0 0.214844 0.433594 0.056641 0.088542
2 0.187012 0.500651 0.061523 0.110677
0 0.304688 0.698568 0.052734 0.097656
0 0.277832 0.754557 0.047852 0.097656
4 0.248047 0.823568 0.101563 0.264323
0 0.332031 0.806641 0.046875 0.095052
0 0.357910 0.917318 0.045898 0.100260