0 0.696289 0.095052 0.095703 0.111979
0 0.731934 0.148438 0.092773 0.111979
0 0.772461 0.240885 0.095703 0.117188
0 0.807617 0.292318 0.091797 0.108073
2 0.307617 0.395182 0.095703 0.141927
0 0.271484 0.434896 0.078125 0.117188
0 0.198242 0.496094 0.078125 0.111979
0 0.159180 0.528646 0.078125 0.125000
0 0.326660 0.529297 0.077148 0.123698
2 0.294922 0.571615 0.089844 0.138021
0 0.255859 0.605469 0.082031 0.119792
0 0.214844 0.629557 0.068359 0.100260
2 0.449707 0.783854 0.084961 0.143229
0 0.384277 0.854818 0.081055 0.136719
0 0.341797 0.879557 0.082031 0.134115