0 0.104492 0.166016 0.058594 0.102865
10 0.945313 0.118490 0.080078 0.085938
0 0.915527 0.184245 0.073242 0.082031
0 0.837402 0.081380 0.041992 0.092448
0 0.810059 0.145833 0.041992 0.091146
0 0.782227 0.201172 0.039063 0.097656
0 0.877441 0.258464 0.061523 0.066406
0 0.759277 0.258464 0.038086 0.097656
0 0.729980 0.309896 0.038086 0.088542
0 0.708984 0.376953 0.042969 0.102865
0 0.676758 0.437500 0.037109 0.096354
0 0.652832 0.501302 0.043945 0.093750
0 0.772461 0.492839 0.070313 0.084635
0 0.741699 0.561198 0.073242 0.070313
2 0.600098 0.618490 0.041992 0.093750
0 0.711914 0.629557 0.074219 0.074219
0 0.219238 0.775391 0.055664 0.097656
2 0.215820 0.899740 0.054688 0.091146
0 0.625000 0.744141 0.062500 0.082031
0 0.517090 0.809896 0.040039 0.098958
2 0.654297 0.777344 0.068359 0.083333
2 0.595215 0.869141 0.063477 0.074219
0 0.591309 0.926432 0.065430 0.074219