0 0.728516 0.186198 0.052734 0.093750
0 0.755859 0.201172 0.056641 0.089844
0 0.777832 0.221354 0.051758 0.093750
0 0.805664 0.233073 0.048828 0.072917
0 0.832031 0.259115 0.054688 0.091146
10 0.858887 0.280599 0.059570 0.095052
0 0.873535 0.426432 0.067383 0.055990
0 0.032227 0.366536 0.060547 0.069010
0 0.510254 0.210286 0.063477 0.055990
0 0.442871 0.274089 0.057617 0.095052
2 0.468262 0.298828 0.057617 0.095052
0 0.549805 0.265625 0.058594 0.091146
0 0.573730 0.286458 0.049805 0.085938
0 0.603027 0.305990 0.055664 0.091146
0 0.627930 0.324219 0.048828 0.078125
0 0.651855 0.345052 0.057617 0.091146
0 0.674805 0.369141 0.050781 0.082031
0 0.697266 0.391927 0.050781 0.091146
0 0.720215 0.419271 0.051758 0.093750
0 0.751465 0.428385 0.055664 0.096354
0 0.776367 0.455729 0.054688 0.098958
0 0.515625 0.337891 0.054688 0.087240
0 0.541504 0.355469 0.053711 0.093750
0 0.567871 0.371094 0.047852 0.078125
0 0.591797 0.397135 0.052734 0.093750
0 0.616699 0.415365 0.041992 0.075521
0 0.638672 0.434896 0.060547 0.098958
0 0.664551 0.464844 0.053711 0.083333
0 0.690918 0.477865 0.051758 0.083333
0 0.712402 0.503255 0.047852 0.092448
0 0.738281 0.533203 0.060547 0.100260
0 0.281738 0.371745 0.057617 0.095052
0 0.309082 0.398438 0.059570 0.104167
0 0.341309 0.415365 0.061523 0.101563
2 0.364258 0.443359 0.060547 0.097656
0 0.381836 0.462891 0.050781 0.087240
0 0.411133 0.481771 0.052734 0.091146
0 0.437988 0.502604 0.053711 0.091146
0 0.461914 0.520833 0.058594 0.098958
0 0.489746 0.546875 0.059570 0.091146
0 0.510742 0.570313 0.050781 0.078125
0 0.535645 0.587891 0.051758 0.084635
0 0.564941 0.612630 0.057617 0.095052
0 0.588379 0.628906 0.057617 0.091146
2 0.613770 0.651042 0.063477 0.098958
0 0.663086 0.692057 0.064453 0.102865
0 0.278809 0.548828 0.071289 0.079427
0 0.336914 0.591797 0.070313 0.079427
0 0.397949 0.638672 0.059570 0.076823
0 0.475586 0.712891 0.070313 0.076823
0 0.538574 0.763021 0.067383 0.080729