0 0.633789 0.037109 0.064453 0.074219
0 0.602539 0.088542 0.056641 0.078125
0 0.563965 0.141276 0.059570 0.082031
0 0.525391 0.199219 0.066406 0.085938
0 0.411621 0.375651 0.051758 0.069010
0 0.358887 0.458333 0.059570 0.078125
0 0.321289 0.513672 0.054688 0.076823
0 0.295898 0.536458 0.054688 0.070313
0 0.164063 0.589844 0.056641 0.080729
0 0.262207 0.591797 0.059570 0.084635
0 0.246094 0.634115 0.058594 0.078125
0 0.202148 0.677083 0.060547 0.078125
0 0.139160 0.776042 0.061523 0.080729
0 0.719238 0.177734 0.061523 0.076823
0 0.688477 0.234375 0.056641 0.075521
0 0.663086 0.263672 0.058594 0.076823
0 0.644043 0.292318 0.061523 0.074219
0 0.587891 0.375651 0.056641 0.076823
0 0.569336 0.404948 0.064453 0.080729
0 0.552246 0.431641 0.063477 0.076823
0 0.527832 0.455078 0.055664 0.076823
0 0.509766 0.483073 0.060547 0.072917
0 0.454590 0.574870 0.067383 0.084635
0 0.411621 0.620443 0.057617 0.074219
0 0.783691 0.201172 0.061523 0.074219
0 0.760742 0.224609 0.056641 0.076823
0 0.744141 0.253906 0.054688 0.088542
0 0.683594 0.341146 0.062500 0.072917
0 0.669922 0.367839 0.060547 0.079427
0 0.646973 0.388672 0.061523 0.082031
0 0.595215 0.483724 0.063477 0.087240
2 0.538086 0.570964 0.066406 0.087240
0 0.516113 0.597005 0.061523 0.084635
0 0.494629 0.622396 0.053711 0.075521
0 0.472168 0.639974 0.057617 0.084635
0 0.451172 0.673177 0.056641 0.078125
0 0.436523 0.703125 0.062500 0.085938
0 0.372559 0.684896 0.057617 0.072917
0 0.355957 0.712240 0.059570 0.075521
0 0.322266 0.770833 0.056641 0.075521
0 0.381836 0.794922 0.056641 0.076823
2 0.342285 0.853516 0.057617 0.082031
0 0.875000 0.315755 0.064453 0.076823
0 0.858887 0.340495 0.063477 0.082031
0 0.828613 0.402344 0.059570 0.075521
0 0.779785 0.451823 0.061523 0.083333
0 0.742676 0.511068 0.051758 0.076823
0 0.701660 0.561849 0.065430 0.079427
0 0.623047 0.678385 0.058594 0.075521
0 0.605469 0.709635 0.068359 0.085938
0 0.522949 0.813802 0.057617 0.075521
0 0.490234 0.873047 0.060547 0.076823
0 0.471191 0.902344 0.057617 0.078125
0 0.434082 0.963542 0.061523 0.072917