0 0.476563 0.078776 0.062500 0.079427
0 0.453613 0.102214 0.057617 0.071615
0 0.436523 0.126953 0.062500 0.076823
0 0.417969 0.160807 0.058594 0.076823
0 0.396973 0.182943 0.061523 0.079427
0 0.375977 0.205078 0.054688 0.069010
0 0.363281 0.244141 0.064453 0.074219
2 0.550781 0.046875 0.054688 0.083333
10 0.598633 0.093750 0.058594 0.091146
2 0.619141 0.120443 0.048828 0.082031
0 0.684082 0.195313 0.051758 0.078125
0 0.705078 0.223307 0.048828 0.071615
0 0.521484 0.247396 0.048828 0.085938
0 0.591797 0.313802 0.050781 0.080729
0 0.609375 0.343099 0.054688 0.082031
0 0.632324 0.371094 0.055664 0.085938
0 0.775391 0.453776 0.058594 0.079427
0 0.442871 0.415365 0.049805 0.070313
0 0.480957 0.463542 0.057617 0.085938
0 0.523926 0.518229 0.051758 0.078125
2 0.472168 0.597656 0.071289 0.091146
0 0.434570 0.657552 0.054688 0.072917
0 0.421875 0.688151 0.054688 0.069010
0 0.378906 0.747396 0.052734 0.067708
0 0.355957 0.772786 0.053711 0.069010
0 0.321777 0.843099 0.061523 0.069010
0 0.298340 0.880208 0.063477 0.078125
0 0.668457 0.562500 0.063477 0.078125
0 0.647461 0.602865 0.060547 0.075521
0 0.576660 0.715495 0.061523 0.074219
0 0.521484 0.809896 0.064453 0.075521
2 0.659180 0.908203 0.056641 0.082031
0 0.488281 0.871094 0.052734 0.072917
0 0.471680 0.897135 0.052734 0.078125
0 0.450684 0.923828 0.061523 0.076823