0 0.873535 0.055339 0.069336 0.105469
0 0.791504 0.075521 0.077148 0.119792
0 0.710938 0.110677 0.070313 0.106771
0 0.629883 0.138021 0.076172 0.117188
0 0.497559 0.165365 0.071289 0.109375
0 0.336426 0.199870 0.065430 0.118490
0 0.209473 0.210286 0.069336 0.123698
0 0.160645 0.335938 0.086914 0.083333
0 0.171875 0.393880 0.089844 0.079427
0 0.186523 0.561198 0.082031 0.078125
0 0.964355 0.240885 0.041992 0.132813
0 0.925293 0.255859 0.040039 0.121094
0 0.883301 0.275391 0.040039 0.126302
0 0.802734 0.322266 0.046875 0.118490
0 0.720703 0.356120 0.050781 0.128906
0 0.639160 0.371745 0.045898 0.121094
0 0.557129 0.399740 0.053711 0.132813
0 0.475098 0.402344 0.049805 0.122396
0 0.953125 0.382813 0.050781 0.132813
2 0.866211 0.691406 0.095703 0.067708
0 0.632324 0.721354 0.086914 0.067708
0 0.389648 0.745443 0.085938 0.063802
0 0.156250 0.746745 0.089844 0.058594
0 0.204590 0.818359 0.083008 0.063802
0 0.486328 0.809896 0.082031 0.065104
0 0.951660 0.840495 0.047852 0.115885
0 0.909668 0.854818 0.047852 0.118490
0 0.863281 0.867839 0.054688 0.118490
0 0.787598 0.884766 0.051758 0.128906
0 0.664063 0.901693 0.048828 0.121094
0 0.542480 0.923177 0.051758 0.125000