0 0.963867 0.166016 0.037109 0.121094
0 0.925293 0.163411 0.036133 0.126302
2 0.880371 0.171224 0.055664 0.160156
0 0.789063 0.270833 0.089844 0.057292
0 0.791504 0.320313 0.088867 0.059896
0 0.790527 0.380859 0.081055 0.053385
0 0.787598 0.430339 0.083008 0.048177
2 0.783691 0.477214 0.131836 0.071615
0 0.787109 0.530599 0.080078 0.055990
0 0.791992 0.589193 0.095703 0.055990
0 0.951172 0.410156 0.037109 0.119792
0 0.973145 0.678385 0.047852 0.127604
0 0.930664 0.671875 0.044922 0.127604
0 0.892090 0.660156 0.045898 0.125000
0 0.340820 0.325521 0.048828 0.119792
0 0.263184 0.338542 0.051758 0.119792
0 0.185547 0.359375 0.044922 0.119792
0 0.436523 0.592448 0.082031 0.067708
0 0.439941 0.641927 0.088867 0.072917
0 0.451172 0.698568 0.087891 0.074219
0 0.265625 0.608724 0.046875 0.121094
0 0.187500 0.626953 0.048828 0.121094
0 0.110840 0.647786 0.051758 0.128906
0 0.038574 0.671875 0.053711 0.122396
0 0.050781 0.772786 0.046875 0.113281
0 0.090332 0.762370 0.047852 0.118490
0 0.280273 0.715495 0.048828 0.123698
0 0.243164 0.730469 0.050781 0.122396
0 0.204590 0.729818 0.043945 0.118490
0 0.165527 0.742188 0.051758 0.125000
0 0.127441 0.756510 0.051758 0.119792