0 0.806641 0.069010 0.054688 0.111979
0 0.729004 0.090495 0.053711 0.115885
0 0.653809 0.110026 0.053711 0.128906
0 0.575195 0.124349 0.046875 0.108073
0 0.382324 0.184245 0.051758 0.118490
0 0.230469 0.238932 0.052734 0.128906
0 0.149414 0.253255 0.050781 0.115885
0 0.110840 0.261719 0.051758 0.125000
0 0.069824 0.272786 0.047852 0.113281
0 0.030273 0.279297 0.050781 0.115885
0 0.926758 0.288411 0.050781 0.126302
0 0.884766 0.301432 0.052734 0.123698
0 0.804199 0.319661 0.051758 0.121094
0 0.728516 0.356771 0.048828 0.109375
0 0.614258 0.372396 0.050781 0.111979
0 0.532715 0.396484 0.051758 0.126302
0 0.455078 0.422526 0.048828 0.123698
0 0.341797 0.459635 0.042969 0.106771
0 0.939453 0.410807 0.050781 0.121094
0 0.861816 0.430339 0.051758 0.118490
0 0.785156 0.457682 0.052734 0.121094
0 0.668945 0.490234 0.052734 0.126302
0 0.590332 0.505859 0.047852 0.113281
0 0.517578 0.539714 0.052734 0.121094
0 0.439941 0.553385 0.049805 0.111979
0 0.358887 0.571615 0.045898 0.117188
0 0.320313 0.578776 0.050781 0.121094
0 0.243164 0.599609 0.052734 0.121094
0 0.168945 0.621745 0.050781 0.121094
0 0.096191 0.642578 0.047852 0.121094
0 0.591309 0.757813 0.051758 0.122396
0 0.515625 0.787109 0.046875 0.108073
0 0.439453 0.808594 0.050781 0.125000
0 0.364258 0.823568 0.054688 0.121094
0 0.324219 0.832682 0.050781 0.128906
0 0.286621 0.847656 0.049805 0.125000
0 0.248047 0.856120 0.046875 0.121094
0 0.206543 0.864583 0.047852 0.125000