0 0.395020 0.054688 0.045898 0.109375
0 0.276855 0.060547 0.043945 0.095052
0 0.199219 0.070313 0.046875 0.127604
0 0.389648 0.410156 0.054688 0.125000
0 0.296387 0.306641 0.047852 0.121094
0 0.175293 0.314453 0.045898 0.115885
0 0.107422 0.444661 0.039063 0.113281
0 0.139160 0.440104 0.041992 0.098958
0 0.182129 0.427734 0.043945 0.128906
0 0.219727 0.426432 0.039063 0.118490
0 0.259766 0.415365 0.050781 0.135417
0 0.298828 0.414063 0.044922 0.111979
0 0.115723 0.660807 0.092773 0.066406
0 0.119629 0.725911 0.090820 0.069010
0 0.119629 0.781250 0.086914 0.062500
0 0.118164 0.848958 0.093750 0.072917
0 0.497559 0.917969 0.043945 0.109375
0 0.534180 0.882161 0.058594 0.134115