0 0.395996 0.081380 0.079102 0.082031
0 0.321289 0.134115 0.083984 0.091146
0 0.756348 0.208333 0.071289 0.109375
0 0.956055 0.254557 0.066406 0.115885
0 0.923340 0.266927 0.051758 0.106771
0 0.891113 0.297526 0.059570 0.108073
0 0.854492 0.317708 0.060547 0.109375
0 0.820801 0.347005 0.065430 0.102865
0 0.793457 0.377604 0.053711 0.098958
0 0.972656 0.509766 0.054688 0.113281
0 0.938965 0.531250 0.067383 0.111979
0 0.906738 0.556641 0.061523 0.121094
0 0.867188 0.582682 0.054688 0.102865
0 0.837891 0.615885 0.062500 0.101563
0 0.807129 0.635417 0.063477 0.104167
0 0.770996 0.654297 0.061523 0.108073
0 0.741211 0.675781 0.060547 0.106771
0 0.704102 0.702474 0.058594 0.115885
3 0.491211 0.686849 0.089844 0.381510
0 0.442871 0.217448 0.069336 0.111979
0 0.410156 0.242839 0.058594 0.095052
0 0.376953 0.265625 0.066406 0.111979
0 0.340332 0.287109 0.065430 0.115885
0 0.330566 0.585938 0.063477 0.106771
0 0.370605 0.676432 0.067383 0.115885
0 0.953125 0.639323 0.052734 0.096354
0 0.926758 0.664714 0.064453 0.110677
0 0.892578 0.688802 0.062500 0.117188
0 0.855957 0.720703 0.057617 0.102865
0 0.824219 0.734375 0.050781 0.101563
0 0.789551 0.768229 0.055664 0.122396
0 0.758301 0.789714 0.051758 0.102865
0 0.726563 0.805339 0.070313 0.110677
0 0.123047 0.516927 0.093750 0.075521
0 0.123047 0.625651 0.070313 0.069010
0 0.135742 0.678385 0.083984 0.085938
0 0.153320 0.770833 0.078125 0.062500
0 0.169434 0.858073 0.071289 0.065104
0 0.179688 0.914063 0.080078 0.072917