2 0.887207 0.437500 0.116211 0.096354
0 0.772949 0.473307 0.096680 0.071615
0 0.666504 0.516927 0.096680 0.075521
0 0.537109 0.565755 0.103516 0.087240
0 0.393555 0.609375 0.074219 0.067708
0 0.306152 0.641276 0.098633 0.074219
0 0.462402 0.345052 0.057617 0.125000
0 0.380371 0.374349 0.053711 0.115885
0 0.336914 0.394531 0.056641 0.130208
0 0.291016 0.408203 0.058594 0.123698
0 0.252930 0.432292 0.058594 0.127604
0 0.205078 0.430339 0.064453 0.123698
0 0.164063 0.452474 0.062500 0.126302
0 0.127441 0.462891 0.065430 0.128906