2 0.146484 0.156250 0.076172 0.205729
1 0.227051 0.524740 0.083008 0.177083
2 0.342285 0.129557 0.090820 0.089844
0 0.354004 0.186198 0.073242 0.067708
0 0.282715 0.506510 0.061523 0.130208
0 0.563477 0.611328 0.064453 0.131510
2 0.600098 0.594401 0.061523 0.131510
0 0.647949 0.587891 0.055664 0.121094
0 0.693848 0.580078 0.051758 0.134115
0 0.735352 0.551432 0.054688 0.126302
0 0.792969 0.529948 0.056641 0.135417
2 0.886719 0.506510 0.066406 0.138021
0 0.939453 0.480469 0.056641 0.111979
0 0.952148 0.940755 0.058594 0.118490
0 0.958984 0.589844 0.052734 0.132813