0 0.044922 0.434896 0.074219 0.114583
0 0.083984 0.719401 0.068359 0.118490
0 0.122559 0.689453 0.053711 0.092448
0 0.206543 0.652344 0.075195 0.111979
0 0.128418 0.382813 0.073242 0.117188
0 0.195313 0.328776 0.074219 0.121094
0 0.225098 0.289714 0.061523 0.102865
0 0.270020 0.276693 0.067383 0.128906
0 0.342285 0.231120 0.067383 0.115885
0 0.500488 0.126953 0.061523 0.113281
0 0.538574 0.102214 0.055664 0.115885
0 0.582031 0.089844 0.058594 0.106771
0 0.622070 0.064453 0.054688 0.100260
0 0.660645 0.057943 0.055664 0.113281
0 0.699707 0.052734 0.055664 0.105469
0 0.836426 0.250000 0.098633 0.080729
0 0.830566 0.305339 0.077148 0.071615
0 0.751953 0.350260 0.089844 0.078125
0 0.836914 0.371745 0.103516 0.079427
0 0.849609 0.428385 0.083984 0.075521
0 0.852539 0.482422 0.083984 0.066406
0 0.864258 0.545573 0.093750 0.072917
0 0.867188 0.598307 0.099609 0.074219
0 0.766113 0.519531 0.096680 0.070313
0 0.782227 0.639323 0.089844 0.075521
0 0.606934 0.802083 0.106445 0.085938
0 0.610840 0.866536 0.096680 0.069010
0 0.804688 0.874349 0.097656 0.079427
0 0.869629 0.662109 0.081055 0.074219
0 0.880371 0.718750 0.098633 0.072917
0 0.884766 0.777344 0.103516 0.075521
0 0.893066 0.895833 0.088867 0.075521