0 0.685059 0.061849 0.104492 0.097656
0 0.304688 0.307292 0.056641 0.127604
0 0.221680 0.326172 0.048828 0.115885
0 0.078613 0.647786 0.053711 0.121094
0 0.018066 0.774089 0.036133 0.108073
0 0.056641 0.762370 0.058594 0.126302
0 0.092285 0.753255 0.051758 0.134115
0 0.145020 0.746094 0.055664 0.125000
0 0.203125 0.613281 0.054688 0.122396
0 0.425293 0.665365 0.061523 0.130208
0 0.594238 0.606120 0.065430 0.128906
0 0.675293 0.565104 0.063477 0.138021
0 0.870605 0.488932 0.059570 0.110677
0 0.854004 0.777995 0.055664 0.110677