0 0.432129 0.116536 0.067383 0.095052
0 0.400391 0.153646 0.064453 0.091146
0 0.372070 0.181641 0.064453 0.102865
0 0.333496 0.222005 0.063477 0.087240
0 0.303711 0.277344 0.074219 0.109375
0 0.262207 0.293620 0.065430 0.108073
0 0.228027 0.328125 0.061523 0.093750
0 0.192871 0.369141 0.075195 0.115885
0 0.155762 0.399740 0.071289 0.109375
0 0.125977 0.434245 0.074219 0.097656
0 0.089844 0.473307 0.072266 0.108073
0 0.056641 0.514323 0.070313 0.101563
0 0.033203 0.557292 0.066406 0.101563
0 0.528320 0.361979 0.080078 0.109375
0 0.484863 0.388672 0.065430 0.095052
0 0.460449 0.439453 0.079102 0.108073
0 0.421387 0.470052 0.071289 0.106771
0 0.353027 0.542318 0.077148 0.118490
0 0.319336 0.574219 0.062500 0.093750
0 0.179199 0.708333 0.077148 0.119792
0 0.149902 0.761068 0.077148 0.108073
0 0.582520 0.452474 0.071289 0.115885
0 0.540527 0.483073 0.061523 0.085938
0 0.510742 0.522786 0.066406 0.102865
0 0.445313 0.591146 0.083984 0.119792
0 0.339844 0.707031 0.072266 0.125000
0 0.311523 0.755208 0.070313 0.104167
0 0.270020 0.777344 0.081055 0.114583
0 0.238281 0.817708 0.076172 0.109375
0 0.213867 0.857422 0.082031 0.118490
0 0.946289 0.533854 0.072266 0.117188
0 0.865723 0.574870 0.065430 0.128906
0 0.823242 0.602865 0.070313 0.122396
0 0.699219 0.675781 0.066406 0.109375