1 0.843262 0.128906 0.063477 0.135417
1 0.799316 0.137370 0.069336 0.167969
2 0.354492 0.102214 0.056641 0.089844
0 0.066895 0.606771 0.055664 0.054688
0 0.058105 0.642578 0.061523 0.063802
2 0.045410 0.686849 0.061523 0.066406
1 0.138184 0.646484 0.073242 0.183594
0 0.166992 0.712891 0.041016 0.092448
2 0.670898 0.440755 0.060547 0.118490
2 0.710938 0.455078 0.058594 0.121094
1 0.798828 0.575521 0.132813 0.104167
0 0.395020 0.787760 0.040039 0.075521
1 0.437500 0.786458 0.074219 0.179688
1 0.474121 0.804688 0.075195 0.169271
0 0.508301 0.823568 0.041992 0.082031
1 0.551270 0.834635 0.075195 0.184896
2 0.581543 0.868490 0.057617 0.127604
2 0.623535 0.880208 0.057617 0.122396
0 0.661621 0.884766 0.041992 0.076823
1 0.812012 0.926432 0.055664 0.126302