2 0.283203 0.067057 0.074219 0.102865
0 0.253906 0.212891 0.062500 0.092448
0 0.246094 0.301432 0.070313 0.097656
0 0.232910 0.461589 0.065430 0.102865
1 0.172363 0.725911 0.127930 0.199219
2 0.595215 0.258464 0.077148 0.066406
2 0.639648 0.341797 0.052734 0.110677
2 0.680176 0.358724 0.043945 0.095052
2 0.725098 0.375651 0.059570 0.108073
2 0.770020 0.395833 0.047852 0.098958
2 0.805664 0.417318 0.060547 0.126302
2 0.848145 0.415365 0.055664 0.101563
2 0.465820 0.606120 0.056641 0.108073
0 0.495117 0.843099 0.050781 0.108073
0 0.483887 0.508464 0.047852 0.100260
0 0.520996 0.527344 0.051758 0.104167
2 0.551270 0.539063 0.049805 0.098958
0 0.536621 0.628906 0.049805 0.101563
0 0.571289 0.636068 0.048828 0.108073
2 0.627930 0.560547 0.048828 0.095052
0 0.657227 0.575521 0.048828 0.093750
0 0.669922 0.696615 0.048828 0.091146
2 0.741211 0.695313 0.048828 0.096354
2 0.770996 0.714193 0.053711 0.100260