1 0.832520 0.109375 0.170898 0.138021
10 0.797852 0.253906 0.162109 0.114583
1 0.744629 0.540365 0.170898 0.122396
0 0.933105 0.480469 0.088867 0.085938
0 0.889160 0.630859 0.077148 0.066406
0 0.876953 0.678385 0.082031 0.075521
2 0.864746 0.733073 0.086914 0.072917
0 0.028809 0.488281 0.055664 0.119792
0 0.068359 0.507813 0.058594 0.114583
0 0.104980 0.512370 0.051758 0.118490
0 0.184082 0.538411 0.051758 0.100260
0 0.219238 0.552083 0.041992 0.098958
0 0.260254 0.574219 0.061523 0.119792
0 0.298340 0.587240 0.057617 0.104167
0 0.139648 0.764974 0.052734 0.113281
0 0.178223 0.774740 0.057617 0.117188
0 0.247559 0.822266 0.047852 0.100260
0 0.285156 0.819661 0.052734 0.110677
0 0.023438 0.727865 0.046875 0.122396