0 0.958496 0.029948 0.071289 0.049479
0 0.881836 0.031250 0.064453 0.052083
0 0.951172 0.063802 0.068359 0.057292
0 0.889160 0.100911 0.067383 0.050781
0 0.953613 0.113281 0.057617 0.052083
0 0.733398 0.044922 0.070313 0.053385
0 0.877441 0.138021 0.075195 0.054688
0 0.933105 0.184896 0.063477 0.054688
0 0.868164 0.177083 0.070313 0.059896
0 0.729980 0.117188 0.063477 0.052083
0 0.722656 0.152344 0.068359 0.052083
0 0.723633 0.227214 0.056641 0.048177
0 0.718262 0.302734 0.073242 0.053385
0 0.712402 0.335286 0.059570 0.055990
2 0.038086 0.580729 0.072266 0.046875
2 0.113281 0.588542 0.078125 0.059896
2 0.460449 0.576823 0.079102 0.057292
1 0.416504 0.777344 0.135742 0.088542
1 0.560547 0.824219 0.132813 0.093750
2 0.714355 0.511068 0.084961 0.076823
0 0.927246 0.283854 0.065430 0.054688
0 0.916016 0.365234 0.062500 0.045573
0 0.861816 0.391927 0.063477 0.046875
0 0.918945 0.400391 0.062500 0.048177
0 0.855957 0.427083 0.075195 0.059896
0 0.915527 0.436198 0.061523 0.041667
0 0.915039 0.473307 0.064453 0.045573
0 0.902832 0.503255 0.055664 0.045573
0 0.900391 0.583984 0.070313 0.053385
0 0.895996 0.692057 0.061523 0.055990