10 0.190918 0.070313 0.041992 0.114583
0 0.275391 0.103516 0.039063 0.097656
0 0.332031 0.102214 0.037109 0.089844
0 0.366211 0.115234 0.039063 0.092448
0 0.393066 0.117188 0.036133 0.085938
0 0.428223 0.123698 0.036133 0.091146
0 0.199707 0.253906 0.041992 0.088542
0 0.285645 0.268880 0.038086 0.095052
0 0.343750 0.284505 0.039063 0.082031
0 0.377930 0.291667 0.033203 0.080729
0 0.726074 0.389974 0.071289 0.058594
2 0.461426 0.703776 0.041992 0.095052
0 0.718750 0.466797 0.068359 0.050781
0 0.706055 0.533854 0.066406 0.049479
0 0.699707 0.683594 0.059570 0.052083
1 0.685547 0.861328 0.074219 0.170573
0 0.368164 0.375000 0.039063 0.083333
0 0.159180 0.323568 0.033203 0.082031
0 0.189453 0.333984 0.035156 0.076823
0 0.170410 0.516276 0.049805 0.089844