2 0.221680 0.250651 0.099609 0.136719
0 0.213867 0.524740 0.082031 0.083333
0 0.393555 0.454427 0.074219 0.096354
0 0.464355 0.526042 0.079102 0.080729
0 0.538574 0.598958 0.075195 0.091146
0 0.612305 0.653646 0.076172 0.085938
0 0.855957 0.858724 0.069336 0.079427
0 0.237305 0.085938 0.054688 0.125000
0 0.264160 0.147786 0.055664 0.110677
0 0.300781 0.182292 0.056641 0.130208
0 0.336914 0.208333 0.050781 0.101563
0 0.368652 0.259115 0.059570 0.119792
0 0.401855 0.303385 0.057617 0.104167
0 0.432129 0.346354 0.047852 0.096354
0 0.472168 0.366536 0.049805 0.115885
0 0.494629 0.418620 0.051758 0.108073
0 0.533203 0.444010 0.050781 0.111979
0 0.573242 0.473958 0.048828 0.106771
0 0.603516 0.492839 0.048828 0.105469
0 0.638184 0.523438 0.053711 0.111979
0 0.673828 0.563802 0.056641 0.127604