0 0.897949 0.794271 0.051758 0.130208
0 0.949219 0.272786 0.072266 0.079427
0 0.645020 0.464193 0.047852 0.126302
0 0.454590 0.464844 0.047852 0.125000
0 0.256836 0.161458 0.054688 0.122396
0 0.120117 0.175130 0.050781 0.128906
0 0.485352 0.161458 0.058594 0.138021
0 0.530273 0.163411 0.050781 0.134115
0 0.577148 0.149089 0.048828 0.121094
0 0.619629 0.150391 0.047852 0.118490
0 0.661133 0.156901 0.042969 0.128906
0 0.711426 0.152344 0.045898 0.135417
0 0.755859 0.139323 0.050781 0.127604
0 0.261230 0.474609 0.053711 0.128906