0 0.086914 0.536458 0.048828 0.145833
0 0.144043 0.455729 0.051758 0.132813
0 0.275391 0.272786 0.056641 0.144531
0 0.498047 0.270833 0.056641 0.143229
0 0.637695 0.109375 0.054688 0.119792
0 0.681152 0.107422 0.045898 0.118490
0 0.724609 0.102865 0.044922 0.127604
0 0.811523 0.109375 0.048828 0.119792
0 0.938965 0.111328 0.051758 0.131510
0 0.855957 0.264323 0.049805 0.130208
0 0.811523 0.262370 0.048828 0.126302
0 0.768066 0.267578 0.047852 0.134115
0 0.722168 0.262370 0.043945 0.115885
0 0.678711 0.267578 0.052734 0.121094
0 0.552734 0.542318 0.052734 0.131510
0 0.512695 0.551432 0.048828 0.118490
0 0.502930 0.691406 0.056641 0.138021
0 0.544434 0.683594 0.053711 0.125000
0 0.589844 0.691406 0.052734 0.130208
2 0.651367 0.703125 0.054688 0.145833
0 0.833496 0.682292 0.051758 0.127604