0 0.900879 0.384766 0.083008 0.105469
0 0.851074 0.928385 0.086914 0.122396
0 0.312500 0.865885 0.085938 0.109375
0 0.392578 0.766927 0.080078 0.109375
0 0.463867 0.671875 0.087891 0.114583
0 0.207520 0.766276 0.090820 0.126302
0 0.149414 0.669271 0.083984 0.111979
0 0.261230 0.367839 0.081055 0.113281
0 0.201660 0.279948 0.083008 0.125000
0 0.382813 0.069661 0.087891 0.128906
0 0.479492 0.211589 0.087891 0.102865
0 0.548340 0.305339 0.075195 0.108073
0 0.582520 0.347656 0.086914 0.091146
0 0.380859 0.544922 0.083984 0.110677
0 0.551270 0.557943 0.088867 0.087240