0 0.927734 0.393229 0.109375 0.096354
0 0.941895 0.764323 0.092773 0.088542
0 0.849121 0.720703 0.083008 0.087240
0 0.825684 0.351563 0.100586 0.098958
0 0.740234 0.306641 0.103516 0.087240
0 0.651855 0.266927 0.092773 0.088542
0 0.547852 0.217448 0.101563 0.093750
0 0.441895 0.177083 0.100586 0.085938
0 0.394531 0.214844 0.095703 0.083333
0 0.282227 0.153646 0.097656 0.091146
0 0.173828 0.108073 0.082031 0.085938
0 0.087891 0.152995 0.097656 0.095052
0 0.148926 0.395833 0.083008 0.091146
0 0.236816 0.432292 0.088867 0.085938
2 0.428711 0.431641 0.113281 0.108073
0 0.598145 0.604818 0.102539 0.087240