0 0.057617 0.537109 0.095703 0.095052
0 0.147949 0.572917 0.092773 0.083333
0 0.248047 0.625000 0.093750 0.091146
0 0.389160 0.684896 0.096680 0.091146
0 0.470703 0.724609 0.093750 0.089844
0 0.736328 0.842448 0.091797 0.096354
0 0.861328 0.900391 0.099609 0.092448
0 0.897949 0.557943 0.096680 0.084635
0 0.810547 0.519531 0.101563 0.093750
0 0.725098 0.478516 0.088867 0.089844
0 0.636719 0.438151 0.097656 0.089844
0 0.544434 0.395833 0.092773 0.091146
0 0.408203 0.430339 0.083984 0.079427
0 0.452637 0.348958 0.090820 0.091146
0 0.355469 0.305339 0.097656 0.089844
0 0.264648 0.264974 0.087891 0.084635
0 0.173828 0.223958 0.093750 0.091146
0 0.075684 0.181641 0.104492 0.095052