0 0.511719 0.092448 0.087891 0.085938
0 0.631348 0.151693 0.098633 0.087240
0 0.427734 0.274740 0.099609 0.083333
0 0.413574 0.330078 0.102539 0.082031
0 0.391602 0.396484 0.089844 0.082031
0 0.358398 0.514974 0.089844 0.084635
0 0.345703 0.578776 0.083984 0.076823
0 0.308594 0.697917 0.080078 0.072917
0 0.303223 0.782552 0.092773 0.078125
0 0.279297 0.833984 0.099609 0.087240
0 0.245117 0.953776 0.087891 0.084635
0 0.626465 0.368490 0.090820 0.085938
0 0.590820 0.481771 0.078125 0.072917
0 0.526855 0.727214 0.096680 0.082031
0 0.513672 0.781901 0.103516 0.092448
0 0.650391 0.710938 0.099609 0.091146
0 0.731934 0.355469 0.100586 0.093750
0 0.717773 0.403646 0.095703 0.091146
0 0.706055 0.466797 0.099609 0.087240
0 0.924316 0.708333 0.106445 0.093750