0 0.417969 0.094401 0.074219 0.045573
0 0.412109 0.175781 0.072266 0.044271
2 0.827148 0.053385 0.041016 0.093750
0 0.970703 0.465495 0.041016 0.095052
0 0.869141 0.448568 0.037109 0.089844
0 0.396973 0.404948 0.034180 0.098958
0 0.434570 0.409505 0.039063 0.097656
0 0.557617 0.432943 0.035156 0.100260
0 0.961426 0.692708 0.057617 0.046875
0 0.879883 0.683594 0.080078 0.049479
0 0.796875 0.677083 0.076172 0.049479
0 0.721680 0.670573 0.062500 0.046875
0 0.688477 0.597656 0.076172 0.054688
0 0.524414 0.652995 0.068359 0.050781
0 0.439453 0.645833 0.078125 0.049479
0 0.361328 0.639974 0.076172 0.050781
0 0.276367 0.632813 0.072266 0.052083
0 0.220703 0.570964 0.068359 0.045573
0 0.180176 0.627604 0.073242 0.049479
0 0.111816 0.623698 0.069336 0.049479