0 0.022949 0.236328 0.032227 0.089844
0 0.062500 0.235677 0.033203 0.091146
0 0.095703 0.241536 0.042969 0.102865
0 0.147949 0.242839 0.040039 0.097656
0 0.035156 0.457682 0.070313 0.053385
0 0.119629 0.472656 0.071289 0.052083
0 0.194824 0.250651 0.038086 0.105469
0 0.238770 0.253906 0.034180 0.104167
0 0.199219 0.475260 0.080078 0.057292
0 0.272461 0.481771 0.072266 0.049479
0 0.331055 0.259766 0.037109 0.095052
0 0.360840 0.268880 0.034180 0.082031
0 0.361328 0.490885 0.076172 0.052083
0 0.477539 0.500000 0.070313 0.046875
0 0.472656 0.274740 0.035156 0.098958
0 0.506836 0.274089 0.039063 0.100260
0 0.558105 0.284505 0.036133 0.092448
0 0.484375 0.382161 0.068359 0.045573
0 0.713379 0.304688 0.084961 0.049479
2 0.977051 0.134115 0.038086 0.104167
2 0.976074 0.235677 0.036133 0.111979
0 0.950195 0.539714 0.078125 0.048177
0 0.871094 0.532552 0.080078 0.049479
0 0.798828 0.525391 0.076172 0.050781
0 0.722168 0.519531 0.077148 0.049479
0 0.616699 0.888672 0.040039 0.105469
0 0.395508 0.907552 0.039063 0.106771
0 0.354492 0.897786 0.037109 0.097656