2 0.891602 0.134115 0.072266 0.101563
0 0.586426 0.107422 0.073242 0.048177
2 0.561035 0.281250 0.084961 0.059896
2 0.341309 0.149740 0.045898 0.111979
2 0.261230 0.121094 0.041992 0.117188
2 0.326660 0.475911 0.081055 0.055990
2 0.236816 0.509766 0.084961 0.063802
2 0.543457 0.517578 0.083008 0.063802
0 0.532715 0.578776 0.079102 0.053385
2 0.312988 0.634766 0.083008 0.053385
2 0.303711 0.681641 0.082031 0.061198
2 0.542480 0.636719 0.083008 0.062500
2 0.523926 0.692057 0.098633 0.066406
2 0.303223 0.794922 0.086914 0.063802
2 0.212891 0.766276 0.080078 0.061198