2 0.838867 0.126302 0.091797 0.052083
0 0.556641 0.139323 0.072266 0.072917
0 0.296875 0.180339 0.074219 0.061198
2 0.094238 0.701823 0.055664 0.111979
0 0.167969 0.615234 0.070313 0.061198
0 0.269043 0.688802 0.047852 0.098958
0 0.257813 0.772135 0.044922 0.091146
2 0.298828 0.789714 0.050781 0.100260
0 0.946777 0.683594 0.075195 0.057292
0 0.948730 0.728516 0.075195 0.050781
0 0.923340 0.826823 0.079102 0.052083
0 0.915527 0.875000 0.075195 0.054688
0 0.813965 0.865885 0.073242 0.072917
0 0.822754 0.916667 0.069336 0.062500
2 0.678711 0.909505 0.046875 0.100260
0 0.519531 0.863281 0.044922 0.098958
0 0.510254 0.692057 0.092773 0.079427
1 0.529785 0.610677 0.106445 0.088542
2 0.687988 0.466797 0.055664 0.128906
2 0.554199 0.504557 0.092773 0.074219
2 0.543457 0.552083 0.096680 0.065104
0 0.415527 0.330078 0.047852 0.097656
2 0.374512 0.330729 0.041992 0.096354
0 0.315918 0.414063 0.040039 0.088542
2 0.328613 0.310547 0.045898 0.110677
0 0.296875 0.304036 0.039063 0.097656
0 0.261230 0.294271 0.041992 0.101563
0 0.229980 0.292318 0.040039 0.095052
0 0.201172 0.273438 0.042969 0.098958
0 0.134766 0.266276 0.046875 0.097656
0 0.151367 0.355469 0.039063 0.096354
0 0.187012 0.365885 0.041992 0.098958
0 0.214844 0.389974 0.037109 0.095052
0 0.249512 0.399740 0.036133 0.093750
2 0.353027 0.430990 0.049805 0.109375
0 0.964355 0.591797 0.071289 0.061198