0 0.113770 0.065755 0.075195 0.048177
2 0.891602 0.160156 0.037109 0.098958
0 0.791016 0.275391 0.078125 0.048177
0 0.781738 0.333333 0.073242 0.052083
0 0.782715 0.507161 0.065430 0.042969
0 0.701660 0.579427 0.075195 0.054688
0 0.690918 0.630859 0.075195 0.050781
0 0.715332 0.918620 0.040039 0.089844
0 0.680664 0.895182 0.031250 0.089844
0 0.617188 0.893880 0.046875 0.089844
0 0.582520 0.878255 0.034180 0.074219
0 0.541016 0.869141 0.035156 0.074219
0 0.425293 0.665365 0.038086 0.098958
0 0.354004 0.668620 0.038086 0.095052
0 0.314453 0.680990 0.039063 0.091146
0 0.274414 0.684245 0.035156 0.097656
0 0.234863 0.682943 0.036133 0.100260
0 0.123047 0.688151 0.039063 0.089844