0 0.492188 0.052734 0.062500 0.066406
0 0.472656 0.098307 0.074219 0.069010
0 0.437988 0.188151 0.079102 0.079427
2 0.134766 0.246094 0.083984 0.088542
2 0.104980 0.292318 0.081055 0.082031
2 0.040039 0.390625 0.070313 0.067708
0 0.760254 0.335938 0.069336 0.070313
0 0.943359 0.350911 0.068359 0.074219
0 0.927246 0.404297 0.079102 0.076823
2 0.423828 0.383464 0.089844 0.102865
2 0.403809 0.457031 0.102539 0.091146
10 0.962402 0.524740 0.075195 0.072917
0 0.882813 0.528646 0.060547 0.057292
0 0.946777 0.563151 0.081055 0.076823