0 0.951660 0.205729 0.077148 0.085938
0 0.840332 0.347656 0.073242 0.093750
0 0.760742 0.257813 0.068359 0.083333
1 0.754883 0.436849 0.144531 0.180990
4 0.563965 0.339844 0.184570 0.221354
4 0.144043 0.397135 0.188477 0.072917
4 0.352051 0.416016 0.188477 0.084635
4 0.138184 0.483724 0.192383 0.087240
4 0.364258 0.498698 0.191406 0.083333
4 0.143555 0.562500 0.191406 0.096354
4 0.370605 0.567057 0.192383 0.089844
4 0.156250 0.632813 0.187500 0.093750
4 0.387207 0.646484 0.192383 0.089844
4 0.163574 0.700521 0.186523 0.104167
4 0.426758 0.703776 0.214844 0.089844