10 0.117188 0.128906 0.058594 0.203125
1 0.176758 0.122396 0.070313 0.208333
1 0.678711 0.171224 0.066406 0.222656
1 0.565918 0.298177 0.061523 0.187500
4 0.699219 0.429036 0.062500 0.274740
4 0.721191 0.727214 0.069336 0.298177
4 0.647949 0.473307 0.053711 0.204427
4 0.661621 0.736328 0.061523 0.266927
4 0.599609 0.746094 0.068359 0.294271
1 0.580566 0.498047 0.063477 0.194010
1 0.535156 0.759766 0.066406 0.222656
2 0.910156 0.780599 0.072266 0.058594
2 0.916992 0.839193 0.072266 0.058594
2 0.921387 0.897786 0.077148 0.053385