14 0.518555 0.166667 0.070313 0.091146
4 0.505859 0.263672 0.123047 0.209635
0 0.309082 0.070313 0.069336 0.083333
2 0.336426 0.113932 0.079102 0.105469
2 0.369629 0.147786 0.083008 0.095052
2 0.393555 0.197266 0.078125 0.105469
0 0.646973 0.513672 0.079102 0.100260
2 0.730957 0.664063 0.084961 0.096354
2 0.682617 0.915365 0.082031 0.109375
0 0.566406 0.761068 0.078125 0.110677
2 0.592285 0.433594 0.045898 0.119792
2 0.546875 0.442708 0.041016 0.119792
2 0.495117 0.449219 0.054688 0.122396
2 0.452148 0.501953 0.070313 0.149740
2 0.398438 0.529948 0.054688 0.125000
2 0.365234 0.576172 0.048828 0.118490
2 0.327637 0.659505 0.047852 0.128906
2 0.275879 0.676432 0.053711 0.128906
2 0.232910 0.727865 0.047852 0.130208
0 0.120117 0.858724 0.046875 0.121094