0 0.095703 0.323568 0.054688 0.110677
0 0.137207 0.344401 0.051758 0.113281
0 0.154297 0.457031 0.058594 0.117188
0 0.191406 0.475911 0.052734 0.100260
0 0.269043 0.399740 0.061523 0.114583
0 0.238281 0.519531 0.056641 0.109375
0 0.285156 0.536458 0.064453 0.119792
0 0.321777 0.414714 0.059570 0.118490
0 0.360352 0.440755 0.058594 0.115885
0 0.402344 0.457682 0.056641 0.118490
0 0.329590 0.555339 0.057617 0.123698
0 0.375488 0.580729 0.063477 0.119792
0 0.392090 0.710286 0.088867 0.063802
2 0.564941 0.509115 0.081055 0.171875
0 0.544922 0.655599 0.056641 0.118490
0 0.619629 0.699219 0.055664 0.111979
0 0.666992 0.702474 0.054688 0.108073
0 0.703613 0.720052 0.059570 0.111979
0 0.736328 0.603516 0.056641 0.110677
0 0.780273 0.633464 0.054688 0.102865
0 0.823730 0.645182 0.057617 0.110677
0 0.787598 0.755859 0.055664 0.126302
0 0.903320 0.688151 0.062500 0.110677
0 0.878418 0.810547 0.057617 0.102865
2 0.964844 0.840495 0.066406 0.131510