1 0.158691 0.103516 0.184570 0.136719
2 0.204102 0.438802 0.128906 0.098958
2 0.242676 0.617188 0.104492 0.085938
0 0.154297 0.695964 0.078125 0.084635
0 0.193848 0.867839 0.059570 0.108073
2 0.409180 0.061849 0.054688 0.092448
2 0.599609 0.061198 0.072266 0.070313
2 0.533203 0.189453 0.082031 0.131510
2 0.619629 0.125000 0.071289 0.072917
2 0.652344 0.181641 0.070313 0.066406
2 0.682617 0.231771 0.117188 0.104167
2 0.704102 0.300130 0.125000 0.100260
2 0.578125 0.366536 0.117188 0.100260
2 0.762695 0.587891 0.052734 0.113281
2 0.727051 0.610026 0.053711 0.092448
2 0.648926 0.645833 0.051758 0.091146
2 0.861816 0.726563 0.069336 0.052083
2 0.820801 0.817708 0.071289 0.054688
2 0.314941 0.862630 0.122070 0.105469
2 0.336426 0.918620 0.129883 0.095052