0 0.545410 0.123698 0.088867 0.062500
0 0.645996 0.331380 0.083008 0.084635
0 0.569824 0.339844 0.059570 0.101563
0 0.523926 0.343099 0.067383 0.131510
0 0.475098 0.364583 0.071289 0.122396
2 0.525391 0.504557 0.076172 0.160156
2 0.594238 0.684896 0.090820 0.083333
0 0.403320 0.372396 0.082031 0.072917
0 0.269531 0.739583 0.052734 0.106771
0 0.421387 0.431641 0.092773 0.092448
0 0.438477 0.490234 0.082031 0.079427
0 0.453613 0.543620 0.083008 0.074219
0 0.470703 0.602214 0.082031 0.084635
0 0.488770 0.665365 0.088867 0.083333
0 0.501465 0.722656 0.086914 0.078125
2 0.517578 0.782552 0.097656 0.093750
0 0.537109 0.832031 0.091797 0.088542
0 0.359375 0.536458 0.085938 0.085938
0 0.374512 0.597656 0.075195 0.078125
0 0.389160 0.653646 0.079102 0.080729
0 0.405762 0.709635 0.081055 0.080729
0 0.414063 0.768880 0.087891 0.084635
2 0.423340 0.830729 0.096680 0.096354