0 0.789551 0.046224 0.090820 0.061198
0 0.679688 0.061849 0.064453 0.055990
0 0.589844 0.084635 0.085938 0.062500
0 0.485840 0.088542 0.086914 0.057292
2 0.493164 0.172526 0.101563 0.074219
0 0.329102 0.556641 0.083984 0.055990
0 0.101563 0.573568 0.083984 0.058594
0 0.902344 0.856771 0.093750 0.072917
0 0.614258 0.869792 0.082031 0.067708
0 0.509277 0.837240 0.083008 0.072917
0 0.527832 0.948568 0.092773 0.076823
0 0.310547 0.864583 0.082031 0.075521
0 0.323730 0.923177 0.088867 0.072917
0 0.335449 0.968099 0.096680 0.063802