0 0.290039 0.091146 0.082031 0.057292
0 0.062988 0.105469 0.081055 0.062500
0 0.863281 0.392578 0.082031 0.066406
0 0.800781 0.520833 0.085938 0.075521
0 0.813477 0.575521 0.085938 0.080729
0 0.841309 0.677083 0.083008 0.075521
0 0.941406 0.700521 0.091797 0.075521
0 0.854492 0.733073 0.089844 0.080729
0 0.665527 0.904297 0.088867 0.079427
0 0.582031 0.933594 0.087891 0.083333
0 0.656738 0.817057 0.079102 0.071615
0 0.653320 0.757813 0.091797 0.078125
0 0.573242 0.401693 0.085938 0.071615
0 0.506836 0.591146 0.085938 0.072917
0 0.486328 0.486328 0.087891 0.074219
0 0.469238 0.370443 0.081055 0.069010
0 0.380859 0.875651 0.091797 0.084635
0 0.364258 0.817057 0.082031 0.071615
0 0.339355 0.715495 0.084961 0.076823
0 0.317383 0.615234 0.087891 0.079427
0 0.295410 0.507813 0.094727 0.075521
0 0.282715 0.458984 0.086914 0.076823
0 0.269043 0.394531 0.084961 0.075521