0 0.328613 0.120443 0.073242 0.097656
2 0.290527 0.184245 0.073242 0.100260
0 0.253418 0.212240 0.077148 0.101563
0 0.221680 0.250651 0.072266 0.095052
0 0.173340 0.321615 0.077148 0.101563
0 0.140137 0.354818 0.071289 0.095052
0 0.487793 0.055339 0.051758 0.110677
0 0.523926 0.104818 0.055664 0.121094
0 0.559570 0.163411 0.048828 0.105469
0 0.624023 0.253906 0.048828 0.109375
0 0.539063 0.423177 0.070313 0.104167
2 0.505371 0.452474 0.067383 0.097656
2 0.441895 0.357422 0.081055 0.118490
0 0.412598 0.403646 0.069336 0.098958
2 0.375488 0.432292 0.079102 0.122396
0 0.449219 0.505208 0.060547 0.083333
2 0.424805 0.548828 0.076172 0.108073
0 0.333496 0.493490 0.067383 0.091146
0 0.395508 0.581380 0.068359 0.095052
0 0.304199 0.516927 0.067383 0.093750
0 0.281250 0.555339 0.066406 0.087240
0 0.369629 0.610677 0.071289 0.098958
2 0.339355 0.641276 0.067383 0.095052
2 0.391602 0.773438 0.083984 0.117188
2 0.860840 0.391927 0.114258 0.153646
2 0.811523 0.409505 0.080078 0.115885
0 0.781250 0.456380 0.072266 0.100260
0 0.751953 0.490885 0.064453 0.096354
0 0.844238 0.579427 0.067383 0.096354
0 0.723145 0.544922 0.071289 0.105469
0 0.667969 0.604167 0.076172 0.109375
0 0.645020 0.650391 0.083008 0.097656
0 0.599121 0.688151 0.071289 0.102865
2 0.563965 0.732422 0.083008 0.115885
2 0.530273 0.767578 0.085938 0.115885
0 0.499512 0.813802 0.073242 0.096354
2 0.470215 0.846354 0.077148 0.117188
0 0.564453 0.900391 0.064453 0.095052