0 0.698730 0.369792 0.071289 0.098958
0 0.525879 0.195964 0.067383 0.102865
0 0.450195 0.272135 0.072266 0.104167
0 0.178223 0.126302 0.057617 0.083333
0 0.205078 0.175781 0.068359 0.096354
0 0.237305 0.221354 0.066406 0.106771
0 0.262207 0.279297 0.051758 0.082031
0 0.287598 0.319010 0.063477 0.117188
2 0.342285 0.377604 0.059570 0.109375
0 0.375000 0.413411 0.060547 0.108073
0 0.407227 0.455078 0.056641 0.102865
2 0.444336 0.505208 0.066406 0.117188
0 0.474121 0.547526 0.059570 0.110677
0 0.507813 0.588542 0.056641 0.104167
0 0.541504 0.642578 0.051758 0.113281
0 0.575684 0.693359 0.047852 0.102865
0 0.613770 0.723307 0.045898 0.095052
0 0.651367 0.769531 0.056641 0.104167
2 0.677734 0.822266 0.056641 0.110677