0 0.219238 0.130208 0.084961 0.080729
0 0.231445 0.173177 0.080078 0.078125
0 0.034180 0.799479 0.068359 0.085938
0 0.047852 0.850911 0.087891 0.087240
0 0.064453 0.898438 0.078125 0.083333
0 0.384277 0.069010 0.079102 0.080729
0 0.478516 0.065755 0.082031 0.082031
2 0.639648 0.091797 0.097656 0.102865
0 0.670898 0.152344 0.085938 0.093750
2 0.696289 0.195964 0.082031 0.092448
0 0.441406 0.163411 0.082031 0.087240
0 0.300781 0.305339 0.083984 0.079427
0 0.316406 0.348307 0.083984 0.079427
0 0.335938 0.402344 0.082031 0.085938
0 0.355957 0.445964 0.077148 0.084635
0 0.375488 0.491536 0.079102 0.082031
0 0.390625 0.537109 0.078125 0.074219
0 0.465332 0.672526 0.079102 0.079427
0 0.488281 0.746094 0.074219 0.078125
2 0.463867 0.207031 0.080078 0.091146
2 0.483398 0.255859 0.080078 0.092448
2 0.529785 0.341146 0.083008 0.088542
2 0.552734 0.393229 0.093750 0.088542
2 0.558594 0.454427 0.080078 0.096354
0 0.670410 0.712240 0.077148 0.083333