0 0.479004 0.078776 0.075195 0.097656
0 0.035645 0.504557 0.071289 0.102865
0 0.549316 0.166016 0.084961 0.115885
0 0.329102 0.381510 0.089844 0.111979
0 0.294922 0.431641 0.082031 0.113281
0 0.261230 0.473307 0.088867 0.118490
0 0.229980 0.516276 0.081055 0.102865
0 0.185059 0.559245 0.086914 0.123698
0 0.621582 0.429036 0.079102 0.105469
0 0.588379 0.466797 0.077148 0.108073
0 0.552246 0.511068 0.083008 0.118490
0 0.517578 0.554036 0.082031 0.123698
0 0.481445 0.597005 0.082031 0.110677
0 0.445801 0.636719 0.084961 0.119792
0 0.413086 0.680339 0.076172 0.113281
0 0.702637 0.580729 0.075195 0.098958
2 0.817383 0.730469 0.083984 0.111979
2 0.776367 0.779297 0.097656 0.134115
2 0.723633 0.807292 0.097656 0.127604
2 0.697754 0.858073 0.088867 0.114583
2 0.653320 0.897135 0.082031 0.114583