0 0.202148 0.031901 0.076172 0.063802
2 0.243652 0.880859 0.086914 0.071615
0 0.335938 0.839193 0.066406 0.066406
1 0.429199 0.782552 0.110352 0.093750
0 0.355469 0.708984 0.076172 0.071615
0 0.543945 0.725260 0.087891 0.080729
0 0.775879 0.606771 0.063477 0.065104
0 0.935059 0.158854 0.075195 0.091146
0 0.924805 0.302734 0.042969 0.108073
0 0.892090 0.201172 0.071289 0.089844
0 0.855957 0.223307 0.079102 0.084635
0 0.877930 0.325521 0.044922 0.098958
0 0.837891 0.336589 0.041016 0.102865
0 0.794922 0.363932 0.039063 0.100260
0 0.750488 0.391276 0.040039 0.084635
0 0.711914 0.410807 0.042969 0.108073
0 0.671387 0.429036 0.043945 0.108073
0 0.580566 0.470703 0.038086 0.105469
0 0.537109 0.494792 0.037109 0.085938
0 0.458496 0.540365 0.040039 0.088542
0 0.417969 0.558594 0.039063 0.098958
0 0.284668 0.639323 0.038086 0.091146
0 0.248047 0.658854 0.042969 0.091146
0 0.208496 0.679036 0.038086 0.089844
0 0.126953 0.604818 0.072266 0.082031
0 0.176758 0.590495 0.078125 0.097656
0 0.214844 0.566406 0.076172 0.091146
0 0.261719 0.539063 0.076172 0.093750
0 0.297363 0.509766 0.069336 0.087240
0 0.338867 0.493490 0.072266 0.083333
0 0.382324 0.465495 0.065430 0.084635
0 0.426758 0.446615 0.076172 0.096354
0 0.467773 0.416667 0.062500 0.080729
0 0.510254 0.402995 0.067383 0.087240
0 0.557129 0.379557 0.073242 0.087240
0 0.600586 0.361979 0.070313 0.088542
0 0.639648 0.329427 0.064453 0.085938
0 0.723145 0.292318 0.077148 0.087240
0 0.763184 0.262370 0.075195 0.087240
0 0.810547 0.242188 0.070313 0.085938
0 0.735352 0.050781 0.048828 0.101563
0 0.690430 0.070964 0.050781 0.108073
0 0.647461 0.084635 0.048828 0.106771
0 0.601563 0.112630 0.042969 0.095052
0 0.560059 0.143880 0.047852 0.105469
0 0.520996 0.156250 0.051758 0.111979
0 0.477051 0.180990 0.043945 0.104167
0 0.435059 0.207682 0.043945 0.115885
0 0.392090 0.221354 0.041992 0.106771
0 0.306641 0.276693 0.044922 0.105469
0 0.265137 0.291667 0.041992 0.096354
0 0.223633 0.315104 0.042969 0.109375
0 0.177246 0.336589 0.038086 0.092448
0 0.137695 0.353516 0.039063 0.095052
0 0.091309 0.379557 0.040039 0.105469
2 0.025391 0.320313 0.044922 0.104167
0 0.066406 0.305339 0.041016 0.102865
0 0.108887 0.275391 0.041992 0.089844
0 0.151855 0.249349 0.040039 0.105469
0 0.193848 0.222005 0.041992 0.108073
0 0.238770 0.192708 0.047852 0.109375
0 0.277344 0.183594 0.042969 0.101563
0 0.317383 0.165365 0.046875 0.098958
0 0.362305 0.130859 0.046875 0.113281
0 0.407227 0.112630 0.044922 0.110677
0 0.450195 0.086589 0.041016 0.095052
0 0.493652 0.061849 0.041992 0.092448