14 0.717773 0.212240 0.068359 0.195313
14 0.777832 0.419922 0.051758 0.118490
0 0.965820 0.950521 0.068359 0.075521
14 0.683105 0.268229 0.057617 0.122396
14 0.734375 0.444010 0.052734 0.122396
14 0.692383 0.473958 0.060547 0.135417
14 0.650879 0.488932 0.057617 0.128906
14 0.636719 0.280599 0.060547 0.149740
14 0.595703 0.314453 0.054688 0.123698
14 0.553223 0.327474 0.061523 0.131510
14 0.564453 0.530599 0.056641 0.128906
14 0.528320 0.566406 0.060547 0.161458
14 0.476563 0.561849 0.052734 0.108073
14 0.437500 0.586589 0.060547 0.126302
14 0.357422 0.625651 0.052734 0.126302
14 0.318359 0.649740 0.062500 0.145833
14 0.237793 0.711589 0.067383 0.165365
14 0.149902 0.735026 0.053711 0.121094
14 0.108398 0.755208 0.058594 0.127604
14 0.068359 0.784505 0.064453 0.139323
14 0.023438 0.781901 0.046875 0.118490
14 0.513672 0.345052 0.060547 0.130208
14 0.469238 0.363281 0.053711 0.135417
14 0.431152 0.390625 0.053711 0.117188
14 0.384766 0.385417 0.060547 0.156250
14 0.344238 0.404948 0.065430 0.171875
14 0.301758 0.436849 0.064453 0.147135
14 0.264648 0.466797 0.050781 0.126302
14 0.219238 0.479167 0.067383 0.153646
14 0.182617 0.510417 0.058594 0.127604
14 0.141602 0.522135 0.060547 0.140625
14 0.100098 0.547526 0.057617 0.126302
14 0.022949 0.587240 0.045898 0.114583