14 0.877930 0.125651 0.074219 0.173177
14 0.831055 0.172526 0.048828 0.115885
14 0.962402 0.872396 0.061523 0.151042
14 0.922363 0.903646 0.051758 0.127604
14 0.880371 0.916667 0.059570 0.132813
14 0.839355 0.937500 0.059570 0.125000
14 0.934082 0.348307 0.067383 0.152344
14 0.875977 0.359375 0.056641 0.125000
14 0.832031 0.395182 0.068359 0.178385
14 0.793945 0.430990 0.078125 0.203125
14 0.737305 0.445313 0.074219 0.169271
14 0.781250 0.198568 0.056641 0.134115
14 0.686035 0.454427 0.069336 0.156250
14 0.590332 0.500651 0.065430 0.167969
14 0.536621 0.501953 0.057617 0.128906
14 0.733398 0.216797 0.056641 0.141927
14 0.684570 0.243490 0.070313 0.138021
14 0.630371 0.259766 0.061523 0.136719
14 0.529297 0.285156 0.060547 0.151042
14 0.482910 0.309245 0.071289 0.175781
14 0.436523 0.572917 0.076172 0.171875
14 0.387695 0.582031 0.056641 0.138021
14 0.339355 0.622396 0.067383 0.208333
14 0.289063 0.642578 0.072266 0.180990
14 0.239258 0.640625 0.064453 0.148438
14 0.188965 0.658203 0.061523 0.136719
14 0.143555 0.686198 0.058594 0.156250
14 0.092773 0.701172 0.062500 0.141927
14 0.286133 0.403646 0.076172 0.169271
14 0.194824 0.467448 0.065430 0.109375
14 0.094238 0.492188 0.067383 0.164063
14 0.042969 0.509766 0.068359 0.152344
14 0.041992 0.743490 0.074219 0.151042