14 0.467773 0.254557 0.107422 0.277344
14 0.927246 0.335286 0.049805 0.118490
14 0.973633 0.533854 0.052734 0.138021
14 0.934082 0.525391 0.051758 0.121094
14 0.889648 0.561198 0.060547 0.158854
14 0.882813 0.352214 0.066406 0.131510
14 0.837891 0.356120 0.060547 0.160156
14 0.809082 0.598307 0.061523 0.152344
14 0.769531 0.621094 0.060547 0.135417
14 0.685547 0.647786 0.060547 0.128906
14 0.636719 0.466797 0.052734 0.126302
14 0.673340 0.442708 0.055664 0.138021
14 0.710449 0.423828 0.073242 0.147135
14 0.755859 0.414063 0.056641 0.132813
14 0.796875 0.380859 0.064453 0.144531
0 0.187012 0.138672 0.051758 0.102865
2 0.111816 0.397135 0.051758 0.114583
0 0.155762 0.156901 0.053711 0.089844
0 0.113281 0.163411 0.050781 0.105469
0 0.079102 0.184245 0.052734 0.097656
0 0.209961 0.225260 0.044922 0.093750
0 0.181152 0.253255 0.053711 0.100260
0 0.139648 0.266927 0.046875 0.093750
0 0.335938 0.412109 0.046875 0.102865
0 0.301758 0.430990 0.050781 0.101563
0 0.264648 0.448568 0.048828 0.102865
0 0.231934 0.466146 0.047852 0.101563
0 0.197754 0.479167 0.045898 0.098958
0 0.161621 0.500000 0.045898 0.091146
0 0.363281 0.510417 0.050781 0.101563
0 0.321777 0.520182 0.045898 0.100260
0 0.290039 0.537109 0.044922 0.092448
0 0.257324 0.570313 0.047852 0.088542
0 0.216309 0.574870 0.049805 0.100260
0 0.178711 0.586589 0.054688 0.102865
0 0.416016 0.732422 0.052734 0.105469
0 0.380371 0.748047 0.051758 0.095052
0 0.342773 0.760417 0.048828 0.093750
0 0.304199 0.778646 0.049805 0.098958
0 0.272461 0.788411 0.046875 0.102865
0 0.232422 0.798177 0.048828 0.096354
0 0.438477 0.819661 0.048828 0.102865
0 0.402832 0.839844 0.053711 0.106771
0 0.363281 0.852214 0.048828 0.100260
0 0.331055 0.873047 0.048828 0.097656
0 0.294434 0.886068 0.049805 0.097656
0 0.257324 0.894531 0.043945 0.088542