14 0.594727 0.057943 0.062500 0.115885
14 0.629395 0.679688 0.124023 0.328125
0 0.410645 0.793620 0.051758 0.097656
0 0.297363 0.824870 0.045898 0.087240
0 0.336426 0.813151 0.045898 0.095052
0 0.354492 0.742188 0.046875 0.093750
0 0.242676 0.615885 0.041992 0.085938
0 0.222168 0.522786 0.053711 0.102865
0 0.281738 0.610677 0.045898 0.111979
0 0.260254 0.516927 0.043945 0.093750
0 0.329102 0.480469 0.052734 0.101563
0 0.388184 0.561849 0.051758 0.100260
0 0.424316 0.544922 0.045898 0.087240
0 0.401855 0.451172 0.051758 0.100260
0 0.366211 0.467448 0.052734 0.106771
0 0.348633 0.227865 0.046875 0.096354
0 0.312500 0.246745 0.054688 0.102865
0 0.273926 0.261719 0.045898 0.096354
0 0.240234 0.281250 0.054688 0.096354
0 0.205566 0.293620 0.051758 0.095052
0 0.164063 0.299479 0.044922 0.091146
0 0.323730 0.140625 0.053711 0.109375
0 0.288574 0.157552 0.047852 0.096354
0 0.252441 0.166667 0.049805 0.096354
0 0.213867 0.180990 0.048828 0.101563
0 0.179199 0.195313 0.049805 0.096354
0 0.139160 0.203125 0.047852 0.093750