14 0.964355 0.136068 0.069336 0.178385
14 0.905273 0.159505 0.076172 0.186198
14 0.858887 0.188151 0.061523 0.175781
14 0.819824 0.460286 0.071289 0.180990
14 0.767578 0.473958 0.068359 0.184896
14 0.715332 0.490234 0.069336 0.178385
14 0.669922 0.509115 0.070313 0.174479
14 0.614746 0.522135 0.061523 0.158854
14 0.566406 0.542318 0.066406 0.162760
14 0.763184 0.221354 0.067383 0.197917
14 0.711426 0.238281 0.075195 0.200521
14 0.662598 0.274740 0.063477 0.151042
14 0.565918 0.294922 0.081055 0.217448
14 0.511719 0.332031 0.080078 0.182292
0 0.238770 0.918620 0.049805 0.097656
0 0.202637 0.934896 0.049805 0.096354
0 0.237305 0.580078 0.046875 0.087240
0 0.201660 0.593750 0.045898 0.088542
0 0.151855 0.720703 0.047852 0.097656
0 0.121094 0.625000 0.050781 0.101563
0 0.165039 0.608724 0.044922 0.113281
0 0.215820 0.346354 0.048828 0.109375
0 0.176758 0.359375 0.050781 0.096354
0 0.144531 0.370443 0.046875 0.100260
0 0.111816 0.388021 0.047852 0.098958
0 0.071289 0.412109 0.054688 0.102865
0 0.220703 0.218750 0.052734 0.093750
0 0.190918 0.243490 0.045898 0.088542
0 0.156738 0.259766 0.047852 0.095052
0 0.123047 0.275391 0.048828 0.100260
0 0.083008 0.291667 0.050781 0.096354
0 0.047852 0.315104 0.052734 0.106771