14 0.925781 0.372396 0.087891 0.210938
14 0.872559 0.408203 0.069336 0.180990
14 0.808105 0.414714 0.069336 0.152344
14 0.768555 0.441406 0.066406 0.161458
14 0.717773 0.465495 0.060547 0.165365
14 0.761230 0.223958 0.057617 0.153646
14 0.712402 0.259766 0.055664 0.126302
14 0.663086 0.270833 0.066406 0.153646
14 0.570801 0.547526 0.065430 0.170573
14 0.514648 0.562500 0.052734 0.145833
14 0.462891 0.599609 0.072266 0.173177
14 0.362305 0.626302 0.052734 0.140625
14 0.322754 0.662109 0.053711 0.149740
14 0.273926 0.683594 0.063477 0.177083
14 0.561523 0.313802 0.076172 0.177083
14 0.509766 0.333984 0.072266 0.180990
14 0.412598 0.386719 0.067383 0.161458
14 0.370117 0.399740 0.064453 0.179688
14 0.262695 0.446615 0.066406 0.166667
14 0.218262 0.464193 0.073242 0.175781
14 0.160156 0.485677 0.078125 0.184896
14 0.116699 0.513672 0.065430 0.162760
14 0.078613 0.776693 0.067383 0.183594