14 0.951660 0.169271 0.067383 0.184896
14 0.943359 0.443359 0.080078 0.217448
14 0.892090 0.462891 0.077148 0.212240
14 0.833008 0.472656 0.060547 0.179688
14 0.775879 0.517578 0.079102 0.209635
14 0.659180 0.580078 0.085938 0.222656
14 0.596680 0.557943 0.054688 0.139323
14 0.551270 0.632161 0.083008 0.227865
14 0.431641 0.660807 0.080078 0.188802
14 0.368652 0.663411 0.063477 0.136719
14 0.315918 0.703125 0.073242 0.171875
14 0.254395 0.756510 0.079102 0.208333
14 0.193848 0.757161 0.063477 0.167969
14 0.144043 0.756510 0.041992 0.101563
14 0.896484 0.189453 0.082031 0.201823
14 0.836914 0.227214 0.072266 0.188802
14 0.775879 0.225911 0.090820 0.238281
14 0.717773 0.257161 0.083984 0.227865
14 0.659668 0.277344 0.084961 0.231771
14 0.607422 0.324870 0.080078 0.191406
14 0.549805 0.350260 0.068359 0.182292
14 0.489746 0.376302 0.069336 0.203125
14 0.428711 0.417969 0.066406 0.166667
14 0.370605 0.441406 0.069336 0.179688
14 0.315430 0.455729 0.072266 0.179688
14 0.265137 0.490885 0.073242 0.174479
14 0.203125 0.503906 0.074219 0.192708