14 0.202637 0.735026 0.106445 0.274740
14 0.112793 0.369141 0.098633 0.269531
14 0.188965 0.368490 0.079102 0.208333
14 0.253906 0.354818 0.082031 0.199219
14 0.307129 0.334635 0.081055 0.179688
14 0.374023 0.585938 0.087891 0.221354
14 0.430664 0.540365 0.074219 0.205729
14 0.487305 0.530599 0.082031 0.220052
14 0.544434 0.483724 0.083008 0.212240
14 0.604980 0.479167 0.088867 0.236979
14 0.715332 0.416016 0.071289 0.207031
14 0.834961 0.360026 0.072266 0.188802
14 0.882324 0.318359 0.065430 0.170573
14 0.823242 0.098958 0.082031 0.187500
14 0.769531 0.111979 0.070313 0.197917
14 0.708984 0.157552 0.068359 0.187500
14 0.597656 0.201172 0.082031 0.204427
14 0.480469 0.251302 0.072266 0.187500
14 0.425293 0.266276 0.077148 0.214844
14 0.368164 0.305990 0.072266 0.184896
0 0.036133 0.867188 0.072266 0.078125