14 0.686523 0.076172 0.056641 0.152344
14 0.640625 0.078776 0.056641 0.147135
14 0.592773 0.110026 0.068359 0.180990
14 0.537109 0.129557 0.066406 0.183594
14 0.498535 0.147786 0.069336 0.180990
14 0.391113 0.230469 0.090820 0.203125
14 0.946289 0.491536 0.050781 0.141927
14 0.858398 0.518229 0.062500 0.156250
14 0.947754 0.682943 0.053711 0.154948
14 0.868652 0.726563 0.073242 0.182292
14 0.819336 0.729818 0.062500 0.160156
14 0.779297 0.764974 0.062500 0.157552
14 0.737793 0.774089 0.059570 0.152344
14 0.689941 0.802083 0.065430 0.161458
14 0.560547 0.901693 0.072266 0.196615
14 0.772461 0.555990 0.056641 0.148438
14 0.727539 0.565755 0.064453 0.173177
14 0.685547 0.593750 0.052734 0.145833
14 0.644043 0.619141 0.059570 0.144531
14 0.605469 0.634766 0.060547 0.149740
14 0.556152 0.642578 0.065430 0.170573
14 0.496094 0.638672 0.082031 0.199219
1 0.251953 0.226563 0.048828 0.098958
2 0.395508 0.838542 0.056641 0.111979
0 0.411133 0.951823 0.027344 0.067708
0 0.435547 0.940755 0.039063 0.069010
0 0.385742 0.955729 0.037109 0.080729
0 0.358398 0.967448 0.029297 0.065104
2 0.322266 0.869141 0.044922 0.100260
2 0.359375 0.712240 0.058594 0.127604
2 0.333984 0.577474 0.052734 0.113281
2 0.244629 0.714844 0.053711 0.117188
2 0.212402 0.596354 0.051758 0.114583
2 0.184570 0.480469 0.050781 0.122396
2 0.226074 0.483073 0.055664 0.117188
2 0.191895 0.360677 0.047852 0.106771
2 0.235840 0.336589 0.055664 0.121094
2 0.165039 0.249349 0.052734 0.115885
2 0.132813 0.277995 0.052734 0.115885