14 0.937500 0.199870 0.078125 0.167969
14 0.911621 0.328125 0.061523 0.158854
14 0.868164 0.364583 0.076172 0.197917
14 0.818359 0.389974 0.068359 0.183594
14 0.769531 0.404297 0.070313 0.173177
14 0.854980 0.897135 0.059570 0.156250
14 0.945801 0.883464 0.057617 0.139323
14 0.715820 0.412109 0.056641 0.149740
14 0.669434 0.453125 0.067383 0.179688
14 0.572754 0.487630 0.071289 0.183594
14 0.525879 0.511068 0.063477 0.175781
14 0.853516 0.135417 0.070313 0.153646
14 0.798340 0.144531 0.065430 0.182292
14 0.698242 0.197266 0.072266 0.165365
14 0.439453 0.313802 0.062500 0.169271
14 0.424316 0.542969 0.063477 0.145833
14 0.379883 0.577474 0.060547 0.186198
14 0.332031 0.591146 0.058594 0.158854
14 0.289551 0.622396 0.067383 0.182292
14 0.231934 0.641927 0.061523 0.177083
14 0.192871 0.657552 0.065430 0.171875
14 0.085938 0.740234 0.080078 0.199219
14 0.337891 0.369792 0.058594 0.138021
14 0.286621 0.391276 0.061523 0.147135
14 0.183105 0.420573 0.063477 0.171875
14 0.142090 0.456380 0.059570 0.149740