0 0.908203 0.145182 0.039063 0.079427
0 0.929199 0.226563 0.047852 0.098958
0 0.876465 0.167969 0.043945 0.078125
0 0.903809 0.250651 0.045898 0.079427
0 0.879395 0.283854 0.047852 0.091146
0 0.850098 0.186849 0.047852 0.092448
0 0.727051 0.051432 0.047852 0.092448
0 0.784668 0.216146 0.045898 0.088542
0 0.782227 0.312500 0.052734 0.109375
0 0.750977 0.328776 0.048828 0.092448
0 0.717773 0.345703 0.044922 0.084635
0 0.727539 0.251302 0.042969 0.080729
0 0.698242 0.268880 0.046875 0.087240
0 0.664551 0.281250 0.045898 0.078125
0 0.660645 0.377604 0.041992 0.083333
0 0.127441 0.936198 0.047852 0.083333
0 0.152344 0.914063 0.046875 0.093750
0 0.188477 0.901693 0.041016 0.082031
0 0.217773 0.878906 0.042969 0.091146
0 0.249023 0.863281 0.046875 0.088542
0 0.306152 0.839844 0.038086 0.065104
0 0.359863 0.820313 0.038086 0.070313
0 0.611816 0.641927 0.043945 0.080729
0 0.580078 0.652344 0.042969 0.091146
0 0.551758 0.671875 0.046875 0.093750
0 0.520996 0.684896 0.049805 0.085938
0 0.061035 0.473307 0.040039 0.089844
10 0.033203 0.289714 0.044922 0.113281
0 0.093262 0.302734 0.049805 0.092448
0 0.126953 0.403646 0.048828 0.085938
0 0.292969 0.029948 0.068359 0.059896
0 0.299805 0.067708 0.056641 0.059896
0 0.311523 0.109375 0.064453 0.067708
0 0.321777 0.149740 0.059570 0.059896
0 0.338379 0.186849 0.065430 0.069010
0 0.351074 0.225260 0.065430 0.067708
0 0.575195 0.134766 0.046875 0.084635
0 0.393066 0.344401 0.067383 0.066406
0 0.402832 0.384115 0.065430 0.067708
0 0.415527 0.421875 0.065430 0.070313
0 0.424805 0.468099 0.066406 0.063802
0 0.541504 0.348958 0.045898 0.088542
0 0.563965 0.425781 0.045898 0.091146
0 0.597168 0.412109 0.045898 0.089844
0 0.572754 0.329427 0.041992 0.093750
0 0.604980 0.311849 0.047852 0.095052