0 0.051270 0.174479 0.032227 0.085938
0 0.061035 0.270833 0.032227 0.075521
0 0.070313 0.375000 0.035156 0.091146
0 0.077148 0.472005 0.039063 0.092448
0 0.176270 0.508464 0.061523 0.074219
0 0.187500 0.561198 0.060547 0.075521
0 0.186035 0.629557 0.053711 0.071615
0 0.208496 0.673828 0.057617 0.082031
0 0.210938 0.738932 0.062500 0.074219
0 0.407715 0.803385 0.045898 0.091146
0 0.707031 0.944661 0.044922 0.087240
0 0.740234 0.925781 0.046875 0.098958
0 0.772949 0.906250 0.047852 0.091146
0 0.829102 0.887370 0.041016 0.087240
0 0.589355 0.703125 0.043945 0.085938
0 0.619141 0.679036 0.050781 0.092448
0 0.647949 0.671224 0.045898 0.087240
0 0.681641 0.649089 0.050781 0.092448
0 0.770996 0.596354 0.049805 0.091146
0 0.830566 0.566406 0.045898 0.085938
0 0.860840 0.552083 0.045898 0.085938
0 0.916504 0.513672 0.045898 0.087240
0 0.948242 0.494792 0.039063 0.075521
0 0.867676 0.326823 0.043945 0.085938
0 0.837402 0.343099 0.045898 0.084635
0 0.745605 0.395182 0.043945 0.079427
0 0.623535 0.457682 0.047852 0.089844
0 0.593262 0.477214 0.049805 0.089844
2 0.526367 0.357422 0.052734 0.087240
0 0.500488 0.318359 0.057617 0.082031
0 0.493652 0.242188 0.051758 0.091146
0 0.463867 0.214193 0.054688 0.076823