0 0.792969 0.035156 0.060547 0.057292
0 0.742676 0.057943 0.055664 0.053385
0 0.673340 0.102214 0.073242 0.076823
0 0.599121 0.139323 0.067383 0.067708
0 0.515625 0.190104 0.068359 0.070313
0 0.440918 0.229167 0.067383 0.070313
0 0.379883 0.266927 0.068359 0.062500
0 0.316406 0.301432 0.070313 0.069010
0 0.843262 0.133464 0.079102 0.079427
0 0.771973 0.177734 0.065430 0.069010
0 0.710938 0.209635 0.062500 0.067708
0 0.639648 0.246745 0.076172 0.074219
0 0.568848 0.284505 0.077148 0.069010
0 0.500000 0.318359 0.064453 0.063802
0 0.433105 0.360026 0.065430 0.066406
0 0.345703 0.408854 0.066406 0.072917
0 0.031738 0.271484 0.059570 0.058594
0 0.047363 0.311849 0.061523 0.058594
0 0.059570 0.352214 0.062500 0.058594
0 0.071289 0.395833 0.064453 0.067708
0 0.082031 0.445313 0.068359 0.067708
0 0.100586 0.539063 0.074219 0.072917
0 0.123047 0.625651 0.076172 0.066406
0 0.129883 0.675781 0.078125 0.062500
0 0.143066 0.718099 0.067383 0.061198
0 0.147461 0.763672 0.072266 0.063802
2 0.163086 0.807292 0.085938 0.072917
0 0.170410 0.854818 0.071289 0.066406
0 0.185547 0.901042 0.066406 0.065104
0 0.197266 0.950521 0.068359 0.065104