0 0.377441 0.169271 0.043945 0.088542
0 0.225098 0.254557 0.047852 0.100260
0 0.403809 0.253255 0.040039 0.084635
0 0.249023 0.345703 0.042969 0.095052
0 0.417480 0.335286 0.043945 0.082031
0 0.272461 0.442708 0.046875 0.091146
0 0.292480 0.525391 0.045898 0.089844
0 0.446289 0.421224 0.041016 0.076823
0 0.317383 0.610026 0.041016 0.076823
2 0.343262 0.697266 0.045898 0.089844
0 0.366211 0.781250 0.039063 0.091146
0 0.391602 0.868490 0.046875 0.096354
0 0.470215 0.510417 0.045898 0.096354
2 0.493164 0.601563 0.050781 0.091146
0 0.515625 0.682292 0.041016 0.088542