0 0.043945 0.182292 0.072266 0.075521
0 0.038574 0.366536 0.045898 0.089844
0 0.069336 0.352214 0.046875 0.092448
0 0.100586 0.336589 0.041016 0.079427
0 0.286621 0.324219 0.073242 0.065104
0 0.416992 0.148438 0.078125 0.072917
0 0.428711 0.188802 0.074219 0.067708
0 0.437988 0.229818 0.069336 0.071615
0 0.459961 0.318359 0.062500 0.063802
0 0.513672 0.486979 0.068359 0.067708
0 0.522461 0.528646 0.070313 0.065104
0 0.535645 0.569661 0.063477 0.063802
0 0.542969 0.610677 0.072266 0.065104
0 0.554688 0.652344 0.070313 0.072917
0 0.568359 0.695964 0.068359 0.066406
0 0.610352 0.818359 0.072266 0.063802
0 0.624023 0.858724 0.070313 0.069010
0 0.790527 0.823568 0.065430 0.055990
0 0.742188 0.658854 0.082031 0.075521
0 0.721680 0.572917 0.074219 0.067708
0 0.692871 0.488281 0.069336 0.070313
0 0.688965 0.440104 0.061523 0.057292
0 0.672363 0.398438 0.065430 0.065104