0 0.405762 0.070964 0.043945 0.105469
0 0.292480 0.123047 0.041992 0.082031
0 0.311035 0.201823 0.043945 0.106771
0 0.425293 0.174479 0.043945 0.096354
0 0.340332 0.351563 0.038086 0.083333
0 0.354004 0.436198 0.043945 0.104167
0 0.444336 0.281250 0.041016 0.093750
0 0.463379 0.375000 0.038086 0.088542
0 0.476563 0.470703 0.041016 0.092448
2 0.374023 0.566406 0.046875 0.098958
0 0.395508 0.675781 0.042969 0.098958
0 0.505371 0.625000 0.040039 0.080729
0 0.513672 0.704427 0.054688 0.067708
0 0.538574 0.801432 0.041992 0.100260
0 0.429199 0.861979 0.041992 0.088542