0 0.202637 0.069661 0.071289 0.071615
0 0.226563 0.250651 0.064453 0.058594
0 0.248535 0.341797 0.069336 0.066406
0 0.396484 0.281901 0.046875 0.100260
0 0.418457 0.376953 0.040039 0.092448
0 0.436035 0.481771 0.043945 0.098958
0 0.297363 0.583984 0.065430 0.055990
0 0.308105 0.636068 0.071289 0.063802
0 0.320313 0.676432 0.062500 0.061198
0 0.335449 0.718750 0.075195 0.070313
0 0.339844 0.761719 0.066406 0.065104
0 0.351563 0.810547 0.064453 0.058594
0 0.355469 0.854818 0.060547 0.055990
0 0.370117 0.898438 0.058594 0.057292