0 0.958984 0.079427 0.048828 0.096354
0 0.978516 0.176432 0.042969 0.092448
0 0.785156 0.050130 0.068359 0.061198
0 0.805176 0.143229 0.069336 0.065104
0 0.853516 0.385417 0.068359 0.057292
0 0.865723 0.434245 0.069336 0.063802
0 0.876465 0.478516 0.063477 0.063802
0 0.893555 0.520833 0.074219 0.067708
0 0.897461 0.565104 0.070313 0.059896
0 0.910156 0.609375 0.066406 0.062500
0 0.916016 0.652995 0.060547 0.053385
0 0.929688 0.696615 0.062500 0.059896
0 0.250977 0.059245 0.042969 0.092448
0 0.182129 0.324219 0.040039 0.091146
0 0.213867 0.434245 0.042969 0.087240
0 0.268555 0.475260 0.044922 0.088542
0 0.273926 0.162760 0.047852 0.098958
0 0.304199 0.270182 0.045898 0.097656
0 0.331055 0.384115 0.044922 0.091146
0 0.358887 0.496745 0.045898 0.095052
0 0.385254 0.595703 0.041992 0.084635
0 0.407227 0.680990 0.042969 0.083333
0 0.429688 0.770833 0.044922 0.078125
0 0.454102 0.863932 0.044922 0.092448
0 0.474121 0.955729 0.049805 0.088542