2 0.073730 0.087240 0.084961 0.101563
2 0.091797 0.149089 0.070313 0.087240
0 0.128418 0.272786 0.069336 0.071615
0 0.148926 0.320313 0.073242 0.080729
0 0.162109 0.389323 0.066406 0.072917
0 0.212402 0.537109 0.059570 0.079427
0 0.244141 0.910807 0.046875 0.084635
0 0.222656 0.595052 0.078125 0.085938
0 0.243652 0.646484 0.055664 0.066406
0 0.286133 0.763021 0.078125 0.088542
0 0.637207 0.828776 0.075195 0.074219
0 0.346191 0.411458 0.069336 0.085938
0 0.372070 0.469401 0.064453 0.074219
0 0.400879 0.533854 0.077148 0.091146
0 0.419434 0.581380 0.071289 0.084635
0 0.457520 0.662760 0.081055 0.072917
0 0.939453 0.460286 0.087891 0.071615
2 0.854980 0.533854 0.092773 0.067708