0 0.447266 0.044922 0.060547 0.079427
0 0.069824 0.606771 0.061523 0.091146
0 0.172363 0.591146 0.069336 0.093750
0 0.197266 0.625000 0.064453 0.093750
0 0.212891 0.800130 0.068359 0.089844
0 0.242188 0.834635 0.064453 0.096354
0 0.271973 0.863281 0.061523 0.085938
2 0.811035 0.449870 0.063477 0.095052
0 0.872070 0.340495 0.062500 0.084635
0 0.729004 0.333333 0.067383 0.093750
0 0.672363 0.270833 0.071289 0.098958
10 0.700684 0.145833 0.069336 0.091146
0 0.623047 0.212240 0.068359 0.091146
0 0.645020 0.098958 0.065430 0.093750