2 0.696289 0.122396 0.083984 0.158854
2 0.626953 0.192708 0.101563 0.166667
2 0.573730 0.238932 0.094727 0.165365
2 0.524414 0.300130 0.095703 0.173177
2 0.410645 0.386719 0.100586 0.166667
2 0.356445 0.437500 0.105469 0.179688
2 0.239258 0.539714 0.113281 0.173177
2 0.179199 0.586589 0.104492 0.173177
2 0.123047 0.656250 0.134766 0.216146
0 0.856445 0.473958 0.097656 0.119792
0 0.894531 0.534505 0.109375 0.141927
0 0.926270 0.600911 0.114258 0.131510
0 0.734863 0.940755 0.114258 0.118490
0 0.272461 0.909505 0.123047 0.134115
0 0.571289 0.587240 0.103516 0.119792
0 0.472656 0.683594 0.123047 0.143229
0 0.603027 0.651042 0.116211 0.127604
0 0.496582 0.745443 0.110352 0.136719
0 0.630371 0.724609 0.116211 0.123698
2 0.763672 0.679688 0.103516 0.166667
0 0.523438 0.822917 0.103516 0.119792
0 0.669434 0.802083 0.098633 0.117188
0 0.557129 0.891276 0.116211 0.141927
0 0.700195 0.871745 0.123047 0.134115
0 0.586914 0.949870 0.121094 0.100260