0 0.907227 0.376302 0.123047 0.132813
2 0.736328 0.890625 0.130859 0.145833
2 0.669434 0.765625 0.141602 0.151042
2 0.630859 0.686198 0.132813 0.143229
0 0.559082 0.814453 0.092773 0.141927
0 0.498535 0.858724 0.096680 0.165365
0 0.444336 0.899740 0.105469 0.164063
2 0.482910 0.237630 0.110352 0.178385
2 0.435059 0.316406 0.110352 0.184896
0 0.391113 0.117839 0.120117 0.147135
0 0.242676 0.170573 0.112305 0.127604
0 0.281250 0.231771 0.103516 0.122396
0 0.309570 0.300781 0.105469 0.132813
0 0.344727 0.372396 0.115234 0.132813
0 0.374023 0.438151 0.101563 0.126302
0 0.417969 0.504557 0.119141 0.139323
2 0.052246 0.491536 0.104492 0.134115
0 0.078613 0.568359 0.110352 0.131510
0 0.117188 0.631510 0.123047 0.140625
0 0.151855 0.696615 0.127930 0.138021
0 0.167480 0.773438 0.127930 0.135417
0 0.062500 0.870443 0.113281 0.144531