0 0.655762 0.162109 0.073242 0.178385
0 0.584473 0.229818 0.071289 0.175781
0 0.508789 0.291016 0.068359 0.186198
0 0.437012 0.363932 0.071289 0.173177
0 0.363281 0.429036 0.078125 0.180990
0 0.278809 0.491536 0.067383 0.178385
0 0.210938 0.557943 0.070313 0.183594
0 0.134766 0.620443 0.072266 0.188802
0 0.062988 0.674479 0.071289 0.187500
0 0.809082 0.356120 0.098633 0.165365
2 0.509766 0.855469 0.105469 0.166667
10 0.447754 0.915365 0.112305 0.169271
0 0.758301 0.402995 0.096680 0.152344
0 0.705566 0.449219 0.092773 0.164063
0 0.647949 0.499349 0.094727 0.152344
0 0.597168 0.545573 0.094727 0.143229
0 0.486816 0.639323 0.096680 0.164063
0 0.428711 0.686849 0.087891 0.141927
0 0.378906 0.729167 0.093750 0.135417
0 0.325684 0.780599 0.096680 0.152344
0 0.272949 0.823568 0.096680 0.160156
0 0.221191 0.867839 0.098633 0.162760
0 0.163086 0.912760 0.099609 0.148438