0 0.600586 0.060547 0.089844 0.076823
0 0.318848 0.087240 0.081055 0.070313
0 0.331055 0.151693 0.105469 0.079427
0 0.612305 0.132813 0.103516 0.075521
0 0.627441 0.196615 0.092773 0.072917
0 0.636230 0.264974 0.090820 0.079427
0 0.663086 0.455729 0.105469 0.083333
0 0.671387 0.520182 0.096680 0.082031
0 0.352539 0.293620 0.080078 0.058594
2 0.466797 0.339193 0.109375 0.087240
0 0.481934 0.404948 0.108398 0.078125
0 0.357910 0.354818 0.092773 0.071615
2 0.379883 0.417318 0.105469 0.082031
0 0.395996 0.486328 0.088867 0.069010
2 0.394531 0.548828 0.103516 0.076823
2 0.406250 0.631510 0.138672 0.096354
0 0.686523 0.770833 0.062500 0.138021
10 0.638184 0.768229 0.061523 0.153646
0 0.593750 0.792318 0.052734 0.128906
0 0.546875 0.809245 0.062500 0.128906
0 0.498047 0.821615 0.068359 0.132813
10 0.543457 0.688802 0.112305 0.088542
2 0.425781 0.707031 0.132813 0.096354