2 0.970215 0.470703 0.059570 0.149740
2 0.921875 0.445964 0.072266 0.170573
2 0.865234 0.435547 0.074219 0.178385
2 0.815918 0.421224 0.067383 0.175781
2 0.647949 0.382161 0.077148 0.180990
2 0.595215 0.354167 0.067383 0.184896
2 0.540527 0.341146 0.063477 0.171875
2 0.687012 0.754557 0.069336 0.162760
1 0.606445 0.757813 0.087891 0.205729
0 0.607910 0.931641 0.061523 0.126302
0 0.330078 0.222005 0.062500 0.157552
0 0.348145 0.386068 0.063477 0.152344
0 0.255371 0.123047 0.071289 0.152344
0 0.275879 0.266927 0.065430 0.148438
0 0.184082 0.317057 0.071289 0.149740
0 0.129883 0.340495 0.070313 0.154948