10 0.148438 0.072917 0.115234 0.065104
10 0.046875 0.151693 0.091797 0.162760
0 0.195801 0.130208 0.092773 0.067708
2 0.259766 0.180990 0.097656 0.075521
10 0.312012 0.246094 0.104492 0.062500
0 0.207031 0.304688 0.085938 0.125000
2 0.239258 0.342448 0.074219 0.114583
10 0.282715 0.389323 0.088867 0.135417
0 0.371582 0.309245 0.098633 0.061198
0 0.443848 0.367839 0.112305 0.071615
2 0.324219 0.424479 0.089844 0.127604
2 0.404785 0.506510 0.084961 0.135417
2 0.437012 0.552734 0.098633 0.131510
2 0.519531 0.627604 0.087891 0.119792
2 0.596191 0.720703 0.098633 0.126302
2 0.640137 0.758464 0.086914 0.121094
0 0.721680 0.839844 0.083984 0.117188
0 0.757813 0.883464 0.083984 0.121094
2 0.771484 0.721354 0.095703 0.067708
2 0.801270 0.653646 0.110352 0.062500
2 0.653809 0.600911 0.098633 0.069010
2 0.600098 0.544271 0.094727 0.067708
2 0.567383 0.481120 0.111328 0.079427
2 0.495117 0.432943 0.103516 0.079427