0 0.285156 0.326823 0.080078 0.109375
0 0.746094 0.186849 0.085938 0.108073
0 0.709961 0.227865 0.082031 0.098958
0 0.678223 0.283203 0.098633 0.123698
0 0.645020 0.332682 0.077148 0.108073
0 0.610840 0.378255 0.096680 0.113281
0 0.583008 0.433594 0.097656 0.117188
0 0.510254 0.531250 0.092773 0.106771
0 0.555664 0.671875 0.091797 0.114583
0 0.522949 0.723307 0.086914 0.100260
0 0.382324 0.718750 0.088867 0.114583
0 0.348145 0.768880 0.090820 0.108073
0 0.313477 0.811849 0.083984 0.100260
0 0.293457 0.878906 0.106445 0.135417