2 0.959473 0.077474 0.081055 0.134115
2 0.933594 0.145833 0.126953 0.171875
2 0.888184 0.207682 0.135742 0.167969
2 0.835938 0.259766 0.101563 0.134115
0 0.790527 0.298177 0.090820 0.117188
2 0.710938 0.789714 0.152344 0.084635
2 0.453125 0.723958 0.111328 0.190104
2 0.296875 0.698568 0.109375 0.191406
2 0.255859 0.634115 0.097656 0.156250
2 0.207031 0.599609 0.113281 0.167969
2 0.162109 0.541667 0.123047 0.174479
2 0.118652 0.481771 0.125977 0.174479
0 0.591309 0.171224 0.081055 0.123698
0 0.549316 0.123698 0.077148 0.104167