0 0.918457 0.457031 0.083008 0.104167
0 0.860352 0.546224 0.087891 0.105469
0 0.629883 0.880208 0.070313 0.088542
0 0.601563 0.930339 0.078125 0.095052
0 0.728027 0.520182 0.071289 0.115885
0 0.821289 0.131510 0.070313 0.104167
0 0.783691 0.095703 0.067383 0.087240
0 0.680176 0.153646 0.073242 0.091146
0 0.721680 0.358724 0.083984 0.110677
0 0.679688 0.320964 0.064453 0.089844
0 0.569824 0.516276 0.083008 0.097656
0 0.595215 0.367839 0.071289 0.102865
0 0.519043 0.646484 0.071289 0.105469
0 0.444336 0.742839 0.072266 0.108073
0 0.409668 0.707031 0.075195 0.114583
0 0.479004 0.613932 0.084961 0.110677
0 0.450195 0.570313 0.078125 0.109375
0 0.419434 0.529297 0.081055 0.110677
0 0.316406 0.575521 0.074219 0.093750
0 0.369629 0.456380 0.084961 0.087240
0 0.318848 0.412760 0.073242 0.093750
0 0.292969 0.360677 0.068359 0.093750
0 0.238281 0.854167 0.076172 0.098958
0 0.300293 0.938151 0.065430 0.084635
0 0.213379 0.805339 0.069336 0.092448
0 0.154297 0.723958 0.074219 0.111979
0 0.126465 0.682292 0.073242 0.104167
0 0.094727 0.643229 0.072266 0.091146
0 0.217773 0.294271 0.076172 0.101563
0 0.127930 0.339844 0.083984 0.109375
0 0.157715 0.384766 0.071289 0.105469
0 0.189453 0.413411 0.076172 0.100260
0 0.338379 0.054688 0.084961 0.109375
0 0.432617 0.171875 0.082031 0.106771
0 0.496582 0.080078 0.075195 0.097656
0 0.551270 0.162760 0.071289 0.098958
0 0.493652 0.251953 0.073242 0.092448
0 0.579102 0.213542 0.072266 0.098958
0 0.560547 0.328125 0.066406 0.093750
0 0.862793 0.785156 0.096680 0.070313
0 0.760254 0.044922 0.071289 0.089844
0 0.522949 0.290365 0.073242 0.098958
0 0.354980 0.618490 0.069336 0.101563
0 0.713379 0.716146 0.102539 0.054688