0 0.817871 0.078125 0.090820 0.093750
0 0.116699 0.693359 0.077148 0.087240
0 0.065430 0.645833 0.087891 0.101563
0 0.169922 0.319661 0.074219 0.108073
0 0.343262 0.106771 0.090820 0.083333
0 0.541016 0.126953 0.070313 0.058594
0 0.539551 0.235026 0.100586 0.069010
0 0.772461 0.325521 0.041016 0.114583
0 0.821289 0.561849 0.068359 0.121094
0 0.789551 0.798828 0.077148 0.108073
0 0.845215 0.764323 0.071289 0.106771
0 0.695313 0.492839 0.066406 0.102865
0 0.650879 0.544922 0.069336 0.102865
0 0.597656 0.611979 0.072266 0.114583
2 0.759766 0.608724 0.076172 0.110677
0 0.715332 0.676432 0.073242 0.110677
0 0.423340 0.756510 0.071289 0.104167