10 0.497559 0.168620 0.090820 0.123698
0 0.189941 0.611979 0.083008 0.101563
0 0.162598 0.665365 0.084961 0.111979
4 0.732422 0.152344 0.123047 0.192708
4 0.632324 0.323568 0.124023 0.201823
0 0.655273 0.404948 0.076172 0.109375
0 0.728027 0.305990 0.069336 0.104167
0 0.906250 0.406901 0.070313 0.102865
0 0.827637 0.371094 0.071289 0.109375
0 0.755371 0.369792 0.071289 0.101563
0 0.749023 0.506510 0.074219 0.111979
0 0.681152 0.491536 0.069336 0.102865
0 0.537109 0.518880 0.076172 0.110677
0 0.588379 0.529297 0.067383 0.108073
0 0.609375 0.619141 0.074219 0.110677
0 0.684570 0.625651 0.074219 0.102865
0 0.524414 0.639323 0.070313 0.098958
0 0.450195 0.654948 0.072266 0.098958
2 0.602539 0.767578 0.089844 0.136719
0 0.553223 0.729167 0.079102 0.104167
0 0.453125 0.763021 0.074219 0.109375
0 0.369629 0.792318 0.073242 0.115885
0 0.243652 0.893880 0.073242 0.102865
0 0.390625 0.877604 0.068359 0.096354
0 0.467285 0.874349 0.073242 0.110677
0 0.533691 0.897135 0.071289 0.098958