0 0.926758 0.052734 0.091797 0.089844
0 0.851563 0.460938 0.074219 0.078125
0 0.765137 0.443359 0.084961 0.089844
0 0.744141 0.685547 0.080078 0.082031
0 0.650391 0.669922 0.087891 0.087240
0 0.699219 0.782552 0.087891 0.093750
0 0.641602 0.900391 0.076172 0.084635
0 0.649414 0.207031 0.083984 0.083333
0 0.617676 0.251302 0.084961 0.093750
0 0.500977 0.473958 0.085938 0.088542
0 0.490723 0.524089 0.084961 0.092448
0 0.375977 0.546224 0.080078 0.082031
0 0.407227 0.505208 0.074219 0.080729
0 0.444824 0.613281 0.069336 0.083333
0 0.432129 0.417318 0.077148 0.082031
0 0.506348 0.276693 0.069336 0.069010
0 0.329102 0.132813 0.083984 0.083333
0 0.270508 0.204427 0.072266 0.078125
0 0.223145 0.294271 0.084961 0.088542
0 0.177246 0.373047 0.077148 0.076823
0 0.154297 0.427734 0.083984 0.089844
0 0.123047 0.475911 0.072266 0.074219
0 0.422852 0.680990 0.072266 0.083333