0 0.686035 0.045573 0.079102 0.091146
0 0.763672 0.048828 0.070313 0.097656
0 0.691406 0.153646 0.072266 0.111979
0 0.621582 0.141276 0.077148 0.100260
0 0.628418 0.259766 0.077148 0.100260
0 0.566895 0.233073 0.063477 0.088542
0 0.556641 0.370443 0.076172 0.105469
0 0.482910 0.473307 0.063477 0.089844
0 0.399414 0.588542 0.070313 0.093750
4 0.429199 0.419271 0.166992 0.244792
0 0.289551 0.635417 0.067383 0.091146
2 0.217285 0.842448 0.077148 0.104167
0 0.181152 0.789714 0.077148 0.102865
0 0.094727 0.901042 0.068359 0.093750
0 0.155273 0.936198 0.072266 0.091146