2 0.527832 0.085286 0.053711 0.113281
0 0.509277 0.192057 0.045898 0.105469
0 0.408203 0.098958 0.042969 0.091146
0 0.392578 0.201172 0.044922 0.105469
0 0.493652 0.291667 0.049805 0.109375
0 0.370117 0.325521 0.044922 0.114583
0 0.351074 0.432292 0.047852 0.106771
0 0.333984 0.542969 0.046875 0.114583
2 0.320313 0.648438 0.048828 0.106771
2 0.297852 0.761719 0.050781 0.111979
0 0.277344 0.884766 0.052734 0.115885
0 0.406250 0.810547 0.048828 0.102865
0 0.389160 0.914063 0.043945 0.088542
0 0.935547 0.093750 0.080078 0.088542