0 0.413574 0.136719 0.049805 0.109375
2 0.396973 0.246094 0.047852 0.109375
0 0.279297 0.227865 0.048828 0.104167
0 0.379883 0.367188 0.048828 0.096354
0 0.266113 0.337891 0.045898 0.110677
2 0.236816 0.466797 0.045898 0.108073
0 0.219727 0.586589 0.048828 0.102865
0 0.206543 0.684896 0.049805 0.101563
0 0.189453 0.773438 0.048828 0.096354
0 0.325684 0.695964 0.040039 0.092448
0 0.306641 0.809245 0.044922 0.102865
0 0.169434 0.884766 0.043945 0.102865
0 0.357422 0.485026 0.048828 0.084635
0 0.299316 0.121094 0.049805 0.111979