0 0.086426 0.192708 0.034180 0.088542
0 0.094727 0.292318 0.035156 0.076823
0 0.104004 0.394531 0.036133 0.096354
0 0.112793 0.494141 0.038086 0.095052
0 0.211426 0.527995 0.055664 0.076823
0 0.221191 0.580729 0.061523 0.080729
0 0.222168 0.651042 0.057617 0.072917
0 0.243164 0.692708 0.056641 0.083333
0 0.245605 0.759115 0.067383 0.072917
0 0.446289 0.826823 0.042969 0.088542
0 0.500000 0.238932 0.052734 0.079427
0 0.529297 0.263021 0.050781 0.088542
0 0.539063 0.339844 0.056641 0.085938
2 0.564941 0.379557 0.053711 0.084635
0 0.903809 0.347005 0.041992 0.084635
0 0.872559 0.363932 0.049805 0.087240
0 0.980957 0.518880 0.038086 0.079427
0 0.955566 0.533854 0.047852 0.088542
0 0.898926 0.573568 0.047852 0.082031
0 0.867676 0.585286 0.049805 0.084635
0 0.807129 0.621094 0.047852 0.093750
0 0.868164 0.910156 0.044922 0.083333
0 0.813477 0.928385 0.046875 0.091146
0 0.777344 0.946615 0.050781 0.096354
0 0.743652 0.962240 0.047852 0.075521
0 0.720215 0.667969 0.049805 0.096354
0 0.686035 0.692708 0.049805 0.085938
0 0.656250 0.702474 0.050781 0.087240
0 0.625000 0.727865 0.046875 0.080729
0 0.782715 0.417969 0.045898 0.078125
0 0.659180 0.479818 0.050781 0.089844
0 0.627930 0.500000 0.054688 0.088542