0 0.840820 0.254557 0.060547 0.066406
0 0.850098 0.295573 0.069336 0.065104
0 0.805176 0.450521 0.051758 0.093750
0 0.483398 0.089844 0.044922 0.083333
0 0.428711 0.110026 0.052734 0.089844
0 0.395996 0.127604 0.051758 0.096354
0 0.363281 0.149740 0.046875 0.085938
0 0.268555 0.279297 0.068359 0.069010
0 0.652832 0.300130 0.067383 0.063802
0 0.661133 0.348307 0.064453 0.066406
0 0.584473 0.465495 0.049805 0.097656
0 0.434570 0.548828 0.052734 0.092448
0 0.768066 0.558594 0.041992 0.075521
0 0.792969 0.637370 0.048828 0.100260
0 0.765625 0.663411 0.046875 0.089844
0 0.739746 0.695313 0.047852 0.091146
0 0.737793 0.582682 0.043945 0.082031
0 0.710938 0.601563 0.046875 0.093750
0 0.646484 0.630208 0.050781 0.091146
0 0.643066 0.723307 0.057617 0.105469
0 0.609863 0.740885 0.049805 0.091146
0 0.578125 0.754557 0.044922 0.089844
0 0.587891 0.660807 0.050781 0.087240
0 0.556641 0.680990 0.048828 0.085938
0 0.525391 0.692708 0.044922 0.080729
0 0.520020 0.791016 0.049805 0.089844
0 0.464355 0.723958 0.047852 0.088542
0 0.433594 0.738932 0.044922 0.095052
0 0.400391 0.759115 0.046875 0.088542
0 0.459473 0.821615 0.047852 0.091146
0 0.426270 0.835938 0.041992 0.085938
0 0.283203 0.878906 0.060547 0.059896
0 0.274902 0.832682 0.067383 0.069010
0 0.265137 0.794271 0.067383 0.072917
0 0.250488 0.753906 0.069336 0.062500
0 0.209473 0.633464 0.063477 0.063802
0 0.199219 0.597656 0.066406 0.065104
0 0.183105 0.558594 0.057617 0.059896
0 0.172363 0.520182 0.065430 0.063802
0 0.159180 0.480469 0.060547 0.059896
0 0.152344 0.438151 0.068359 0.069010
0 0.139160 0.397135 0.069336 0.067708
0 0.127930 0.354167 0.068359 0.070313