14 0.474609 0.175781 0.132813 0.091146
14 0.611816 0.625000 0.219727 0.145833
0 0.241699 0.081380 0.038086 0.082031
0 0.204590 0.080729 0.032227 0.078125
0 0.172852 0.093750 0.037109 0.088542
0 0.141113 0.104167 0.036133 0.091146
0 0.103027 0.104818 0.032227 0.095052
0 0.252930 0.280599 0.037109 0.087240
0 0.222168 0.283854 0.036133 0.083333
0 0.263184 0.370443 0.038086 0.092448
0 0.193359 0.283203 0.041016 0.092448
2 0.163086 0.289714 0.039063 0.102865
0 0.126953 0.305339 0.035156 0.089844
0 0.203125 0.376953 0.039063 0.095052
0 0.170410 0.388672 0.036133 0.092448
0 0.131836 0.393880 0.033203 0.087240
0 0.250977 0.562500 0.037109 0.085938
0 0.216309 0.564453 0.036133 0.087240
0 0.183105 0.570313 0.032227 0.088542
0 0.150879 0.583333 0.038086 0.088542
2 0.254395 0.638021 0.032227 0.088542
0 0.221191 0.656901 0.036133 0.095052
0 0.186035 0.669271 0.032227 0.088542
0 0.156250 0.666016 0.037109 0.076823
0 0.267090 0.845703 0.040039 0.095052
0 0.234375 0.854818 0.035156 0.089844
0 0.206543 0.856120 0.038086 0.095052
0 0.178223 0.868490 0.032227 0.083333