0 0.884766 0.222656 0.076172 0.067708
0 0.898926 0.274089 0.075195 0.079427
0 0.940430 0.403646 0.083984 0.065104
0 0.711914 0.314453 0.048828 0.092448
0 0.683105 0.221354 0.057617 0.109375
0 0.851563 0.884766 0.048828 0.089844
0 0.607422 0.757813 0.056641 0.091146
0 0.576172 0.667969 0.058594 0.106771
0 0.574707 0.780599 0.055664 0.100260
0 0.435059 0.744141 0.055664 0.102865
0 0.263672 0.847005 0.052734 0.105469
0 0.195313 0.892578 0.062500 0.110677
0 0.188965 0.623047 0.057617 0.110677
0 0.122559 0.665365 0.057617 0.098958
0 0.086914 0.303385 0.048828 0.091146
0 0.370117 0.408203 0.052734 0.100260
0 0.266602 0.468750 0.058594 0.101563
0 0.479004 0.092448 0.067383 0.104167
0 0.580078 0.284505 0.056641 0.102865
0 0.547363 0.304036 0.055664 0.097656
0 0.023926 0.604167 0.047852 0.093750