0 0.317383 0.085286 0.078125 0.079427
2 0.889648 0.136719 0.083984 0.083333
2 0.905273 0.190104 0.085938 0.083333
0 0.693848 0.156901 0.053711 0.102865
0 0.622559 0.203125 0.057617 0.109375
0 0.800293 0.359375 0.051758 0.114583
0 0.840332 0.478516 0.057617 0.108073
0 0.800781 0.484375 0.056641 0.109375
0 0.729492 0.401042 0.056641 0.106771
0 0.697266 0.414063 0.054688 0.106771
0 0.654785 0.432943 0.053711 0.105469
0 0.621094 0.461589 0.058594 0.108073
0 0.587402 0.476563 0.053711 0.106771
0 0.765137 0.513672 0.061523 0.102865
0 0.729980 0.531901 0.051758 0.102865
0 0.692383 0.555339 0.054688 0.105469
0 0.657227 0.569661 0.054688 0.102865
0 0.617676 0.588542 0.055664 0.098958
0 0.918457 0.703125 0.055664 0.111979
2 0.876953 0.735026 0.046875 0.084635
0 0.836914 0.744792 0.052734 0.106771
0 0.803711 0.766927 0.054688 0.106771
0 0.768066 0.785807 0.053711 0.108073
0 0.733398 0.809896 0.050781 0.101563
0 0.696289 0.829427 0.052734 0.106771
0 0.121582 0.199219 0.067383 0.075521