1 0.907227 0.845703 0.115234 0.115885
1 0.880371 0.774089 0.116211 0.123698
0 0.640137 0.042318 0.065430 0.069010
0 0.552246 0.117188 0.075195 0.083333
0 0.263184 0.345703 0.071289 0.074219
0 0.182129 0.406901 0.075195 0.084635
0 0.113281 0.462891 0.062500 0.069010
0 0.050293 0.517578 0.059570 0.066406
0 0.690918 0.188802 0.077148 0.085938
0 0.779297 0.179688 0.072266 0.083333
0 0.732910 0.274089 0.071289 0.079427
0 0.757324 0.313802 0.065430 0.075521
0 0.840332 0.304688 0.075195 0.085938
0 0.539551 0.304688 0.071289 0.080729
0 0.471191 0.359375 0.067383 0.072917
0 0.497070 0.402344 0.074219 0.078125
0 0.558594 0.354818 0.068359 0.082031
0 0.576660 0.394531 0.065430 0.075521
0 0.601074 0.437500 0.067383 0.080729
0 0.613770 0.481120 0.065430 0.063802
0 0.538574 0.488281 0.073242 0.083333
0 0.555664 0.526693 0.070313 0.076823
0 0.326660 0.488281 0.069336 0.075521
0 0.266113 0.535807 0.061523 0.069010
0 0.347168 0.522786 0.063477 0.069010
0 0.365234 0.565104 0.064453 0.072917
0 0.301758 0.621745 0.064453 0.076823
0 0.381348 0.611979 0.065430 0.072917
0 0.323730 0.660156 0.061523 0.072917
0 0.397461 0.651693 0.058594 0.071615
0 0.334473 0.710286 0.053711 0.066406
0 0.419922 0.697266 0.072266 0.076823
0 0.171875 0.776042 0.058594 0.070313
0 0.151855 0.733724 0.067383 0.084635
0 0.136230 0.698568 0.067383 0.079427
0 0.051270 0.707682 0.067383 0.061198
0 0.072266 0.750651 0.078125 0.087240