0 0.831543 0.149740 0.079102 0.080729
0 0.508789 0.173828 0.091797 0.097656
0 0.413574 0.246745 0.075195 0.079427
0 0.298828 0.341797 0.091797 0.108073
0 0.475098 0.428385 0.096680 0.104167
0 0.580078 0.424479 0.091797 0.098958
0 0.528320 0.541667 0.087891 0.093750
0 0.559570 0.589193 0.080078 0.095052
0 0.662109 0.578776 0.085938 0.105469
0 0.200684 0.648438 0.088867 0.096354
0 0.233887 0.705078 0.088867 0.097656
0 0.047363 0.848958 0.084961 0.096354
0 0.071777 0.904948 0.079102 0.088542
0 0.290527 0.578125 0.086914 0.098958
0 0.313477 0.636719 0.091797 0.104167
0 0.337402 0.687500 0.084961 0.096354
0 0.359375 0.740234 0.087891 0.100260
0 0.380859 0.795573 0.074219 0.080729
0 0.287109 0.811849 0.085938 0.097656
0 0.308594 0.858724 0.080078 0.084635
0 0.334961 0.911458 0.066406 0.080729