0 0.944336 0.107422 0.070313 0.110677
0 0.907227 0.128906 0.058594 0.101563
0 0.680176 0.337891 0.065430 0.110677
0 0.914551 0.449219 0.061523 0.101563
0 0.847168 0.503255 0.063477 0.100260
0 0.783203 0.570313 0.062500 0.111979
0 0.604980 0.379557 0.053711 0.100260
0 0.534668 0.425130 0.061523 0.097656
0 0.466797 0.481771 0.064453 0.109375
0 0.402832 0.542318 0.059570 0.105469
0 0.549805 0.730469 0.083984 0.088542
0 0.191406 0.703776 0.058594 0.095052
0 0.123047 0.760417 0.062500 0.104167
0 0.052734 0.805339 0.062500 0.100260
0 0.708008 0.608073 0.056641 0.096354