1 0.526367 0.087240 0.125000 0.101563
0 0.055176 0.445313 0.047852 0.104167
0 0.130859 0.477214 0.041016 0.097656
0 0.177246 0.505208 0.043945 0.104167
0 0.218262 0.534505 0.041992 0.100260
0 0.259277 0.550130 0.041992 0.100260
0 0.303711 0.583333 0.044922 0.104167
0 0.583984 0.928385 0.058594 0.091146
0 0.739746 0.723307 0.079102 0.084635
0 0.779297 0.750000 0.072266 0.075521
2 0.832031 0.769531 0.070313 0.075521
0 0.879883 0.785807 0.072266 0.079427
0 0.920410 0.828776 0.067383 0.071615
0 0.585938 0.215495 0.044922 0.102865
0 0.545898 0.203776 0.042969 0.102865
0 0.467285 0.177734 0.045898 0.100260