1 0.590332 0.297526 0.192383 0.180990
1 0.702637 0.382161 0.127930 0.160156
0 0.038086 0.183594 0.076172 0.088542
0 0.061523 0.233724 0.085938 0.089844
0 0.079102 0.285156 0.080078 0.085938
0 0.106445 0.329427 0.089844 0.098958
0 0.118652 0.379557 0.081055 0.089844
0 0.142578 0.424479 0.078125 0.083333
0 0.163086 0.472656 0.076172 0.088542
0 0.207520 0.566406 0.090820 0.098958
0 0.245117 0.662760 0.076172 0.083333
0 0.317871 0.798828 0.079102 0.079427
0 0.339844 0.861328 0.072266 0.079427
0 0.364746 0.913411 0.084961 0.089844