2 0.782715 0.235677 0.114258 0.067708
1 0.559082 0.761719 0.061523 0.257813
1 0.500000 0.753906 0.068359 0.260417
1 0.338867 0.751953 0.064453 0.253906
1 0.229980 0.505859 0.059570 0.246094
1 0.283691 0.506510 0.061523 0.242188
1 0.336914 0.502604 0.064453 0.231771
1 0.391113 0.508464 0.063477 0.235677
1 0.443848 0.508464 0.061523 0.238281
1 0.499512 0.496094 0.063477 0.229167
1 0.554688 0.498047 0.060547 0.235677
1 0.604492 0.494792 0.058594 0.242188
1 0.657227 0.492839 0.066406 0.230469
1 0.717285 0.494141 0.063477 0.235677
1 0.773926 0.488281 0.065430 0.236979
1 0.826660 0.485026 0.069336 0.238281