14 0.969727 0.204427 0.042969 0.122396
14 0.926758 0.194661 0.046875 0.139323
14 0.886230 0.190104 0.045898 0.151042
14 0.841309 0.177083 0.051758 0.177083
14 0.798828 0.190104 0.048828 0.148438
14 0.754395 0.189453 0.051758 0.134115
14 0.708496 0.195964 0.045898 0.134115
14 0.666992 0.179036 0.048828 0.180990
14 0.627441 0.186198 0.043945 0.161458
14 0.586426 0.203776 0.040039 0.121094
14 0.541504 0.173828 0.045898 0.180990
14 0.500488 0.197266 0.047852 0.144531
14 0.458984 0.200521 0.044922 0.117188
14 0.367188 0.187500 0.046875 0.151042
14 0.275391 0.175130 0.056641 0.180990
14 0.954590 0.385417 0.043945 0.153646
14 0.916504 0.382813 0.043945 0.145833
14 0.872559 0.382161 0.041992 0.157552
14 0.828125 0.381510 0.044922 0.143229
14 0.786133 0.397135 0.052734 0.184896
14 0.743652 0.367188 0.036133 0.119792
14 0.702148 0.374349 0.046875 0.147135
14 0.660156 0.378906 0.050781 0.153646
14 0.614746 0.404948 0.051758 0.210938
14 0.533691 0.397135 0.053711 0.156250
14 0.488770 0.389323 0.055664 0.184896
14 0.091309 0.861328 0.040039 0.118490
14 0.400391 0.386719 0.050781 0.179688
14 0.342773 0.404297 0.060547 0.204427
14 0.292969 0.393880 0.052734 0.183594
14 0.954102 0.857422 0.044922 0.141927
14 0.911621 0.850260 0.049805 0.158854
14 0.783691 0.862630 0.045898 0.123698
14 0.737305 0.839844 0.052734 0.169271
14 0.657227 0.840495 0.050781 0.167969
14 0.611328 0.841146 0.044922 0.166667
14 0.573730 0.872396 0.040039 0.101563
14 0.537598 0.843099 0.043945 0.162760
14 0.391602 0.843099 0.039063 0.162760
14 0.355957 0.860026 0.038086 0.128906
14 0.322266 0.853516 0.042969 0.131510
14 0.287109 0.853516 0.041016 0.134115
14 0.244629 0.859375 0.040039 0.130208
14 0.211914 0.845052 0.041016 0.156250
14 0.176270 0.850911 0.045898 0.147135