14 0.967773 0.192057 0.035156 0.149740
14 0.935059 0.208333 0.036133 0.111979
14 0.875977 0.212891 0.037109 0.105469
14 0.844727 0.190755 0.039063 0.149740
14 0.804199 0.194661 0.041992 0.121094
14 0.763672 0.192057 0.041016 0.147135
14 0.730469 0.202474 0.041016 0.118490
14 0.612305 0.192708 0.037109 0.138021
14 0.579590 0.207031 0.036133 0.106771
14 0.548340 0.209635 0.038086 0.109375
14 0.490234 0.210286 0.037109 0.097656
14 0.458984 0.209635 0.035156 0.104167
14 0.428223 0.208984 0.038086 0.100260
14 0.353027 0.188802 0.045898 0.138021
14 0.315918 0.190104 0.040039 0.145833
14 0.275879 0.188151 0.041992 0.144531
14 0.238281 0.190755 0.042969 0.141927
14 0.204102 0.188151 0.039063 0.147135
14 0.172852 0.208333 0.037109 0.109375
14 0.138672 0.190755 0.039063 0.141927
14 0.099609 0.190104 0.039063 0.140625
14 0.062012 0.177083 0.041992 0.158854
14 0.026855 0.206380 0.041992 0.115885
14 0.975098 0.382813 0.043945 0.171875
14 0.883301 0.381510 0.049805 0.166667
14 0.791504 0.399089 0.051758 0.183594
14 0.746094 0.395833 0.042969 0.190104
14 0.702148 0.395833 0.050781 0.195313
14 0.615723 0.393880 0.053711 0.191406
14 0.563477 0.397135 0.050781 0.197917
14 0.472656 0.384115 0.048828 0.171875
14 0.427246 0.386719 0.055664 0.179688
14 0.380371 0.388672 0.053711 0.183594
14 0.331055 0.392578 0.056641 0.186198
14 0.288574 0.373698 0.041992 0.145833
14 0.247070 0.379557 0.042969 0.144531
14 0.201660 0.375000 0.043945 0.153646
14 0.110840 0.383464 0.049805 0.178385
14 0.066895 0.386719 0.045898 0.187500
14 0.021484 0.395833 0.039063 0.200521
14 0.972656 0.854167 0.044922 0.151042
14 0.935547 0.859375 0.046875 0.135417
14 0.790527 0.861328 0.041992 0.134115
14 0.753418 0.856771 0.043945 0.132813
14 0.721191 0.882813 0.038086 0.085938
14 0.689453 0.867188 0.041016 0.109375
14 0.645996 0.845052 0.045898 0.156250
14 0.563965 0.861328 0.040039 0.128906
14 0.487305 0.854167 0.042969 0.143229
14 0.444336 0.854167 0.041016 0.135417
14 0.363770 0.839193 0.055664 0.178385
14 0.330078 0.871094 0.041016 0.127604
14 0.296875 0.857422 0.039063 0.136719
14 0.259766 0.869792 0.039063 0.117188
14 0.224609 0.860677 0.041016 0.138021
14 0.181152 0.853516 0.041992 0.149740
14 0.142578 0.855469 0.039063 0.140625
14 0.087402 0.835286 0.059570 0.194010