14 0.937500 0.207682 0.039063 0.141927
14 0.900879 0.223958 0.038086 0.109375
14 0.855957 0.203776 0.043945 0.165365
14 0.812500 0.201823 0.048828 0.164063
14 0.766602 0.205078 0.046875 0.162760
14 0.722656 0.192057 0.058594 0.180990
14 0.651855 0.232422 0.040039 0.100260
14 0.614746 0.229167 0.040039 0.106771
14 0.584473 0.236328 0.030273 0.089844
14 0.551270 0.210286 0.041992 0.144531
14 0.514648 0.217448 0.048828 0.135417
14 0.478516 0.233724 0.035156 0.095052
14 0.423828 0.210938 0.041016 0.153646
14 0.392578 0.225911 0.039063 0.118490
14 0.335449 0.228516 0.036133 0.110677
14 0.300293 0.207682 0.043945 0.154948
14 0.261719 0.216146 0.042969 0.119792
14 0.220703 0.210286 0.039063 0.144531
14 0.185547 0.220703 0.044922 0.115885
14 0.068359 0.208333 0.037109 0.140625
14 0.037598 0.225260 0.040039 0.109375
14 0.979980 0.392578 0.040039 0.152344
14 0.950195 0.377604 0.031250 0.117188
14 0.923340 0.376953 0.036133 0.118490
14 0.887695 0.382813 0.041016 0.127604
14 0.809082 0.414063 0.053711 0.200521
14 0.759766 0.407552 0.048828 0.184896
14 0.707031 0.417318 0.056641 0.204427
14 0.653320 0.417318 0.050781 0.201823
14 0.559570 0.405599 0.048828 0.175781
14 0.517090 0.400391 0.045898 0.165365
14 0.477051 0.367839 0.041992 0.105469
14 0.435059 0.401042 0.053711 0.171875
14 0.339355 0.398438 0.051758 0.161458
14 0.334473 0.498047 0.032227 0.055990
14 0.249023 0.413411 0.050781 0.188802
14 0.203613 0.412760 0.040039 0.195313
14 0.163086 0.414714 0.052734 0.199219
14 0.070313 0.406901 0.052734 0.191406
14 0.020996 0.412760 0.041992 0.195313
14 0.972656 0.876302 0.042969 0.143229
14 0.932617 0.863281 0.041016 0.143229
14 0.899902 0.871094 0.040039 0.143229
14 0.871094 0.878255 0.048828 0.131510
14 0.831543 0.893880 0.041992 0.105469
14 0.792969 0.877604 0.052734 0.132813
14 0.757813 0.886068 0.044922 0.113281
14 0.718750 0.862630 0.042969 0.160156
14 0.682129 0.873698 0.041992 0.138021
14 0.649414 0.886719 0.042969 0.114583
14 0.614746 0.882813 0.041992 0.127604
14 0.578613 0.868490 0.053711 0.158854
14 0.535156 0.864583 0.048828 0.164063
14 0.495605 0.868490 0.047852 0.143229
14 0.433105 0.868490 0.043945 0.158854
14 0.393555 0.873698 0.044922 0.143229
14 0.250000 0.874349 0.041016 0.128906
14 0.211426 0.869792 0.040039 0.130208
14 0.181152 0.901693 0.036133 0.089844
14 0.147461 0.882813 0.039063 0.106771
14 0.106445 0.863932 0.048828 0.154948
14 0.023438 0.878255 0.039063 0.134115