2 0.957031 0.226563 0.066406 0.062500
2 0.948242 0.180339 0.056641 0.061198
14 0.827148 0.237630 0.035156 0.102865
14 0.789063 0.242188 0.035156 0.106771
14 0.748535 0.242188 0.038086 0.101563
14 0.819824 0.384766 0.040039 0.108073
14 0.778809 0.389323 0.034180 0.119792
14 0.750000 0.388672 0.029297 0.118490
14 0.674316 0.228516 0.041992 0.131510
14 0.634277 0.220703 0.041992 0.144531
14 0.596680 0.238932 0.029297 0.097656
14 0.717773 0.389974 0.033203 0.121094
14 0.818359 0.895182 0.041016 0.121094
14 0.775879 0.902344 0.041992 0.119792
14 0.702637 0.895182 0.040039 0.131510
14 0.667969 0.881510 0.044922 0.148438
14 0.629395 0.889974 0.041992 0.141927
14 0.598633 0.899089 0.033203 0.110677
14 0.564941 0.891276 0.041992 0.126302
14 0.524414 0.881510 0.042969 0.148438
14 0.491211 0.882161 0.041016 0.149740
14 0.450684 0.876302 0.041992 0.158854
14 0.409180 0.886719 0.039063 0.138021
14 0.371582 0.876302 0.045898 0.135417
14 0.341309 0.883464 0.036133 0.141927
14 0.310059 0.886068 0.045898 0.131510
14 0.272949 0.904948 0.041992 0.106771
14 0.233887 0.887370 0.053711 0.131510
14 0.200195 0.897135 0.041016 0.114583
14 0.159180 0.871094 0.044922 0.148438
14 0.122559 0.887370 0.040039 0.131510
14 0.089355 0.895833 0.047852 0.109375
14 0.057129 0.893880 0.041992 0.123698
14 0.021484 0.875000 0.042969 0.153646
14 0.625488 0.385417 0.038086 0.111979
14 0.570313 0.386068 0.035156 0.113281
14 0.540039 0.373698 0.031250 0.088542
14 0.479492 0.383464 0.035156 0.100260
14 0.418945 0.400391 0.035156 0.139323
14 0.389648 0.388021 0.035156 0.111979
14 0.359863 0.382813 0.032227 0.104167
14 0.326172 0.392578 0.044922 0.126302
14 0.245117 0.427083 0.048828 0.192708
14 0.196777 0.419922 0.055664 0.175781
14 0.147461 0.427083 0.054688 0.195313
14 0.093750 0.427083 0.050781 0.208333
14 0.522949 0.240885 0.040039 0.096354
14 0.482910 0.222005 0.045898 0.144531
14 0.445313 0.221354 0.037109 0.138021
14 0.373535 0.218750 0.041992 0.140625
14 0.336914 0.222656 0.039063 0.138021
14 0.292969 0.213542 0.042969 0.164063
14 0.251953 0.212240 0.048828 0.158854
14 0.202637 0.210938 0.045898 0.156250
14 0.160645 0.206380 0.053711 0.173177
14 0.090332 0.240885 0.040039 0.098958
14 0.051758 0.238932 0.039063 0.108073
14 0.021973 0.244792 0.028320 0.088542