0 0.954590 0.065104 0.069336 0.044271
0 0.965820 0.114583 0.056641 0.046875
0 0.963867 0.175130 0.060547 0.048177
0 0.963379 0.223958 0.057617 0.044271
14 0.819824 0.909505 0.047852 0.170573
14 0.779785 0.910807 0.045898 0.170573
14 0.733887 0.912109 0.049805 0.170573
14 0.660645 0.889323 0.047852 0.138021
14 0.584473 0.888021 0.040039 0.132813
14 0.549316 0.893229 0.041992 0.132813
14 0.513184 0.899740 0.043945 0.151042
14 0.475586 0.909505 0.042969 0.157552
14 0.437012 0.902344 0.040039 0.153646
14 0.399902 0.895182 0.040039 0.139323
14 0.363281 0.878906 0.037109 0.104167
14 0.327148 0.892578 0.037109 0.128906
14 0.286621 0.904297 0.043945 0.154948
14 0.247559 0.897786 0.036133 0.141927
14 0.214355 0.889974 0.034180 0.126302
14 0.177246 0.887370 0.040039 0.121094
14 0.141113 0.899740 0.036133 0.145833
14 0.103516 0.908854 0.044922 0.153646
14 0.068359 0.896484 0.041016 0.141927
14 0.030273 0.895833 0.041016 0.151042
14 0.793945 0.740234 0.033203 0.100260
14 0.765137 0.746094 0.032227 0.098958
14 0.702148 0.744141 0.035156 0.087240
14 0.673828 0.746094 0.029297 0.091146
14 0.640137 0.739583 0.038086 0.109375
14 0.609863 0.721354 0.032227 0.143229
14 0.520020 0.721354 0.040039 0.148438
14 0.491211 0.743490 0.031250 0.104167
14 0.459961 0.717448 0.033203 0.140625
14 0.404297 0.738281 0.035156 0.114583
14 0.373047 0.740885 0.037109 0.106771
14 0.311523 0.732422 0.037109 0.123698
14 0.281250 0.736979 0.031250 0.098958
14 0.249512 0.727865 0.040039 0.122396
14 0.130371 0.715495 0.036133 0.144531
14 0.100586 0.742188 0.029297 0.091146
14 0.071777 0.731120 0.032227 0.108073
14 0.015137 0.738281 0.030273 0.101563
14 0.742676 0.322266 0.040039 0.149740
14 0.707031 0.322266 0.037109 0.144531
14 0.673340 0.328125 0.036133 0.156250
14 0.634277 0.318359 0.036133 0.134115
14 0.568359 0.314453 0.041016 0.128906
14 0.531738 0.302734 0.034180 0.105469
14 0.500000 0.303385 0.037109 0.109375
14 0.439453 0.318359 0.039063 0.123698
14 0.409668 0.305990 0.032227 0.109375
14 0.380371 0.305339 0.038086 0.115885
14 0.351563 0.297526 0.033203 0.087240
14 0.319824 0.308594 0.034180 0.111979
14 0.291504 0.326172 0.040039 0.144531
14 0.263184 0.323568 0.038086 0.144531
14 0.231934 0.316406 0.036133 0.127604
14 0.199707 0.311198 0.034180 0.106771
14 0.110352 0.324870 0.035156 0.144531
14 0.724609 0.145833 0.046875 0.135417
14 0.684570 0.156250 0.042969 0.109375
14 0.643066 0.153646 0.043945 0.130208
14 0.604492 0.146484 0.041016 0.144531
14 0.535645 0.149089 0.040039 0.126302
14 0.500000 0.138672 0.044922 0.149740
14 0.464355 0.146484 0.041992 0.139323
14 0.428711 0.144531 0.042969 0.140625
14 0.392578 0.138672 0.037109 0.141927
14 0.356445 0.144531 0.041016 0.140625
14 0.289063 0.149089 0.044922 0.128906
14 0.249512 0.151042 0.045898 0.132813
14 0.216309 0.156901 0.041992 0.110677
14 0.182129 0.160807 0.036133 0.113281
14 0.149414 0.150391 0.042969 0.128906
14 0.109375 0.156901 0.037109 0.110677
14 0.074707 0.146484 0.043945 0.134115
14 0.041504 0.147786 0.040039 0.139323