14 0.018066 0.141927 0.036133 0.138021
14 0.020020 0.708333 0.040039 0.143229
14 0.054199 0.709635 0.041992 0.145833
14 0.095215 0.714193 0.041992 0.139323
14 0.049805 0.888672 0.041016 0.154948
14 0.093262 0.891276 0.053711 0.178385
14 0.136230 0.890625 0.047852 0.161458
14 0.182129 0.897135 0.053711 0.171875
14 0.140625 0.697917 0.052734 0.161458
14 0.222168 0.897786 0.049805 0.173177
14 0.265625 0.883464 0.037109 0.147135
14 0.302246 0.883464 0.041992 0.141927
14 0.336914 0.897135 0.035156 0.161458
14 0.372559 0.898438 0.043945 0.164063
14 0.410645 0.889974 0.041992 0.131510
14 0.449219 0.882161 0.039063 0.126302
14 0.483398 0.886068 0.042969 0.139323
14 0.520508 0.889323 0.042969 0.151042
14 0.557129 0.888672 0.041992 0.144531
14 0.594238 0.902344 0.043945 0.164063
14 0.630859 0.890625 0.039063 0.148438
14 0.666504 0.879557 0.036133 0.115885
14 0.702637 0.880208 0.036133 0.127604
14 0.737793 0.886719 0.040039 0.140625
14 0.777344 0.895833 0.041016 0.151042
14 0.816895 0.884115 0.038086 0.130208
14 0.853516 0.869141 0.035156 0.102865
14 0.887207 0.889323 0.045898 0.132813
14 0.924805 0.892578 0.042969 0.149740
14 0.960938 0.901042 0.048828 0.158854
14 0.980469 0.731120 0.033203 0.105469
14 0.948242 0.707031 0.037109 0.143229
14 0.893555 0.727865 0.035156 0.104167
14 0.862305 0.730469 0.035156 0.101563
14 0.799805 0.722005 0.035156 0.121094
14 0.769531 0.731771 0.031250 0.104167
14 0.738281 0.720703 0.039063 0.121094
14 0.618164 0.709635 0.039063 0.138021
14 0.588379 0.733073 0.032227 0.091146
14 0.558105 0.723307 0.036133 0.108073
14 0.497559 0.727865 0.040039 0.101563
14 0.437500 0.730469 0.037109 0.101563
14 0.407715 0.725911 0.038086 0.108073
14 0.374512 0.708333 0.041992 0.140625
14 0.322266 0.722005 0.035156 0.102865
14 0.291504 0.723958 0.036133 0.109375
14 0.260254 0.728516 0.038086 0.108073
14 0.027832 0.315104 0.053711 0.148438
14 0.099609 0.321615 0.054688 0.156250
14 0.142090 0.310547 0.043945 0.131510
14 0.197266 0.294271 0.037109 0.111979
14 0.233398 0.311198 0.044922 0.127604
14 0.263184 0.289063 0.032227 0.085938
14 0.293457 0.304688 0.041992 0.114583
14 0.322266 0.293620 0.031250 0.100260
14 0.353027 0.305339 0.034180 0.118490
14 0.384277 0.300781 0.036133 0.109375
14 0.414551 0.302083 0.038086 0.119792
14 0.444336 0.312500 0.037109 0.135417
14 0.596680 0.315755 0.042969 0.141927
14 0.687500 0.300130 0.035156 0.108073
14 0.720703 0.306641 0.035156 0.121094
14 0.749512 0.315755 0.034180 0.144531
14 0.781250 0.315755 0.033203 0.141927
14 0.806641 0.296224 0.033203 0.118490
14 0.840820 0.287760 0.027344 0.088542
14 0.868164 0.294271 0.037109 0.104167
14 0.896973 0.294271 0.032227 0.101563
14 0.926270 0.304036 0.034180 0.115885
14 0.955566 0.283854 0.030273 0.078125
14 0.953613 0.138021 0.040039 0.140625
14 0.913086 0.135417 0.037109 0.138021
14 0.879883 0.130859 0.033203 0.144531
14 0.844238 0.136068 0.036133 0.136719
14 0.777832 0.136719 0.040039 0.130208
14 0.737305 0.139974 0.042969 0.126302
14 0.703613 0.147786 0.036133 0.108073
14 0.668457 0.147786 0.036133 0.118490
14 0.633301 0.140625 0.040039 0.130208
14 0.596680 0.149089 0.037109 0.108073
14 0.562012 0.137370 0.040039 0.134115
14 0.524414 0.137370 0.037109 0.131510
14 0.489258 0.118490 0.044922 0.161458
14 0.418945 0.134766 0.044922 0.139323
14 0.380859 0.128906 0.037109 0.151042
14 0.346191 0.132161 0.045898 0.147135
14 0.309570 0.135417 0.039063 0.138021
14 0.274414 0.123047 0.044922 0.162760
14 0.234375 0.136068 0.042969 0.134115
14 0.159668 0.135417 0.040039 0.140625
14 0.125000 0.112630 0.039063 0.180990
14 0.087402 0.138672 0.038086 0.128906
14 0.051758 0.136068 0.042969 0.134115