14 0.987793 0.138021 0.024414 0.135417
14 0.953613 0.119141 0.041992 0.170573
14 0.883789 0.133464 0.042969 0.136719
14 0.847656 0.128255 0.031250 0.154948
14 0.811523 0.129557 0.042969 0.152344
14 0.773926 0.134766 0.032227 0.141927
14 0.740723 0.119792 0.047852 0.169271
14 0.699219 0.134766 0.044922 0.136719
14 0.624023 0.132813 0.039063 0.148438
14 0.587402 0.115885 0.038086 0.179688
14 0.551758 0.139323 0.039063 0.130208
14 0.515625 0.140625 0.039063 0.135417
14 0.480957 0.140625 0.043945 0.145833
14 0.442871 0.143229 0.041992 0.127604
14 0.372070 0.133464 0.042969 0.131510
14 0.332520 0.142578 0.043945 0.139323
14 0.256348 0.130208 0.045898 0.151042
14 0.212402 0.135417 0.038086 0.135417
14 0.171875 0.124349 0.048828 0.162760
14 0.128906 0.128906 0.044922 0.153646
14 0.085449 0.131510 0.043945 0.145833
14 0.041992 0.130208 0.044922 0.148438
14 0.911621 0.309896 0.034180 0.138021
14 0.876953 0.299479 0.035156 0.119792
14 0.845703 0.300130 0.037109 0.110677
14 0.815430 0.300130 0.035156 0.118490
14 0.786133 0.292969 0.033203 0.101563
14 0.756836 0.304688 0.037109 0.119792
14 0.726563 0.291016 0.033203 0.087240
14 0.695801 0.309896 0.041992 0.132813
14 0.662109 0.296224 0.041016 0.108073
14 0.604004 0.311198 0.043945 0.132813
14 0.564453 0.320313 0.048828 0.153646
14 0.490723 0.316406 0.047852 0.140625
14 0.453613 0.319661 0.038086 0.157552
14 0.417480 0.316406 0.043945 0.145833
14 0.381836 0.304688 0.037109 0.119792
14 0.349609 0.302083 0.037109 0.114583
14 0.310059 0.317057 0.040039 0.149740
14 0.273926 0.308594 0.041992 0.125000
14 0.236328 0.312500 0.042969 0.135417
14 0.197754 0.322917 0.045898 0.161458
14 0.161621 0.312500 0.049805 0.132813
14 0.126465 0.303385 0.038086 0.127604
14 0.091309 0.314453 0.041992 0.141927
14 0.019043 0.318359 0.038086 0.152344
14 0.963379 0.729818 0.040039 0.108073
14 0.900391 0.726563 0.033203 0.101563
14 0.873047 0.722656 0.037109 0.104167
14 0.839355 0.707031 0.040039 0.143229
14 0.782715 0.720052 0.036133 0.106771
14 0.753418 0.724609 0.028320 0.108073
14 0.720215 0.723958 0.038086 0.101563
14 0.603516 0.698568 0.046875 0.157552
14 0.558594 0.714193 0.037109 0.123698
14 0.517090 0.701823 0.045898 0.145833
14 0.476563 0.711589 0.041016 0.144531
14 0.433105 0.701172 0.047852 0.157552
14 0.387207 0.698568 0.047852 0.157552
14 0.345703 0.713542 0.046875 0.130208
14 0.249023 0.720052 0.039063 0.106771
14 0.217773 0.712240 0.041016 0.122396
14 0.181641 0.724609 0.037109 0.095052
14 0.147461 0.708984 0.044922 0.136719
14 0.105469 0.708984 0.042969 0.126302
14 0.070313 0.729167 0.035156 0.091146
14 0.036133 0.708333 0.044922 0.127604
14 0.982910 0.889974 0.034180 0.154948
14 0.948242 0.882813 0.037109 0.132813
14 0.913574 0.879557 0.038086 0.121094
14 0.873047 0.887370 0.042969 0.128906
14 0.834473 0.886719 0.040039 0.135417
14 0.799316 0.899089 0.045898 0.162760
14 0.762695 0.886719 0.033203 0.138021
14 0.729492 0.884115 0.041016 0.143229
14 0.687500 0.900391 0.048828 0.173177
14 0.642090 0.900391 0.045898 0.167969
14 0.599609 0.889323 0.041016 0.145833
14 0.556152 0.897135 0.043945 0.161458
14 0.515625 0.888672 0.041016 0.160156
14 0.472656 0.897786 0.046875 0.160156
14 0.429688 0.881510 0.042969 0.135417
14 0.389648 0.898438 0.042969 0.164063
14 0.346680 0.891927 0.048828 0.151042
14 0.260742 0.876953 0.048828 0.128906
14 0.216309 0.904297 0.043945 0.178385
14 0.172852 0.899740 0.041016 0.177083
14 0.130371 0.897786 0.043945 0.162760
14 0.049805 0.889323 0.044922 0.153646