14 0.917969 0.138672 0.048828 0.207031
14 0.872070 0.123047 0.044922 0.173177
14 0.827148 0.138021 0.050781 0.200521
14 0.776367 0.133464 0.058594 0.204427
14 0.728516 0.136068 0.052734 0.196615
14 0.676758 0.135417 0.054688 0.200521
14 0.579102 0.139323 0.058594 0.192708
14 0.478027 0.138672 0.051758 0.170573
14 0.382813 0.139974 0.056641 0.207031
14 0.325684 0.146484 0.055664 0.214844
14 0.937012 0.619792 0.067383 0.236979
14 0.845215 0.659505 0.051758 0.162760
14 0.794434 0.644531 0.057617 0.187500
14 0.747070 0.652995 0.050781 0.178385
14 0.696777 0.630208 0.057617 0.223958
14 0.172363 0.860026 0.055664 0.212240
14 0.240723 0.875651 0.065430 0.186198
14 0.336426 0.850911 0.057617 0.157552
14 0.379883 0.858073 0.054688 0.171875
14 0.425781 0.862630 0.054688 0.191406
14 0.522461 0.868490 0.054688 0.197917
14 0.575195 0.867188 0.058594 0.187500
14 0.622070 0.861328 0.056641 0.173177
14 0.658691 0.861979 0.053711 0.166667
14 0.701660 0.865234 0.053711 0.180990
14 0.745117 0.848307 0.048828 0.149740
14 0.786133 0.860677 0.054688 0.164063
14 0.830566 0.858073 0.059570 0.171875
14 0.875000 0.860677 0.058594 0.177083
14 0.918945 0.848958 0.048828 0.143229
14 0.962891 0.860677 0.054688 0.174479
14 0.650391 0.662760 0.048828 0.169271
14 0.604492 0.656901 0.048828 0.178385
14 0.565918 0.672526 0.038086 0.141927
14 0.523926 0.656250 0.049805 0.171875
14 0.438477 0.651042 0.054688 0.184896
14 0.389160 0.646484 0.047852 0.186198
14 0.300293 0.642578 0.053711 0.175781