14 0.950684 0.131510 0.049805 0.184896
14 0.908691 0.135417 0.043945 0.177083
14 0.865723 0.126302 0.053711 0.184896
14 0.822754 0.111979 0.045898 0.156250
14 0.779297 0.120443 0.044922 0.170573
14 0.739258 0.136719 0.050781 0.190104
14 0.695313 0.123698 0.046875 0.151042
14 0.612305 0.113281 0.048828 0.153646
14 0.573242 0.138021 0.050781 0.195313
14 0.527344 0.123698 0.048828 0.158854
14 0.483887 0.125000 0.051758 0.166667
14 0.441895 0.109375 0.045898 0.140625
14 0.361328 0.139323 0.050781 0.200521
14 0.316895 0.125000 0.043945 0.166667
14 0.269531 0.139323 0.048828 0.192708
14 0.221191 0.137370 0.055664 0.199219
14 0.172363 0.139974 0.053711 0.194010
14 0.121094 0.138021 0.058594 0.195313
14 0.024902 0.141276 0.049805 0.194010
14 0.958984 0.695313 0.033203 0.085938
14 0.881348 0.671875 0.041992 0.138021
14 0.845703 0.681641 0.037109 0.110677
14 0.775879 0.671224 0.041992 0.126302
14 0.736816 0.671224 0.043945 0.144531
14 0.697266 0.661458 0.041016 0.138021
14 0.659668 0.640625 0.040039 0.197917
14 0.625488 0.682292 0.041992 0.117188
14 0.581543 0.649089 0.047852 0.180990
14 0.530273 0.645833 0.062500 0.187500
14 0.481934 0.644531 0.053711 0.192708
14 0.435059 0.643229 0.051758 0.187500
14 0.381836 0.625651 0.068359 0.225260
14 0.289551 0.663411 0.049805 0.167969
14 0.239258 0.648438 0.052734 0.184896
14 0.189941 0.651042 0.053711 0.171875
14 0.139648 0.630859 0.058594 0.214844
14 0.094727 0.658203 0.048828 0.157552
14 0.048828 0.655599 0.046875 0.170573
14 0.932129 0.844401 0.040039 0.126302
14 0.890137 0.841797 0.045898 0.131510
14 0.858887 0.848958 0.043945 0.145833
14 0.821777 0.854818 0.047852 0.157552
14 0.783203 0.852214 0.042969 0.157552
14 0.747070 0.858073 0.037109 0.158854
14 0.714844 0.842448 0.039063 0.127604
14 0.660645 0.854818 0.043945 0.147135
14 0.616211 0.859375 0.046875 0.161458
14 0.572754 0.852214 0.049805 0.147135
14 0.532715 0.866536 0.045898 0.178385
14 0.490723 0.851563 0.049805 0.158854
14 0.446777 0.864583 0.051758 0.174479
14 0.402832 0.858073 0.047852 0.174479
14 0.363281 0.850260 0.042969 0.148438
14 0.318359 0.864583 0.050781 0.179688
14 0.273926 0.857422 0.055664 0.167969
14 0.229004 0.860026 0.047852 0.170573
14 0.189453 0.848307 0.048828 0.149740
14 0.145020 0.867188 0.049805 0.179688
14 0.103516 0.863281 0.050781 0.161458
14 0.063965 0.863281 0.047852 0.161458
14 0.021484 0.866536 0.042969 0.180990