0 0.461426 0.029948 0.069336 0.052083
0 0.530762 0.106120 0.065430 0.050781
0 0.468750 0.067708 0.068359 0.052083
0 0.466797 0.171875 0.068359 0.046875
0 0.547363 0.164714 0.069336 0.050781
0 0.749512 0.071615 0.057617 0.044271
0 0.750000 0.125651 0.074219 0.048177
0 0.773438 0.326823 0.062500 0.044271
0 0.777832 0.376302 0.067383 0.044271
0 0.779785 0.450521 0.071289 0.049479
0 0.790039 0.493490 0.060547 0.044271
2 0.900879 0.618490 0.071289 0.052083
0 0.638672 0.803385 0.068359 0.052083
0 0.631836 0.867839 0.068359 0.048177
0 0.534180 0.876953 0.066406 0.050781
0 0.554199 0.926432 0.067383 0.048177
0 0.785645 0.541667 0.063477 0.044271
14 0.203125 0.195964 0.044922 0.165365
14 0.125977 0.210286 0.048828 0.178385
14 0.082031 0.199219 0.041016 0.158854
14 0.040039 0.205078 0.044922 0.147135
14 0.290039 0.714844 0.060547 0.184896
14 0.249023 0.757813 0.035156 0.119792
14 0.207031 0.722656 0.060547 0.192708
0 0.542480 0.980469 0.057617 0.039063
14 0.164551 0.757161 0.036133 0.105469
14 0.130859 0.717448 0.042969 0.197917
14 0.094727 0.744792 0.041016 0.138021
14 0.059570 0.736979 0.041016 0.158854
14 0.020020 0.736979 0.040039 0.153646
14 0.314941 0.919922 0.041992 0.121094
14 0.281250 0.920573 0.033203 0.114583
14 0.248047 0.914714 0.039063 0.118490
14 0.210449 0.911458 0.038086 0.104167
14 0.171387 0.901042 0.032227 0.085938
14 0.132324 0.927083 0.043945 0.145833
14 0.096191 0.926432 0.038086 0.139323