14 0.890625 0.066406 0.048828 0.132813
14 0.823242 0.171224 0.097656 0.058594
14 0.899902 0.666016 0.057617 0.170573
14 0.815918 0.335938 0.040039 0.114583
14 0.797852 0.440104 0.107422 0.070313
14 0.727539 0.182292 0.083984 0.065104
14 0.623535 0.199219 0.108398 0.052083
14 0.639160 0.313151 0.047852 0.126302
14 0.705078 0.410156 0.037109 0.091146
14 0.667969 0.427083 0.033203 0.080729
2 0.772949 0.710286 0.034180 0.082031
2 0.736328 0.702474 0.039063 0.084635
0 0.483398 0.489583 0.064453 0.044271
0 0.493652 0.537760 0.057617 0.044271
0 0.494141 0.593099 0.070313 0.048177
0 0.523438 0.843750 0.064453 0.044271
0 0.522949 0.916667 0.065430 0.046875
0 0.530762 0.964193 0.057617 0.048177
0 0.194824 0.297526 0.067383 0.045573
0 0.196289 0.349609 0.058594 0.050781
0 0.198730 0.396484 0.063477 0.053385
2 0.201660 0.448568 0.071289 0.058594
0 0.206055 0.493490 0.064453 0.049479
0 0.212891 0.531901 0.066406 0.053385
0 0.272949 0.571615 0.063477 0.046875
0 0.290039 0.632813 0.070313 0.049479
0 0.213379 0.637370 0.065430 0.048177