14 0.859375 0.199870 0.076172 0.214844
14 0.874512 0.430339 0.061523 0.240885
14 0.903809 0.625651 0.051758 0.149740
14 0.798828 0.722656 0.042969 0.143229
14 0.685059 0.389323 0.059570 0.197917
14 0.664551 0.152995 0.061523 0.191406
14 0.577637 0.761719 0.045898 0.145833
14 0.566895 0.604818 0.041992 0.144531
14 0.550781 0.455729 0.054688 0.182292
14 0.333496 0.472656 0.055664 0.205729
14 0.176758 0.111979 0.039063 0.088542
14 0.106445 0.104167 0.064453 0.054688
14 0.507324 0.873047 0.096680 0.055990
14 0.416016 0.880859 0.082031 0.063802
14 0.310547 0.893880 0.107422 0.055990
14 0.153809 0.452474 0.098633 0.048177