14 0.406738 0.302083 0.170898 0.091146
14 0.658203 0.304036 0.164063 0.079427
14 0.917480 0.305339 0.163086 0.092448
14 0.142578 0.688802 0.042969 0.122396
14 0.182617 0.642578 0.066406 0.227865
14 0.241211 0.632161 0.058594 0.209635
14 0.348633 0.634115 0.060547 0.216146
14 0.400391 0.628906 0.050781 0.216146
14 0.443359 0.621094 0.048828 0.195313
14 0.493164 0.615885 0.046875 0.184896
14 0.542480 0.626953 0.051758 0.207031
14 0.592773 0.634115 0.058594 0.216146
14 0.645996 0.632813 0.055664 0.216146
14 0.697754 0.632813 0.057617 0.221354
14 0.794434 0.629557 0.055664 0.207031
14 0.850586 0.643880 0.064453 0.248698
14 0.918457 0.652995 0.061523 0.261719
14 0.970215 0.643229 0.057617 0.255208