14 0.048828 0.466797 0.060547 0.235677
0 0.583008 0.041016 0.064453 0.045573
0 0.210938 0.503906 0.046875 0.088542
0 0.226074 0.841146 0.047852 0.075521
0 0.251953 0.807943 0.046875 0.082031
0 0.345703 0.777344 0.048828 0.078125
0 0.373047 0.854818 0.042969 0.082031
2 0.417480 0.824219 0.045898 0.083333
0 0.444824 0.802734 0.041992 0.079427
0 0.471191 0.781901 0.040039 0.074219
0 0.584473 0.086589 0.063477 0.045573
0 0.580078 0.176432 0.064453 0.045573
0 0.573242 0.222656 0.068359 0.046875
0 0.567871 0.263021 0.061523 0.052083
0 0.561523 0.321615 0.058594 0.041667
0 0.566895 0.371745 0.065430 0.045573
0 0.569336 0.424479 0.058594 0.044271
0 0.565430 0.467448 0.062500 0.044271
0 0.564453 0.504557 0.054688 0.042969
0 0.558105 0.567057 0.063477 0.045573
0 0.554199 0.679036 0.061523 0.048177
0 0.540527 0.725260 0.065430 0.052083
14 0.777344 0.043620 0.126953 0.071615
14 0.786621 0.111328 0.141602 0.082031
14 0.780762 0.177083 0.143555 0.078125
14 0.781250 0.247396 0.150391 0.075521
14 0.764648 0.304036 0.136719 0.069010
0 0.240234 0.523438 0.046875 0.088542
0 0.297852 0.784505 0.048828 0.082031