0 0.603516 0.176432 0.050781 0.076823
0 0.030273 0.582682 0.029297 0.076823
0 0.281250 0.457031 0.054688 0.070313
2 0.327148 0.669922 0.048828 0.079427
0 0.284668 0.744792 0.053711 0.070313
14 0.819824 0.167318 0.067383 0.100260
14 0.803223 0.205078 0.073242 0.095052
14 0.791504 0.259766 0.118164 0.126302
14 0.842285 0.343099 0.026367 0.055990
14 0.753906 0.319010 0.105469 0.148438
14 0.724609 0.367188 0.097656 0.114583
14 0.690430 0.392578 0.064453 0.087240
14 0.673828 0.428385 0.072266 0.083333
14 0.661133 0.473958 0.095703 0.106771
14 0.646973 0.548177 0.137695 0.171875
14 0.615234 0.596354 0.130859 0.148438
14 0.581543 0.645833 0.125977 0.145833
14 0.547852 0.701823 0.130859 0.148438
14 0.544922 0.792969 0.164063 0.195313
14 0.487793 0.841146 0.147461 0.179688
14 0.437500 0.914063 0.121094 0.145833