14 0.625977 0.048177 0.080078 0.096354
14 0.615723 0.085938 0.057617 0.088542
14 0.579102 0.104167 0.089844 0.125000
14 0.556641 0.141927 0.068359 0.096354
14 0.528809 0.177083 0.086914 0.119792
14 0.495117 0.203125 0.089844 0.132813
0 0.892090 0.486328 0.059570 0.058594
0 0.883301 0.526693 0.057617 0.058594
0 0.868652 0.565104 0.067383 0.072917
14 0.092285 0.899740 0.129883 0.096354
14 0.880859 0.788411 0.037109 0.089844
14 0.845703 0.771484 0.046875 0.110677
14 0.681152 0.957031 0.088867 0.065104
14 0.806152 0.774089 0.047852 0.173177
14 0.753906 0.774089 0.048828 0.105469
14 0.700195 0.755859 0.058594 0.126302
14 0.654297 0.677083 0.048828 0.145833
14 0.614746 0.664063 0.055664 0.122396
14 0.293945 0.474609 0.105469 0.113281
14 0.343750 0.434245 0.070313 0.095052
14 0.404785 0.361328 0.059570 0.087240
14 0.414551 0.308594 0.088867 0.122396
14 0.448730 0.285807 0.077148 0.108073
14 0.481445 0.261719 0.062500 0.085938