0 0.682129 0.767578 0.053711 0.055990
0 0.452637 0.452474 0.053711 0.066406
0 0.477539 0.377604 0.060547 0.080729
0 0.281738 0.386719 0.065430 0.067708
0 0.300293 0.350911 0.053711 0.058594
0 0.307617 0.308594 0.056641 0.054688
0 0.425781 0.244141 0.050781 0.076823
0 0.399414 0.214844 0.048828 0.075521
14 0.030273 0.483073 0.052734 0.122396
14 0.071777 0.497396 0.049805 0.151042
14 0.116211 0.579427 0.056641 0.127604
14 0.167480 0.598958 0.047852 0.101563
14 0.219238 0.594401 0.047852 0.165365
14 0.259277 0.593750 0.051758 0.114583
14 0.294434 0.608724 0.036133 0.095052
14 0.251465 0.848958 0.053711 0.104167
14 0.213867 0.831380 0.046875 0.097656
14 0.099121 0.781901 0.088867 0.061198
14 0.625000 0.065755 0.056641 0.079427
14 0.659180 0.086589 0.052734 0.092448
14 0.705566 0.094401 0.081055 0.126302
14 0.736328 0.117839 0.082031 0.141927
14 0.751953 0.156901 0.064453 0.100260
14 0.777344 0.186849 0.064453 0.079427
14 0.809082 0.206380 0.069336 0.097656
14 0.843750 0.242839 0.091797 0.100260
14 0.942383 0.373047 0.082031 0.113281
14 0.971680 0.439453 0.056641 0.087240