14 0.855469 0.052734 0.099609 0.097656
14 0.050781 0.117188 0.076172 0.098958
0 0.305176 0.962240 0.053711 0.059896
0 0.135254 0.899740 0.061523 0.070313
0 0.157715 0.820313 0.053711 0.054688
0 0.146973 0.860677 0.057617 0.057292
0 0.279297 0.757161 0.052734 0.074219
0 0.250977 0.723307 0.048828 0.076823
0 0.328613 0.888021 0.061523 0.083333
14 0.826172 0.950521 0.062500 0.091146
14 0.794922 0.883464 0.083984 0.113281
14 0.695801 0.758464 0.086914 0.100260
14 0.661133 0.716797 0.078125 0.092448
14 0.629395 0.695313 0.067383 0.078125
14 0.604980 0.669922 0.065430 0.095052
14 0.590332 0.630208 0.081055 0.145833
14 0.556152 0.605469 0.073242 0.125000
14 0.511230 0.596354 0.049805 0.093750
14 0.478516 0.576172 0.054688 0.079427
14 0.460938 0.524740 0.078125 0.135417
14 0.427734 0.504557 0.070313 0.126302
14 0.391113 0.472656 0.069336 0.130208
14 0.348145 0.464844 0.061523 0.096354
14 0.322754 0.422526 0.063477 0.126302
14 0.293457 0.382813 0.073242 0.156250
14 0.247070 0.369141 0.074219 0.121094
14 0.212402 0.348958 0.069336 0.119792
14 0.182617 0.302734 0.076172 0.147135
14 0.893066 0.130859 0.098633 0.113281
14 0.912598 0.180339 0.096680 0.102865
14 0.935059 0.210938 0.096680 0.106771