14 0.039551 0.134766 0.040039 0.126302
14 0.092285 0.186849 0.057617 0.178385
14 0.159180 0.190104 0.050781 0.164063
14 0.349121 0.227865 0.124023 0.109375
14 0.367676 0.281250 0.135742 0.127604
14 0.397461 0.325521 0.119141 0.138021
14 0.430664 0.359375 0.099609 0.111979
14 0.446289 0.410156 0.115234 0.117188
14 0.504395 0.488932 0.084961 0.095052
14 0.538086 0.580078 0.095703 0.113281
14 0.557129 0.625651 0.102539 0.115885
14 0.583984 0.664714 0.101563 0.100260
14 0.623535 0.741536 0.096680 0.105469
14 0.639160 0.789714 0.096680 0.100260
14 0.664063 0.823568 0.095703 0.110677
14 0.687500 0.883464 0.113281 0.105469
14 0.697754 0.945964 0.137695 0.108073
2 0.634277 0.113281 0.069336 0.054688
2 0.719727 0.279297 0.060547 0.066406
0 0.739746 0.309245 0.051758 0.063802
0 0.765137 0.361328 0.063477 0.074219
0 0.821289 0.438802 0.060547 0.070313
0 0.835449 0.474609 0.057617 0.071615