0 0.369141 0.192708 0.044922 0.085938
2 0.347168 0.232422 0.063477 0.115885
2 0.044922 0.617839 0.070313 0.074219
14 0.084473 0.798177 0.053711 0.135417
14 0.134766 0.766276 0.037109 0.102865
14 0.178711 0.766276 0.062500 0.139323
14 0.232422 0.749349 0.050781 0.152344
14 0.287109 0.777995 0.046875 0.147135
14 0.378418 0.736328 0.084961 0.220052
2 0.120605 0.577474 0.061523 0.058594
14 0.431152 0.692708 0.071289 0.174479
14 0.498047 0.682292 0.044922 0.161458
14 0.552246 0.677734 0.041992 0.131510
14 0.605469 0.722656 0.058594 0.177083
14 0.672852 0.733724 0.056641 0.160156
14 0.860840 0.772135 0.131836 0.109375
14 0.881836 0.822917 0.128906 0.125000
14 0.906250 0.865885 0.123047 0.127604
14 0.940430 0.904948 0.101563 0.106771
14 0.950195 0.953125 0.097656 0.093750