0 0.779297 0.108724 0.042969 0.087240
2 0.754883 0.149089 0.062500 0.123698
0 0.420410 0.113281 0.041992 0.085938
2 0.453125 0.536458 0.066406 0.072917
0 0.527344 0.492839 0.060547 0.058594
14 0.959961 0.595052 0.044922 0.127604
14 0.906738 0.598958 0.045898 0.156250
14 0.839844 0.607422 0.072266 0.175781
14 0.783691 0.652344 0.079102 0.221354
14 0.692383 0.694010 0.046875 0.145833
14 0.638672 0.669922 0.044922 0.141927
14 0.588379 0.682943 0.053711 0.134115
14 0.543945 0.684245 0.041016 0.102865
14 0.493164 0.716146 0.054688 0.138021
14 0.400879 0.760417 0.045898 0.111979
14 0.361328 0.830078 0.082031 0.199219
14 0.312500 0.854818 0.074219 0.170573
14 0.254395 0.860026 0.057617 0.131510
14 0.207520 0.899740 0.077148 0.156250