14 0.902832 0.160807 0.047852 0.113281
14 0.862305 0.231120 0.080078 0.201823
14 0.810547 0.253906 0.072266 0.169271
14 0.745117 0.335938 0.033203 0.065104
14 0.756348 0.258464 0.057617 0.131510
14 0.965820 0.940755 0.068359 0.095052
14 0.708496 0.300130 0.073242 0.157552
2 0.222168 0.489583 0.049805 0.078125
14 0.436523 0.485026 0.072266 0.092448
14 0.422363 0.515625 0.071289 0.091146
14 0.407227 0.573568 0.113281 0.126302
14 0.373047 0.634115 0.101563 0.138021
14 0.339844 0.677734 0.099609 0.110677
14 0.307129 0.704427 0.067383 0.088542
14 0.291016 0.736979 0.072266 0.080729
14 0.278320 0.788411 0.089844 0.113281
14 0.266602 0.860677 0.136719 0.171875
14 0.231445 0.903646 0.132813 0.143229
14 0.202148 0.942708 0.121094 0.114583