14 0.122070 0.242188 0.082031 0.125000
14 0.153320 0.313802 0.058594 0.093750
14 0.207031 0.409505 0.091797 0.131510
14 0.275391 0.518229 0.080078 0.106771
14 0.346680 0.616536 0.062500 0.102865
14 0.409180 0.701172 0.060547 0.100260
14 0.466797 0.781250 0.062500 0.096354
14 0.494141 0.873698 0.068359 0.091146
14 0.535645 0.891927 0.088867 0.130208
14 0.558105 0.939453 0.073242 0.097656
14 0.953125 0.724609 0.039063 0.087240
14 0.919434 0.710938 0.049805 0.104167
14 0.892578 0.673828 0.037109 0.069010
14 0.855469 0.666667 0.060547 0.093750
0 0.881348 0.350911 0.059570 0.058594
14 0.729980 0.618490 0.041992 0.080729
14 0.657715 0.533203 0.081055 0.074219
14 0.637207 0.498698 0.092773 0.093750
14 0.625977 0.448568 0.085938 0.082031
14 0.617676 0.399089 0.059570 0.061198
14 0.588379 0.362630 0.081055 0.084635
14 0.572754 0.322266 0.083008 0.084635
14 0.536621 0.289714 0.118164 0.108073
14 0.538574 0.227214 0.081055 0.089844
14 0.507813 0.201823 0.117188 0.109375
14 0.489746 0.150391 0.108398 0.105469
14 0.471680 0.098958 0.121094 0.104167
14 0.462402 0.042318 0.088867 0.082031