14 0.152344 0.068359 0.078125 0.076823
14 0.226074 0.153646 0.041992 0.085938
14 0.037598 0.430339 0.075195 0.126302
14 0.052246 0.473307 0.075195 0.105469
14 0.350098 0.201823 0.051758 0.091146
14 0.387695 0.208333 0.035156 0.072917
0 0.738281 0.145182 0.072266 0.050781
14 0.416016 0.247396 0.050781 0.106771
14 0.448242 0.257813 0.037109 0.093750
14 0.501953 0.322266 0.044922 0.113281
14 0.583008 0.332031 0.042969 0.127604
14 0.613770 0.349609 0.045898 0.121094
14 0.669922 0.317708 0.035156 0.098958
14 0.701660 0.337891 0.036133 0.115885
14 0.731445 0.322266 0.035156 0.095052
14 0.758301 0.301432 0.040039 0.108073
14 0.789063 0.300781 0.041016 0.096354
14 0.853516 0.277995 0.042969 0.092448
14 0.887207 0.287109 0.047852 0.113281
14 0.907227 0.259766 0.046875 0.087240
14 0.931641 0.235677 0.044922 0.088542
14 0.959473 0.233724 0.047852 0.092448
14 0.156738 0.547526 0.055664 0.095052
14 0.176270 0.566406 0.049805 0.098958
14 0.200195 0.583333 0.046875 0.091146
14 0.223145 0.598307 0.047852 0.100260
14 0.252441 0.607422 0.055664 0.108073
14 0.275879 0.639974 0.051758 0.095052
14 0.307129 0.653646 0.053711 0.109375
14 0.359863 0.696615 0.043945 0.101563
14 0.394531 0.709635 0.054688 0.088542
14 0.452148 0.738281 0.064453 0.109375
14 0.498047 0.759766 0.050781 0.100260
14 0.523926 0.779297 0.059570 0.105469
14 0.560059 0.792969 0.040039 0.111979
14 0.590332 0.807292 0.040039 0.104167
14 0.615723 0.823568 0.030273 0.089844
14 0.642578 0.817057 0.042969 0.123698
14 0.672852 0.827474 0.039063 0.108073
14 0.698242 0.838542 0.033203 0.085938
14 0.726563 0.832682 0.033203 0.092448
14 0.754883 0.827474 0.042969 0.108073
14 0.791016 0.827474 0.037109 0.108073
14 0.822266 0.820313 0.039063 0.096354
14 0.874512 0.809245 0.038086 0.097656
14 0.903809 0.813802 0.032227 0.083333
14 0.925293 0.792318 0.043945 0.095052
14 0.959473 0.784505 0.040039 0.100260