2 0.326660 0.152344 0.053711 0.117188
0 0.231445 0.337891 0.068359 0.048177
0 0.080078 0.197266 0.029297 0.076823
14 0.073730 0.529297 0.047852 0.123698
14 0.104004 0.541667 0.047852 0.119792
14 0.164063 0.514974 0.037109 0.102865
14 0.194336 0.536458 0.037109 0.109375
14 0.222656 0.519531 0.039063 0.093750
14 0.252441 0.498698 0.038086 0.104167
14 0.279785 0.496094 0.036133 0.101563
14 0.344238 0.472005 0.043945 0.095052
14 0.376953 0.481120 0.050781 0.115885
14 0.396484 0.451823 0.044922 0.083333
14 0.419434 0.427734 0.047852 0.092448
14 0.448730 0.423828 0.043945 0.089844
14 0.511719 0.390625 0.056641 0.093750
14 0.545410 0.354167 0.045898 0.088542
14 0.579102 0.304688 0.050781 0.075521
14 0.614746 0.283854 0.069336 0.098958
14 0.648438 0.243490 0.056641 0.096354
14 0.672363 0.214193 0.057617 0.084635
14 0.681152 0.182292 0.059570 0.072917
14 0.708496 0.149089 0.055664 0.063802
14 0.727539 0.123698 0.068359 0.080729
14 0.758789 0.079427 0.078125 0.085938
14 0.958984 0.636068 0.062500 0.084635
14 0.918945 0.654948 0.060547 0.101563
14 0.898438 0.688151 0.056641 0.087240
14 0.849121 0.720703 0.057617 0.097656
14 0.797363 0.757813 0.063477 0.096354
14 0.777344 0.784505 0.054688 0.087240
14 0.750488 0.794922 0.063477 0.087240
14 0.725586 0.817057 0.064453 0.092448
14 0.687012 0.848958 0.049805 0.104167
14 0.630859 0.867188 0.046875 0.085938
14 0.612793 0.893880 0.045898 0.089844
14 0.576172 0.896484 0.058594 0.105469
14 0.532227 0.943359 0.041016 0.084635
14 0.503906 0.949870 0.044922 0.100260
14 0.475586 0.955729 0.046875 0.088542