14 0.873535 0.090495 0.079102 0.055990
14 0.883789 0.160807 0.068359 0.042969
14 0.875000 0.253255 0.078125 0.066406
14 0.873535 0.294922 0.069336 0.066406
14 0.849609 0.356771 0.078125 0.078125
14 0.804688 0.495443 0.074219 0.061198
14 0.777344 0.561849 0.072266 0.069010
14 0.762695 0.594401 0.074219 0.074219
14 0.747070 0.639323 0.087891 0.075521
14 0.727539 0.749349 0.068359 0.079427
14 0.707031 0.773438 0.076172 0.085938
14 0.674805 0.817708 0.066406 0.091146
14 0.653809 0.841797 0.053711 0.084635
14 0.628418 0.870443 0.063477 0.084635
14 0.599121 0.875000 0.059570 0.083333
14 0.557617 0.897135 0.058594 0.096354
14 0.538086 0.931641 0.060547 0.100260
14 0.487305 0.958333 0.056641 0.083333
14 0.021973 0.726563 0.043945 0.114583
14 0.037598 0.693359 0.045898 0.084635
14 0.060547 0.671875 0.044922 0.098958
14 0.088379 0.667318 0.049805 0.092448
14 0.154297 0.631510 0.054688 0.093750
14 0.185059 0.595703 0.047852 0.089844
14 0.219727 0.546224 0.052734 0.074219
14 0.257324 0.529297 0.063477 0.092448
14 0.293945 0.486328 0.060547 0.087240
14 0.314453 0.460286 0.060547 0.082031
14 0.323730 0.424479 0.059570 0.075521
14 0.351563 0.391276 0.052734 0.071615
14 0.368164 0.361328 0.070313 0.079427
14 0.400391 0.319661 0.080078 0.076823
14 0.414551 0.269531 0.073242 0.083333
14 0.423340 0.238281 0.059570 0.059896
14 0.438965 0.210286 0.063477 0.069010
14 0.451660 0.181641 0.073242 0.063802
14 0.455566 0.146484 0.071289 0.063802
14 0.470215 0.118490 0.075195 0.062500
14 0.472656 0.077474 0.068359 0.053385
14 0.475098 0.040365 0.065430 0.049479