0 0.053223 0.147786 0.067383 0.053385
14 0.292480 0.035156 0.073242 0.062500
14 0.340332 0.154948 0.061523 0.054688
14 0.435547 0.438802 0.068359 0.057292
14 0.458984 0.539063 0.056641 0.059896
14 0.497070 0.705729 0.064453 0.049479
14 0.511719 0.804688 0.064453 0.044271
14 0.521973 0.856771 0.077148 0.054688
14 0.523926 0.971354 0.073242 0.054688
14 0.800781 0.278646 0.076172 0.065104
14 0.817871 0.440104 0.077148 0.067708
14 0.828613 0.527344 0.073242 0.054688
14 0.865234 0.732422 0.058594 0.063802
14 0.860352 0.840495 0.082031 0.055990