14 0.146973 0.183594 0.110352 0.065104
14 0.415039 0.427083 0.070313 0.067708
14 0.349609 0.167969 0.058594 0.049479
14 0.102051 0.412109 0.032227 0.082031
14 0.178711 0.504557 0.062500 0.042969
14 0.081055 0.270833 0.076172 0.052083
14 0.250488 0.650391 0.057617 0.053385
14 0.211426 0.664063 0.059570 0.059896
0 0.538086 0.587240 0.064453 0.052083
14 0.470215 0.453776 0.071289 0.076823
0 0.405762 0.506510 0.061523 0.067708
14 0.573242 0.095052 0.062500 0.062500
14 0.745605 0.421875 0.081055 0.057292
14 0.776367 0.475911 0.070313 0.063802
14 0.825195 0.592448 0.060547 0.054688
14 0.916016 0.876953 0.070313 0.050781
14 0.944824 0.975911 0.061523 0.048177
14 0.061523 0.223958 0.072266 0.057292