14 0.398438 0.154297 0.072266 0.048177
14 0.398926 0.246094 0.067383 0.052083
0 0.194336 0.539714 0.064453 0.040365
0 0.196289 0.585938 0.064453 0.044271
0 0.196289 0.639323 0.066406 0.052083
14 0.402832 0.440755 0.065430 0.042969
14 0.399414 0.476563 0.066406 0.044271
14 0.401855 0.546224 0.073242 0.045573
14 0.407715 0.580729 0.073242 0.049479
14 0.402344 0.632161 0.082031 0.058594
14 0.407227 0.713542 0.066406 0.044271
14 0.422852 0.751953 0.074219 0.058594
14 0.425781 0.809245 0.078125 0.058594
14 0.437500 0.867839 0.076172 0.048177
14 0.447754 0.929036 0.071289 0.053385