0 0.033203 0.424479 0.035156 0.096354
0 0.060059 0.625651 0.040039 0.102865
0 0.070313 0.733073 0.037109 0.091146
14 0.520996 0.132161 0.077148 0.050781
14 0.518555 0.302734 0.082031 0.050781
14 0.507813 0.341797 0.078125 0.042969
14 0.505859 0.389974 0.072266 0.042969
14 0.512207 0.427734 0.079102 0.050781
14 0.508789 0.478516 0.064453 0.042969
14 0.508301 0.541016 0.092773 0.050781
14 0.499023 0.604818 0.085938 0.050781
0 0.701660 0.878906 0.065430 0.046875
0 0.701660 0.922526 0.065430 0.045573
0 0.701172 0.978516 0.064453 0.042969
2 0.709473 0.086589 0.063477 0.042969
0 0.709473 0.137370 0.061523 0.040365
0 0.724121 0.041667 0.067383 0.044271
14 0.900391 0.136719 0.083984 0.057292
14 0.893555 0.194010 0.066406 0.046875
14 0.895996 0.296875 0.075195 0.049479
14 0.901855 0.494792 0.069336 0.044271
14 0.904785 0.584635 0.075195 0.052083
14 0.908203 0.783203 0.070313 0.045573
14 0.905762 0.815104 0.067383 0.046875
14 0.907715 0.884766 0.077148 0.048177
14 0.912109 0.919922 0.074219 0.048177
14 0.907227 0.972656 0.082031 0.054688
0 0.696777 0.685547 0.069336 0.048177