14 0.627441 0.056641 0.069336 0.050781
0 0.419434 0.601563 0.061523 0.044271
14 0.215820 0.945313 0.078125 0.049479
14 0.448242 0.720052 0.070313 0.057292
0 0.429199 0.765625 0.059570 0.044271
0 0.424316 0.852214 0.061523 0.045573
2 0.406250 0.898438 0.060547 0.044271
0 0.408691 0.946615 0.067383 0.044271
14 0.629883 0.118490 0.064453 0.044271
14 0.629395 0.154297 0.065430 0.045573
14 0.626465 0.231771 0.077148 0.057292
14 0.628418 0.276042 0.079102 0.067708
14 0.619629 0.350260 0.063477 0.046875
14 0.604492 0.410807 0.070313 0.053385
14 0.605957 0.524089 0.077148 0.058594
14 0.601563 0.613281 0.074219 0.044271
14 0.604980 0.713542 0.075195 0.049479
14 0.592285 0.809245 0.071289 0.053385
14 0.598145 0.951172 0.084961 0.053385