4 0.373535 0.356771 0.090820 0.033854
1 0.958984 0.358073 0.035156 0.070313
10 0.887207 0.480469 0.041992 0.033854
2 0.599121 0.688802 0.022461 0.054688
2 0.056641 0.101563 0.021484 0.052083
0 0.052246 0.196615 0.020508 0.054688
1 0.073730 0.391927 0.024414 0.080729
0 0.020996 0.440104 0.038086 0.036458
10 0.252441 0.457682 0.047852 0.027344
10 0.301270 0.463542 0.041992 0.026042
10 0.339355 0.467448 0.041992 0.020833
10 0.379883 0.473307 0.046875 0.022135
10 0.239746 0.335286 0.047852 0.029948
0 0.455078 0.659505 0.037109 0.027344
0 0.453125 0.703125 0.039063 0.028646
0 0.395996 0.720052 0.036133 0.023438
0 0.450195 0.766276 0.037109 0.024740
0 0.395508 0.739583 0.042969 0.023438
0 0.453125 0.792318 0.035156 0.022135
0 0.395020 0.762370 0.040039 0.022135
0 0.395996 0.785807 0.038086 0.022135
0 0.392578 0.807292 0.039063 0.026042
0 0.392090 0.831380 0.038086 0.022135
0 0.454590 0.815755 0.038086 0.024740
10 0.081055 0.501302 0.035156 0.041667
0 0.115234 0.034505 0.037109 0.032552
0 0.086426 0.186198 0.020508 0.049479
0 0.104004 0.260417 0.036133 0.028646
0 0.054688 0.154297 0.023438 0.048177
0 0.114746 0.055990 0.040039 0.023438
0 0.112305 0.084635 0.042969 0.028646
0 0.109863 0.137370 0.041992 0.027344
0 0.061035 0.029297 0.020508 0.048177