0 0.398926 0.055339 0.024414 0.053385
2 0.372070 0.096354 0.019531 0.049479
1 0.042969 0.106120 0.050781 0.035156
0 0.047852 0.250651 0.033203 0.037760
0 0.037598 0.274089 0.034180 0.032552
2 0.408203 0.165365 0.021484 0.054688
0 0.396973 0.232422 0.022461 0.050781
0 0.377930 0.279297 0.021484 0.055990
2 0.424316 0.291016 0.016602 0.053385
0 0.384277 0.423828 0.022461 0.055990
2 0.418457 0.421224 0.020508 0.055990
4 0.354980 0.451823 0.026367 0.130208
0 0.341309 0.558594 0.034180 0.049479
0 0.298340 0.548177 0.030273 0.036458
0 0.282715 0.569661 0.038086 0.027344
0 0.240723 0.563802 0.032227 0.041667
0 0.222168 0.579427 0.041992 0.028646
0 0.330078 0.632813 0.023438 0.054688
0 0.318848 0.684245 0.022461 0.050781
0 0.311035 0.736328 0.024414 0.050781
2 0.295410 0.820313 0.022461 0.049479
2 0.216797 0.719401 0.041016 0.035156
0 0.250488 0.600911 0.036133 0.027344
0 0.219238 0.597005 0.036133 0.019531
0 0.641113 0.082031 0.041992 0.026042
1 0.759277 0.093750 0.063477 0.041667
2 0.805176 0.096354 0.040039 0.028646
0 0.877930 0.099609 0.044922 0.029948
0 0.980469 0.233724 0.023438 0.040365
0 0.972168 0.383464 0.020508 0.050781
0 0.976563 0.276693 0.019531 0.050781
0 0.956055 0.704427 0.019531 0.059896
1 0.945313 0.897135 0.023438 0.091146