0 0.054199 0.124349 0.026367 0.066406
0 0.066406 0.238281 0.031250 0.067708
2 0.066406 0.324219 0.029297 0.065104
0 0.057617 0.393229 0.027344 0.052083
0 0.037109 0.424479 0.031250 0.065104
0 0.057129 0.483724 0.022461 0.048177
0 0.061523 0.559896 0.025391 0.059896
2 0.033691 0.562500 0.030273 0.070313
4 0.550293 0.871094 0.147461 0.065104
2 0.833984 0.858724 0.060547 0.042969
0 0.235352 0.891927 0.056641 0.041667
0 0.053223 0.930990 0.061523 0.052083
0 0.319336 0.896484 0.054688 0.040365
0 0.173340 0.949870 0.053711 0.055990
0 0.368652 0.904948 0.053711 0.033854
0 0.415039 0.906901 0.042969 0.032552
0 0.496094 0.916667 0.056641 0.039063
0 0.645020 0.931641 0.055664 0.037760
0 0.550781 0.922526 0.050781 0.035156
0 0.593750 0.926432 0.046875 0.032552
0 0.475586 0.814453 0.056641 0.040365