0 0.978516 0.024089 0.042969 0.035156
4 0.875000 0.100911 0.117188 0.048177
4 0.267578 0.298177 0.119141 0.044271
4 0.153809 0.297526 0.114258 0.050781
0 0.434082 0.040365 0.045898 0.036458
0 0.079102 0.033203 0.054688 0.042969
0 0.072754 0.296875 0.041992 0.031250
10 0.537109 0.266276 0.052734 0.035156
10 0.175781 0.249349 0.058594 0.035156
0 0.637695 0.321615 0.052734 0.039063
0 0.631836 0.105469 0.023438 0.049479
0 0.548340 0.059245 0.047852 0.032552
0 0.697266 0.151042 0.027344 0.059896
0 0.797852 0.490234 0.039063 0.029948
1 0.513672 0.460938 0.052734 0.041667
0 0.748047 0.483724 0.039063 0.032552
0 0.594727 0.469401 0.037109 0.024740
0 0.422852 0.600260 0.023438 0.059896
0 0.441895 0.595052 0.016602 0.054688
0 0.193359 0.448568 0.041016 0.027344
10 0.300293 0.255208 0.032227 0.028646
0 0.766113 0.018229 0.038086 0.031250
0 0.925293 0.024089 0.045898 0.037760
0 0.961914 0.067708 0.042969 0.039063
10 0.816406 0.045573 0.041016 0.031250
0 0.729492 0.014323 0.037109 0.028646
0 0.737793 0.042318 0.034180 0.027344
10 0.367188 0.452474 0.042969 0.032552
10 0.461426 0.460938 0.038086 0.028646
10 0.416504 0.457682 0.040039 0.035156
10 0.320801 0.453776 0.030273 0.027344
0 0.708008 0.479818 0.039063 0.037760
2 0.237793 0.449870 0.049805 0.027344
0 0.110840 0.399740 0.043945 0.033854
0 0.069336 0.445313 0.044922 0.036458
10 0.151367 0.444010 0.039063 0.031250
0 0.824219 0.265625 0.044922 0.036458
10 0.315430 0.022135 0.033203 0.031250
0 0.891113 0.899089 0.028320 0.050781
0 0.905762 0.938802 0.030273 0.052083