0 0.291992 0.023438 0.039063 0.028646
0 0.189941 0.253906 0.049805 0.033854
0 0.699707 0.031250 0.041992 0.033854
1 0.593750 0.051432 0.066406 0.037760
1 0.450684 0.109375 0.071289 0.039063
10 0.531250 0.039714 0.035156 0.032552
0 0.815430 0.018880 0.041016 0.032552
2 0.771484 0.041016 0.048828 0.037760
0 0.685547 0.072266 0.044922 0.035156
0 0.727051 0.062500 0.040039 0.031250
0 0.645996 0.093750 0.041992 0.036458
0 0.605469 0.110677 0.042969 0.039063
0 0.514648 0.114583 0.041016 0.039063
0 0.644531 0.185547 0.041016 0.035156
0 0.606934 0.202474 0.038086 0.029948
0 0.564453 0.220052 0.039063 0.033854
2 0.407227 0.238932 0.037109 0.058594
4 0.407227 0.387370 0.037109 0.144531
1 0.459473 0.572266 0.041992 0.092448
0 0.446289 0.402995 0.029297 0.048177
0 0.463867 0.463542 0.027344 0.052083
0 0.489258 0.502604 0.025391 0.049479
1 0.468262 0.657552 0.032227 0.067708
1 0.505859 0.868490 0.041016 0.088542
0 0.478516 0.781250 0.027344 0.052083
0 0.474121 0.720052 0.026367 0.049479
10 0.423340 0.694661 0.038086 0.066406
10 0.448242 0.499349 0.031250 0.055990
4 0.345215 0.120443 0.106445 0.071615
1 0.506836 0.962240 0.033203 0.075521