4 0.550293 0.035156 0.112305 0.044271
4 0.552734 0.081380 0.117188 0.040365
4 0.564453 0.154948 0.117188 0.039063
4 0.519043 0.205078 0.116211 0.042969
4 0.521484 0.250651 0.119141 0.040365
4 0.522949 0.296875 0.112305 0.044271
4 0.526367 0.335938 0.111328 0.044271
4 0.534180 0.387370 0.113281 0.037760
4 0.521484 0.432292 0.113281 0.044271
4 0.519531 0.479818 0.117188 0.045573
4 0.519043 0.526693 0.118164 0.040365
4 0.527344 0.616536 0.113281 0.048177
4 0.521973 0.659505 0.124023 0.048177
4 0.511230 0.708333 0.122070 0.046875
4 0.510254 0.755859 0.122070 0.037760
4 0.509766 0.804688 0.115234 0.052083
4 0.506348 0.849609 0.118164 0.048177
4 0.509766 0.908203 0.119141 0.053385
4 0.504883 0.953776 0.119141 0.045573
0 0.136230 0.033203 0.043945 0.032552