4 0.536133 0.043620 0.117188 0.042969
4 0.527344 0.091797 0.117188 0.042969
4 0.522461 0.138021 0.119141 0.049479
4 0.522461 0.182943 0.113281 0.042969
4 0.528320 0.274740 0.115234 0.049479
4 0.515625 0.317708 0.113281 0.046875
4 0.510742 0.365885 0.119141 0.046875
4 0.510254 0.414714 0.116211 0.042969
4 0.508789 0.462891 0.113281 0.045573
4 0.505371 0.507813 0.112305 0.041667
4 0.510254 0.568359 0.114258 0.048177
4 0.507324 0.613932 0.110352 0.035156
4 0.502930 0.651042 0.101563 0.049479
4 0.497070 0.689453 0.113281 0.053385
4 0.492188 0.776693 0.109375 0.050781
4 0.491211 0.820964 0.109375 0.035156
4 0.504883 0.861328 0.074219 0.035156
0 0.422852 0.977214 0.037109 0.045573