0 0.385254 0.086589 0.032227 0.087240
0 0.717285 0.195313 0.071289 0.046875
0 0.570313 0.190755 0.068359 0.048177
0 0.468750 0.193359 0.070313 0.042969
0 0.302246 0.189453 0.071289 0.048177
1 0.686035 0.384766 0.122070 0.076823
4 0.144531 0.367188 0.203125 0.072917
2 0.150391 0.440755 0.095703 0.055990
0 0.621582 0.464193 0.063477 0.040365
0 0.595703 0.711589 0.041016 0.097656
0 0.566406 0.638672 0.031250 0.082031
0 0.488281 0.724609 0.041016 0.105469
0 0.523438 0.720052 0.035156 0.101563
0 0.588379 0.912109 0.040039 0.084635
0 0.293457 0.931641 0.041992 0.092448
0 0.219727 0.933594 0.039063 0.083333
0 0.344727 0.733724 0.035156 0.095052