0 0.502441 0.027995 0.053711 0.055990
4 0.292969 0.250651 0.138672 0.066406
4 0.458496 0.299479 0.133789 0.057292
4 0.315918 0.437500 0.139648 0.065104
4 0.464355 0.447266 0.143555 0.066406
10 0.600586 0.543620 0.072266 0.050781
4 0.470703 0.632813 0.093750 0.057292
4 0.657227 0.689453 0.087891 0.058594
4 0.725586 0.874349 0.136719 0.058594
4 0.757813 0.925781 0.130859 0.057292
4 0.606934 0.593750 0.106445 0.059896
0 0.093750 0.457682 0.041016 0.063802
0 0.224121 0.716146 0.045898 0.075521
0 0.709961 0.438151 0.041016 0.066406