4 0.215820 0.074219 0.136719 0.065104
4 0.380371 0.119792 0.133789 0.062500
4 0.239746 0.256510 0.135742 0.067708
4 0.387207 0.261719 0.139648 0.065104
4 0.395996 0.444010 0.098633 0.065104
10 0.523926 0.350911 0.071289 0.050781
4 0.532227 0.404297 0.101563 0.058594
4 0.581055 0.494141 0.089844 0.063802
4 0.650391 0.679036 0.138672 0.061198
4 0.684082 0.725260 0.131836 0.059896
4 0.755859 0.860026 0.140625 0.066406
0 0.627930 0.246094 0.044922 0.070313
2 0.450195 0.972656 0.064453 0.054688
0 0.020996 0.280599 0.041992 0.066406