4 0.314941 0.091797 0.135742 0.061198
4 0.426270 0.223958 0.151367 0.078125
4 0.457520 0.272786 0.131836 0.079427
4 0.487793 0.325521 0.147461 0.075521
4 0.638672 0.534505 0.138672 0.069010
2 0.675781 0.622396 0.083984 0.062500
2 0.702637 0.652344 0.086914 0.070313
2 0.551270 0.626302 0.063477 0.104167
0 0.396484 0.686198 0.042969 0.052083
0 0.615234 0.725911 0.044922 0.055990
0 0.642090 0.755208 0.036133 0.054688
0 0.752930 0.770182 0.054688 0.048177
0 0.649414 0.841146 0.046875 0.070313
0 0.723145 0.879557 0.049805 0.061198
0 0.787109 0.824870 0.050781 0.053385
4 0.896973 0.903646 0.116211 0.161458