3 0.143555 0.173177 0.166016 0.070313
1 0.391602 0.170573 0.089844 0.041667
1 0.175293 0.296224 0.127930 0.115885
0 0.054199 0.555990 0.024414 0.065104
0 0.524902 0.505859 0.043945 0.055990
3 0.441895 0.909505 0.155273 0.084635
0 0.975098 0.342448 0.049805 0.033854
0 0.642090 0.798828 0.034180 0.050781
0 0.730957 0.802734 0.038086 0.050781
0 0.766602 0.804688 0.042969 0.059896
0 0.674316 0.800130 0.041992 0.061198
2 0.631836 0.679036 0.039063 0.050781
0 0.611328 0.472656 0.044922 0.054688
0 0.514160 0.345703 0.034180 0.045573
0 0.578125 0.352214 0.037109 0.048177
0 0.641602 0.363281 0.041016 0.054688
0 0.695801 0.362630 0.043945 0.058594