2 0.218750 0.382161 0.033203 0.092448
2 0.247559 0.391276 0.030273 0.118490
2 0.275879 0.371094 0.030273 0.083333
1 0.372559 0.413411 0.036133 0.115885
0 0.734375 0.489583 0.050781 0.041667
0 0.490723 0.516927 0.049805 0.041667
0 0.461426 0.585938 0.045898 0.044271
1 0.370605 0.655599 0.075195 0.058594
1 0.333496 0.779948 0.073242 0.070313
2 0.816406 0.522135 0.054688 0.049479
2 0.895508 0.626953 0.052734 0.045573
2 0.975098 0.559896 0.034180 0.065104
2 0.904785 0.343750 0.030273 0.070313
2 0.967773 0.169271 0.035156 0.083333
2 0.954590 0.250000 0.028320 0.067708
2 0.940918 0.320964 0.030273 0.076823
0 0.575684 0.531250 0.028320 0.062500