2 0.094727 0.111328 0.062500 0.188802
2 0.160645 0.708333 0.063477 0.174479
1 0.094727 0.797526 0.074219 0.238281
1 0.102051 0.436849 0.067383 0.217448
1 0.581055 0.188802 0.078125 0.244792
1 0.599121 0.421875 0.067383 0.213542
1 0.614746 0.757161 0.069336 0.243490
1 0.549316 0.777995 0.069336 0.235677
1 0.538574 0.542969 0.069336 0.234375
1 0.528320 0.322266 0.064453 0.204427
1 0.653320 0.318359 0.062500 0.183594
1 0.642578 0.140625 0.056641 0.179688
1 0.836914 0.511068 0.066406 0.186198
0 0.715820 0.491536 0.046875 0.123698