3 0.104004 0.193359 0.204102 0.079427
0 0.392090 0.235026 0.061523 0.045573
0 0.642090 0.250000 0.073242 0.049479
0 0.691895 0.304688 0.059570 0.044271
0 0.060547 0.307292 0.060547 0.046875
0 0.120605 0.315104 0.073242 0.044271
10 0.123535 0.598958 0.102539 0.083333
10 0.268066 0.837240 0.104492 0.083333
10 0.507324 0.919922 0.108398 0.084635
0 0.377441 0.688151 0.067383 0.045573
0 0.783691 0.825521 0.067383 0.057292
1 0.923828 0.393229 0.140625 0.080729
1 0.867188 0.664714 0.123047 0.087240
0 0.475586 0.235677 0.082031 0.049479
10 0.785645 0.466797 0.065430 0.152344