0 0.145020 0.393229 0.079102 0.049479
0 0.196777 0.445313 0.059570 0.039063
1 0.426758 0.537760 0.140625 0.083333
1 0.371582 0.810547 0.118164 0.087240
0 0.287109 0.970052 0.074219 0.057292
0 0.434082 0.419922 0.065430 0.048177
1 0.573730 0.546224 0.088867 0.066406
0 0.492676 0.218099 0.065430 0.048177
0 0.858398 0.236328 0.068359 0.045573
0 0.930176 0.245443 0.065430 0.050781
0 0.727051 0.442057 0.059570 0.045573
2 0.975098 0.934896 0.047852 0.111979
10 0.292969 0.611328 0.060547 0.154948
0 0.700684 0.641276 0.071289 0.055990