0 0.090820 0.183594 0.082031 0.052083
0 0.096680 0.366536 0.083984 0.061198
0 0.085449 0.668620 0.077148 0.053385
0 0.100098 0.782552 0.084961 0.059896
0 0.100098 0.843099 0.084961 0.055990
2 0.403809 0.479167 0.057617 0.174479
0 0.841797 0.878255 0.099609 0.066406
2 0.527832 0.716797 0.049805 0.121094
0 0.319824 0.894531 0.090820 0.062500
0 0.324219 0.830729 0.080078 0.052083
0 0.320313 0.591146 0.085938 0.046875
0 0.319824 0.414714 0.081055 0.053385
0 0.320801 0.351563 0.081055 0.052083
0 0.315918 0.049479 0.088867 0.059896
0 0.313965 0.111328 0.092773 0.055990
0 0.319824 0.475911 0.090820 0.055990
0 0.315430 0.714193 0.097656 0.061198
0 0.316406 0.774089 0.093750 0.053385
0 0.307129 0.177083 0.092773 0.049479
10 0.314941 0.238932 0.083008 0.050781
10 0.319336 0.294271 0.080078 0.049479