14 0.020996 0.464844 0.041992 0.153646
14 0.054199 0.463542 0.034180 0.111979
14 0.091797 0.447917 0.037109 0.111979
14 0.125977 0.441406 0.029297 0.132813
14 0.162109 0.424479 0.037109 0.111979
14 0.189941 0.430339 0.036133 0.108073
14 0.287109 0.430339 0.042969 0.131510
14 0.324219 0.434245 0.035156 0.139323
14 0.429199 0.405599 0.041992 0.100260
14 0.461914 0.412109 0.039063 0.115885
14 0.531738 0.433594 0.051758 0.158854
14 0.604004 0.431641 0.041992 0.157552
14 0.637695 0.414063 0.041016 0.125000
14 0.670898 0.414714 0.041016 0.141927
14 0.761719 0.356120 0.087891 0.037760
14 0.774902 0.917318 0.100586 0.053385
14 0.766602 0.980469 0.109375 0.039063