14 0.034668 0.382813 0.040039 0.117188
14 0.073242 0.376302 0.035156 0.119792
14 0.107910 0.366536 0.043945 0.126302
14 0.147949 0.384766 0.040039 0.144531
14 0.178711 0.395182 0.029297 0.092448
14 0.228027 0.379557 0.028320 0.126302
14 0.204590 0.397135 0.022461 0.093750
14 0.286621 0.394531 0.041992 0.117188
14 0.504395 0.707031 0.047852 0.114583
14 0.384277 0.380859 0.038086 0.108073
14 0.417969 0.367839 0.037109 0.139323
14 0.454590 0.373698 0.032227 0.109375
14 0.511719 0.394531 0.035156 0.093750
14 0.566406 0.392578 0.041016 0.113281
14 0.612793 0.355469 0.061523 0.187500
14 0.673828 0.405599 0.035156 0.100260
14 0.704590 0.410807 0.030273 0.126302
14 0.742188 0.398438 0.046875 0.132813
14 0.811523 0.384115 0.044922 0.166667
14 0.847168 0.410807 0.036133 0.123698
14 0.885254 0.400391 0.040039 0.141927