14 0.164551 0.125651 0.086914 0.050781
14 0.140137 0.285156 0.086914 0.046875
14 0.132324 0.355469 0.094727 0.057292
14 0.115234 0.468099 0.085938 0.053385
14 0.101074 0.582031 0.102539 0.062500
14 0.093262 0.649740 0.098633 0.052083
14 0.090820 0.709635 0.097656 0.049479
14 0.098633 0.770833 0.113281 0.049479
14 0.103027 0.832031 0.120117 0.054688
14 0.092773 0.892578 0.099609 0.050781
14 0.405273 0.108073 0.080078 0.049479
14 0.500488 0.097656 0.069336 0.036458
14 0.410645 0.257161 0.077148 0.045573
14 0.414063 0.296875 0.082031 0.041667
14 0.410645 0.334635 0.088867 0.046875
14 0.511230 0.347005 0.065430 0.040365
14 0.413574 0.412760 0.083008 0.052083
14 0.509277 0.384766 0.067383 0.040365
14 0.513184 0.514323 0.053711 0.052083
14 0.416992 0.524089 0.089844 0.053385
14 0.523438 0.630208 0.076172 0.039063
14 0.701172 0.110677 0.062500 0.041667
14 0.703613 0.253906 0.071289 0.041667
14 0.710938 0.477865 0.074219 0.044271
14 0.716797 0.533203 0.066406 0.035156
14 0.719238 0.620443 0.073242 0.045573
14 0.658203 0.841797 0.054688 0.037760
14 0.650879 0.929688 0.073242 0.044271
14 0.775879 0.020833 0.053711 0.031250
14 0.781738 0.050781 0.055664 0.039063
14 0.796875 0.381510 0.058594 0.036458
14 0.797363 0.439453 0.051758 0.035156
14 0.803223 0.611979 0.049805 0.036458
14 0.753418 0.966146 0.083008 0.049479
14 0.978027 0.056641 0.043945 0.035156
14 0.901855 0.065755 0.043945 0.035156
14 0.907715 0.179036 0.059570 0.040365
14 0.912109 0.234375 0.054688 0.036458
14 0.915039 0.291016 0.048828 0.035156
14 0.918945 0.375651 0.048828 0.040365