3 0.657227 0.120443 0.119141 0.040365
1 0.885742 0.283203 0.029297 0.180990
1 0.881836 0.476563 0.029297 0.184896
3 0.953613 0.402344 0.030273 0.200521
3 0.957520 0.617839 0.038086 0.194010
3 0.668945 0.351563 0.123047 0.044271
3 0.663086 0.623698 0.121094 0.039063
3 0.038086 0.777995 0.046875 0.175781
3 0.323730 0.199870 0.118164 0.037760
3 0.179199 0.241536 0.118164 0.037760
3 0.324707 0.313151 0.116211 0.037760
3 0.183594 0.315755 0.117188 0.040365
3 0.320801 0.350911 0.118164 0.040365
3 0.177734 0.431641 0.119141 0.037760
3 0.183594 0.470052 0.121094 0.039063
3 0.316895 0.391276 0.114258 0.040365
3 0.319336 0.463542 0.115234 0.041667
3 0.331543 0.503255 0.118164 0.037760
3 0.334961 0.546875 0.115234 0.041667
3 0.177246 0.582682 0.118164 0.037760
3 0.178223 0.624349 0.118164 0.040365
3 0.324707 0.621745 0.114258 0.037760
3 0.325195 0.660807 0.115234 0.040365
3 0.169434 0.737630 0.122070 0.037760
3 0.323730 0.699870 0.112305 0.037760
3 0.336914 0.736328 0.117188 0.040365
3 0.170410 0.776042 0.116211 0.039063
3 0.328125 0.776693 0.117188 0.040365
3 0.177734 0.814453 0.117188 0.040365
3 0.176270 0.854818 0.116211 0.042969
3 0.315430 0.853516 0.115234 0.035156
3 0.318848 0.894531 0.118164 0.041667
3 0.172852 0.893880 0.117188 0.035156
3 0.173828 0.930990 0.115234 0.039063
3 0.323242 0.967448 0.123047 0.039063
3 0.662598 0.656250 0.118164 0.036458
3 0.658203 0.696615 0.115234 0.044271
3 0.643555 0.737630 0.142578 0.037760
3 0.653809 0.816406 0.112305 0.044271
3 0.655273 0.930990 0.115234 0.041667