0 0.701660 0.055339 0.020508 0.058594
1 0.639160 0.232422 0.028320 0.087240
0 0.918457 0.222656 0.034180 0.028646
3 0.985352 0.255859 0.029297 0.160156
0 0.567383 0.385417 0.021484 0.052083
10 0.604004 0.697266 0.030273 0.131510
3 0.568848 0.710938 0.028320 0.184896
3 0.538574 0.720703 0.028320 0.134115
10 0.511719 0.690104 0.029297 0.132813
3 0.481934 0.709635 0.032227 0.187500
10 0.454102 0.687500 0.025391 0.145833
3 0.421875 0.710938 0.027344 0.179688
3 0.394043 0.706380 0.028320 0.178385
3 0.367188 0.690755 0.031250 0.180990
3 0.310059 0.699219 0.030273 0.210938
3 0.277344 0.701172 0.031250 0.183594
1 0.224609 0.652995 0.027344 0.113281
3 0.221191 0.697917 0.030273 0.208333
3 0.194336 0.694661 0.029297 0.183594
3 0.165039 0.708984 0.027344 0.186198
3 0.135742 0.718750 0.031250 0.151042
3 0.446777 0.969401 0.137695 0.042969