1 0.177734 0.098958 0.152344 0.070313
1 0.157715 0.347005 0.141602 0.058594
1 0.642090 0.550781 0.045898 0.166667
1 0.899414 0.447266 0.068359 0.178385
1 0.851074 0.078776 0.071289 0.053385
0 0.972168 0.071615 0.055664 0.044271
0 0.728027 0.481120 0.030273 0.079427
1 0.794922 0.572266 0.085938 0.058594
2 0.693359 0.632161 0.068359 0.048177
0 0.928711 0.598307 0.054688 0.040365
0 0.612305 0.501302 0.029297 0.083333
1 0.578125 0.496745 0.039063 0.105469
0 0.535645 0.491536 0.034180 0.092448
1 0.500000 0.503255 0.041016 0.113281
1 0.465332 0.505208 0.038086 0.109375
1 0.430176 0.492839 0.040039 0.118490
1 0.394531 0.488932 0.041016 0.113281
0 0.372070 0.581380 0.062500 0.040365
1 0.353027 0.500000 0.041992 0.122396
1 0.316406 0.513672 0.039063 0.121094
1 0.277832 0.494141 0.036133 0.110677
1 0.217773 0.541667 0.083984 0.052083
1 0.132324 0.542318 0.083008 0.050781
1 0.125000 0.656250 0.082031 0.062500
0 0.294922 0.606120 0.054688 0.042969
0 0.810547 0.878255 0.035156 0.082031
0 0.629395 0.879557 0.036133 0.079427