3 0.876953 0.031901 0.130859 0.053385
10 0.757813 0.035156 0.103516 0.049479
1 0.667969 0.042318 0.074219 0.037760
1 0.574219 0.046224 0.083984 0.040365
1 0.765137 0.085286 0.073242 0.045573
1 0.692871 0.083984 0.079102 0.042969
1 0.615723 0.087240 0.083008 0.036458
1 0.522461 0.091797 0.107422 0.048177
1 0.607910 0.141276 0.125977 0.053385
1 0.481934 0.148438 0.098633 0.049479
3 0.769531 0.194661 0.126953 0.050781
1 0.545898 0.196615 0.076172 0.046875
1 0.445313 0.202474 0.113281 0.053385
1 0.733398 0.250000 0.130859 0.046875
1 0.690430 0.305990 0.134766 0.052083
1 0.566406 0.309245 0.125000 0.053385
1 0.401855 0.260417 0.104492 0.044271
1 0.356445 0.314453 0.099609 0.053385
1 0.654297 0.363281 0.105469 0.052083
3 0.552246 0.361979 0.098633 0.049479
3 0.463867 0.363932 0.091797 0.050781
1 0.310547 0.371094 0.093750 0.052083
1 0.565918 0.476563 0.114258 0.054688
1 0.447754 0.476563 0.108398 0.052083
1 0.318359 0.479818 0.076172 0.048177
1 0.288086 0.426432 0.123047 0.053385
1 0.231445 0.481771 0.105469 0.049479
1 0.524902 0.530599 0.118164 0.053385
3 0.343750 0.536458 0.160156 0.052083
1 0.199707 0.539714 0.122070 0.050781
1 0.496094 0.583984 0.099609 0.048177
10 0.399414 0.584635 0.070313 0.044271
3 0.288574 0.590495 0.147461 0.055990
1 0.149902 0.595703 0.100586 0.053385
1 0.434570 0.643229 0.136719 0.052083
1 0.314941 0.644531 0.084961 0.049479
3 0.214844 0.651693 0.095703 0.053385
1 0.111816 0.654297 0.110352 0.053385
1 0.425293 0.698568 0.079102 0.048177
1 0.215820 0.705729 0.105469 0.049479
1 0.094238 0.704427 0.129883 0.054688
1 0.357422 0.757161 0.109375 0.045573
1 0.090332 0.753906 0.129883 0.046875
3 0.231934 0.757813 0.149414 0.044271
1 0.109375 0.796224 0.105469 0.050781
1 0.296387 0.844401 0.102539 0.048177
3 0.242676 0.886719 0.153320 0.046875
3 0.217773 0.929036 0.150391 0.053385
1 0.922363 0.490234 0.047852 0.149740
3 0.932617 0.628255 0.041016 0.121094
3 0.881836 0.593099 0.042969 0.212240
3 0.845215 0.619792 0.045898 0.205729
3 0.805664 0.681641 0.048828 0.209635
3 0.763184 0.726563 0.047852 0.208333
3 0.719727 0.783203 0.042969 0.204427
3 0.682129 0.836589 0.045898 0.204427
3 0.636230 0.889323 0.043945 0.205729
3 0.596680 0.919922 0.042969 0.160156
0 0.280273 0.020182 0.046875 0.040365
0 0.223145 0.080078 0.045898 0.055990
2 0.174316 0.077474 0.059570 0.076823
2 0.867676 0.826172 0.069336 0.074219
10 0.817383 0.868490 0.035156 0.091146
2 0.789551 0.885417 0.034180 0.101563
3 0.922852 0.125000 0.119141 0.166667
3 0.686523 0.440104 0.125000 0.179688
3 0.604492 0.629557 0.132813 0.180990
3 0.487305 0.712240 0.123047 0.174479
3 0.368164 0.869792 0.123047 0.171875
1 0.422363 0.118490 0.100586 0.132813
3 0.114746 0.520182 0.124023 0.178385