3 0.120117 0.240234 0.039063 0.186198
1 0.561035 0.535807 0.040039 0.128906
3 0.306152 0.666016 0.100586 0.042969
1 0.426758 0.672526 0.058594 0.035156
1 0.482422 0.673828 0.058594 0.032552
1 0.531738 0.678385 0.051758 0.033854
1 0.586914 0.683594 0.056641 0.028646
1 0.642578 0.688151 0.058594 0.037760
1 0.705078 0.690104 0.062500 0.036458
1 0.765137 0.689453 0.063477 0.040365
0 0.270996 0.974609 0.022461 0.050781
0 0.892090 0.027995 0.043945 0.035156
0 0.898438 0.110026 0.044922 0.035156
0 0.896973 0.137370 0.043945 0.027344
0 0.893066 0.222005 0.047852 0.035156
0 0.894531 0.289063 0.042969 0.031250
0 0.754883 0.266927 0.048828 0.036458
0 0.726563 0.518880 0.025391 0.061198