4 0.703125 0.175781 0.042969 0.158854
2 0.757813 0.278646 0.070313 0.044271
2 0.767090 0.319010 0.057617 0.041667
0 0.735352 0.425781 0.027344 0.070313
2 0.780273 0.487630 0.060547 0.045573
0 0.789063 0.583984 0.056641 0.037760
0 0.791992 0.627604 0.050781 0.049479
0 0.068359 0.838542 0.031250 0.072917
0 0.094238 0.841146 0.024414 0.065104
0 0.146973 0.833333 0.028320 0.067708
0 0.228516 0.821615 0.025391 0.070313
0 0.278809 0.828125 0.028320 0.070313
0 0.328613 0.821615 0.030273 0.067708
0 0.428223 0.813151 0.028320 0.071615
0 0.501953 0.813802 0.029297 0.065104
0 0.525879 0.804036 0.022461 0.069010
0 0.346191 0.935547 0.055664 0.037760
0 0.452148 0.941406 0.054688 0.036458
0 0.506836 0.944661 0.052734 0.035156
0 0.555176 0.945964 0.045898 0.032552
0 0.110352 0.750000 0.058594 0.059896
0 0.672852 0.351563 0.041016 0.057292
0 0.225586 0.364583 0.054688 0.036458
0 0.114258 0.479167 0.029297 0.070313
0 0.181641 0.420573 0.048828 0.031250
0 0.226563 0.417969 0.042969 0.036458
0 0.373535 0.406901 0.047852 0.035156
0 0.415039 0.402344 0.042969 0.033854
0 0.460938 0.399089 0.048828 0.035156
0 0.601074 0.449219 0.030273 0.065104
0 0.536133 0.453125 0.033203 0.072917
0 0.511230 0.453125 0.030273 0.065104
0 0.486816 0.452474 0.028320 0.069010
0 0.598145 0.495443 0.049805 0.037760
0 0.437988 0.460938 0.028320 0.075521
0 0.413086 0.455729 0.025391 0.062500
2 0.389648 0.462240 0.031250 0.075521
0 0.363281 0.455729 0.029297 0.062500
0 0.289063 0.468099 0.029297 0.071615
0 0.264648 0.468750 0.027344 0.070313
0 0.239258 0.466146 0.027344 0.054688
0 0.217285 0.474609 0.032227 0.074219
0 0.191895 0.471354 0.028320 0.062500
0 0.327148 0.408203 0.048828 0.035156
0 0.630371 0.443359 0.032227 0.069010
0 0.615234 0.593099 0.033203 0.076823
0 0.591309 0.596354 0.024414 0.065104
0 0.567871 0.593750 0.030273 0.072917
0 0.541992 0.592448 0.027344 0.070313
0 0.468262 0.600911 0.028320 0.063802
0 0.416992 0.595052 0.031250 0.072917
0 0.392090 0.595052 0.028320 0.070313
0 0.371094 0.605469 0.029297 0.078125
0 0.345703 0.600260 0.029297 0.072917
0 0.321289 0.605469 0.025391 0.072917
0 0.298340 0.599609 0.028320 0.063802
0 0.272949 0.608724 0.026367 0.069010
0 0.250488 0.613932 0.028320 0.069010
0 0.222168 0.619141 0.028320 0.069010
0 0.172363 0.624349 0.030273 0.074219
0 0.118164 0.611979 0.029297 0.072917
2 0.300293 0.678385 0.028320 0.085938
0 0.374023 0.671875 0.023438 0.065104
0 0.395996 0.668620 0.022461 0.071615
2 0.422363 0.669271 0.026367 0.075521
0 0.249023 0.685547 0.025391 0.076823
0 0.222656 0.689453 0.027344 0.069010
0 0.199707 0.684245 0.024414 0.069010
0 0.173828 0.686198 0.023438 0.065104
0 0.474609 0.661458 0.023438 0.070313
0 0.571777 0.666667 0.024414 0.062500
0 0.594238 0.658203 0.028320 0.069010
0 0.351563 0.671224 0.025391 0.069010