0 0.558594 0.196615 0.050781 0.041667
0 0.569824 0.240885 0.041992 0.041667
0 0.390625 0.208984 0.039063 0.066406
0 0.361328 0.222656 0.039063 0.070313
0 0.299805 0.281250 0.044922 0.065104
0 0.322754 0.341146 0.045898 0.049479
0 0.104004 0.244141 0.049805 0.050781
0 0.065430 0.373698 0.027344 0.057292
0 0.492676 0.509766 0.053711 0.050781
0 0.476563 0.541016 0.048828 0.045573
2 0.425293 0.674479 0.065430 0.072917
0 0.353516 0.688802 0.039063 0.067708
0 0.310547 0.625000 0.044922 0.075521
2 0.271973 0.557943 0.051758 0.071615
0 0.254395 0.527344 0.045898 0.075521
0 0.230957 0.486979 0.043945 0.054688
0 0.894531 0.466146 0.031250 0.059896