4 0.223145 0.350911 0.188477 0.058594
0 0.100098 0.358724 0.053711 0.037760
0 0.363770 0.350260 0.053711 0.041667
0 0.428711 0.344401 0.048828 0.040365
0 0.378418 0.302734 0.055664 0.042969
0 0.426270 0.304036 0.051758 0.029948
0 0.472656 0.302083 0.050781 0.031250
0 0.708496 0.301432 0.057617 0.037760
0 0.949219 0.264974 0.046875 0.035156
0 0.971191 0.567708 0.040039 0.057292
0 0.908203 0.464193 0.046875 0.035156
0 0.184570 0.303385 0.052734 0.036458
0 0.969727 0.462891 0.054688 0.040365
0 0.273926 0.470052 0.053711 0.039063
0 0.183594 0.470703 0.044922 0.035156
0 0.018555 0.631510 0.035156 0.057292
0 0.052246 0.694010 0.040039 0.067708
0 0.145508 0.862630 0.041016 0.069010
0 0.675781 0.571615 0.042969 0.036458
0 0.111328 0.796875 0.041016 0.065104
0 0.082520 0.746745 0.043945 0.074219