0 0.500488 0.330078 0.059570 0.042969
10 0.724121 0.882161 0.040039 0.113281
2 0.280762 0.127604 0.034180 0.096354
2 0.047852 0.094401 0.056641 0.074219
2 0.078613 0.066406 0.055664 0.078125
10 0.173340 0.080729 0.069336 0.101563
0 0.244629 0.090495 0.030273 0.079427
2 0.235352 0.166667 0.054688 0.080729
0 0.373047 0.319661 0.054688 0.076823
0 0.115234 0.672526 0.058594 0.074219
0 0.166016 0.731771 0.048828 0.067708
0 0.208008 0.784505 0.056641 0.082031
0 0.067383 0.871745 0.054688 0.076823
0 0.299316 0.789714 0.053711 0.087240
0 0.355469 0.863281 0.046875 0.065104
0 0.284180 0.906250 0.048828 0.072917
0 0.439453 0.960938 0.052734 0.062500
0 0.553711 0.055339 0.046875 0.058594
0 0.455566 0.132813 0.041992 0.067708
0 0.435059 0.102865 0.053711 0.083333
0 0.414551 0.074219 0.053711 0.078125
0 0.278320 0.763021 0.054688 0.072917
0 0.256836 0.826172 0.044922 0.071615