0 0.523438 0.097656 0.029297 0.070313
10 0.566406 0.094401 0.033203 0.079427
0 0.620117 0.186849 0.058594 0.066406
2 0.528320 0.190755 0.037109 0.102865
0 0.564453 0.212240 0.027344 0.083333
0 0.567871 0.313802 0.040039 0.080729
0 0.505859 0.548828 0.031250 0.084635
0 0.556152 0.548828 0.038086 0.089844
0 0.544922 0.366536 0.033203 0.079427
0 0.614746 0.367188 0.049805 0.059896
0 0.621094 0.421875 0.060547 0.065104
0 0.611328 0.461589 0.056641 0.058594
0 0.599609 0.817708 0.050781 0.062500
0 0.600098 0.873047 0.053711 0.069010
0 0.595703 0.955729 0.060547 0.070313
0 0.962402 0.103516 0.036133 0.069010
0 0.514160 0.421875 0.036133 0.093750