0 0.796387 0.298828 0.032227 0.074219
0 0.812012 0.567708 0.034180 0.093750
0 0.919434 0.604818 0.030273 0.079427
0 0.842285 0.570964 0.028320 0.074219
0 0.700684 0.608073 0.059570 0.046875
0 0.846680 0.946615 0.052734 0.052083
0 0.760742 0.948568 0.056641 0.042969
0 0.434082 0.895182 0.030273 0.087240
0 0.432617 0.797526 0.033203 0.074219
0 0.398438 0.704427 0.033203 0.091146
0 0.428223 0.610026 0.030273 0.071615
0 0.498535 0.619141 0.059570 0.069010
2 0.462402 0.429688 0.034180 0.104167
0 0.426758 0.498698 0.027344 0.072917
0 0.396484 0.472656 0.033203 0.096354
0 0.426270 0.378906 0.032227 0.072917
0 0.436523 0.300130 0.033203 0.087240
0 0.505859 0.342448 0.066406 0.067708
10 0.503418 0.290365 0.071289 0.088542
0 0.408203 0.151693 0.031250 0.071615