0 0.790527 0.699219 0.034180 0.080729
0 0.666504 0.583333 0.053711 0.044271
0 0.505859 0.568359 0.062500 0.042969
0 0.645996 0.461589 0.032227 0.076823
0 0.582031 0.444010 0.031250 0.075521
0 0.520996 0.439453 0.034180 0.071615
10 0.458984 0.432292 0.033203 0.085938
0 0.342773 0.416667 0.027344 0.065104
10 0.403809 0.423828 0.026367 0.071615
0 0.312988 0.413411 0.030273 0.074219
0 0.282715 0.414063 0.032227 0.083333
0 0.162109 0.394531 0.029297 0.070313
0 0.131836 0.387370 0.029297 0.069010
0 0.101074 0.383464 0.032227 0.076823
0 0.083984 0.507161 0.062500 0.045573
0 0.743164 0.981120 0.058594 0.037760