2 0.890625 0.147786 0.066406 0.048177
10 0.892090 0.353516 0.059570 0.045573
0 0.748047 0.430990 0.060547 0.046875
0 0.743652 0.477214 0.057617 0.035156
0 0.742188 0.518229 0.060547 0.046875
0 0.882813 0.759766 0.056641 0.045573
10 0.745605 0.595052 0.055664 0.039063
0 0.740723 0.750651 0.055664 0.037760
10 0.739258 0.707682 0.052734 0.040365
10 0.741211 0.628906 0.056641 0.033854
0 0.742676 0.795573 0.047852 0.036458
10 0.748535 0.830729 0.059570 0.036458
0 0.740723 0.873047 0.051758 0.040365
0 0.742676 0.911458 0.051758 0.033854
0 0.742188 0.949219 0.058594 0.041667