0 0.980957 0.654297 0.038086 0.079427
0 0.733398 0.377604 0.062500 0.039063
0 0.681152 0.395182 0.055664 0.040365
0 0.627930 0.401693 0.052734 0.037760
0 0.555664 0.421224 0.060547 0.035156
10 0.432617 0.443359 0.048828 0.042969
0 0.347656 0.468750 0.056641 0.039063
0 0.166504 0.590495 0.063477 0.040365
0 0.511230 0.511719 0.059570 0.036458
10 0.458496 0.517578 0.057617 0.040365
10 0.618164 0.496094 0.056641 0.041667
0 0.844727 0.472656 0.050781 0.033854
0 0.800293 0.481120 0.051758 0.037760
0 0.871582 0.535807 0.061523 0.040365
0 0.896484 0.615885 0.056641 0.044271
0 0.907227 0.695964 0.052734 0.042969
0 0.921387 0.811849 0.063477 0.045573
0 0.816895 0.895182 0.061523 0.042969
0 0.820313 0.936198 0.064453 0.044271
0 0.823730 0.974609 0.053711 0.037760
0 0.725098 0.640625 0.055664 0.044271
0 0.739258 0.680990 0.062500 0.041667
10 0.733398 0.715495 0.054688 0.035156
0 0.743652 0.797526 0.047852 0.040365
10 0.744629 0.835286 0.055664 0.040365
10 0.736328 0.755208 0.052734 0.044271
0 0.675781 0.339844 0.056641 0.039063