0 0.895508 0.061849 0.037109 0.069010
0 0.858398 0.073568 0.037109 0.074219
0 0.827637 0.075521 0.034180 0.078125
0 0.779785 0.091146 0.040039 0.078125
0 0.753418 0.100260 0.038086 0.078125
0 0.847656 0.544271 0.052734 0.041667
10 0.850586 0.579427 0.056641 0.049479
0 0.769043 0.650391 0.038086 0.074219
10 0.747070 0.513021 0.039063 0.078125
0 0.704102 0.523438 0.041016 0.083333
0 0.651855 0.551432 0.038086 0.074219
0 0.622559 0.555990 0.038086 0.072917
0 0.520020 0.582682 0.038086 0.074219
0 0.275879 0.531250 0.055664 0.049479
0 0.382324 0.622396 0.041992 0.078125