3 0.085449 0.526042 0.053711 0.278646
1 0.330078 0.487630 0.072266 0.092448
2 0.274414 0.598958 0.042969 0.091146
4 0.174805 0.609375 0.033203 0.117188
2 0.407715 0.758464 0.073242 0.055990
2 0.307617 0.636068 0.039063 0.102865
0 0.389160 0.505859 0.055664 0.037760
0 0.404297 0.547526 0.056641 0.042969
0 0.402832 0.584635 0.057617 0.031250
0 0.408203 0.620443 0.058594 0.040365
2 0.642578 0.312500 0.029297 0.070313
0 0.413574 0.208333 0.059570 0.041667
0 0.636230 0.111328 0.055664 0.037760
0 0.644531 0.183594 0.048828 0.039063
0 0.639648 0.225911 0.046875 0.042969