0 0.808594 0.113281 0.062500 0.039063
2 0.579102 0.330729 0.031250 0.072917
0 0.792969 0.394531 0.029297 0.072917
2 0.647461 0.606771 0.031250 0.070313
0 0.718750 0.605469 0.031250 0.059896
0 0.676270 0.608073 0.024414 0.067708
0 0.438477 0.606771 0.027344 0.072917
0 0.384766 0.613281 0.027344 0.059896
0 0.361328 0.615885 0.023438 0.065104
0 0.351563 0.684245 0.048828 0.035156
0 0.270996 0.687500 0.055664 0.036458
0 0.217285 0.686198 0.049805 0.033854
0 0.206055 0.617839 0.031250 0.066406
0 0.121582 0.662109 0.030273 0.071615
0 0.094238 0.658854 0.028320 0.072917
0 0.223633 0.477865 0.031250 0.065104
0 0.303223 0.478516 0.030273 0.082031
0 0.115723 0.849609 0.049805 0.037760
0 0.056152 0.850260 0.049805 0.036458
2 0.386719 0.850911 0.072266 0.048177
0 0.235352 0.948568 0.048828 0.040365