0 0.111816 0.307292 0.038086 0.070313
0 0.196777 0.300781 0.028320 0.062500
2 0.404785 0.282552 0.059570 0.036458
2 0.459961 0.280599 0.058594 0.040365
2 0.516602 0.300130 0.062500 0.045573
2 0.582520 0.301432 0.057617 0.032552
2 0.605469 0.270182 0.066406 0.037760
2 0.728027 0.059245 0.067383 0.045573
2 0.734863 0.093750 0.059570 0.039063
10 0.682617 0.369141 0.037109 0.113281
0 0.572754 0.449219 0.028320 0.067708
0 0.545410 0.451823 0.028320 0.075521
0 0.516113 0.452474 0.030273 0.074219
0 0.266113 0.450521 0.028320 0.067708
0 0.242676 0.454427 0.032227 0.070313
0 0.202148 0.457682 0.035156 0.069010
0 0.148438 0.451172 0.031250 0.069010