3 0.827637 0.710286 0.184570 0.050781
3 0.183594 0.921224 0.169922 0.063802
3 0.437988 0.905599 0.145508 0.042969
3 0.176270 0.680990 0.170898 0.054688
3 0.145020 0.725911 0.090820 0.055990
3 0.205078 0.571615 0.099609 0.049479
1 0.786133 0.087891 0.072266 0.139323
1 0.692383 0.076172 0.062500 0.115885
1 0.546387 0.089193 0.053711 0.121094
1 0.504883 0.092448 0.050781 0.130208
1 0.942383 0.285807 0.042969 0.105469
1 0.266602 0.462891 0.091797 0.050781
10 0.260742 0.498698 0.066406 0.044271
0 0.278809 0.320313 0.055664 0.036458
0 0.240723 0.369141 0.067383 0.037760
0 0.164063 0.222005 0.048828 0.048177
0 0.078613 0.524740 0.055664 0.049479
0 0.395020 0.064453 0.030273 0.074219
0 0.586426 0.068359 0.036133 0.063802
0 0.639160 0.445964 0.055664 0.037760
0 0.717773 0.488281 0.031250 0.059896
0 0.720215 0.564453 0.026367 0.066406
0 0.762207 0.616536 0.051758 0.032552
1 0.809570 0.662760 0.074219 0.049479
0 0.606934 0.614583 0.051758 0.033854
0 0.894531 0.653646 0.054688 0.041667
2 0.808105 0.757813 0.069336 0.039063
2 0.873047 0.753906 0.064453 0.036458
3 0.884277 0.806641 0.088867 0.053385
0 0.890625 0.848958 0.052734 0.039063