2 0.078125 0.516927 0.042969 0.101563
0 0.312500 0.367188 0.025391 0.057292
0 0.335449 0.369792 0.026367 0.070313
1 0.385742 0.393880 0.041016 0.097656
1 0.421387 0.388021 0.036133 0.091146
10 0.452148 0.430990 0.033203 0.059896
0 0.474609 0.368490 0.029297 0.067708
0 0.526367 0.375000 0.029297 0.059896
0 0.499512 0.433594 0.026367 0.057292
0 0.545410 0.448568 0.028320 0.061198
0 0.572266 0.446615 0.027344 0.065104
0 0.715820 0.385417 0.029297 0.062500
0 0.744629 0.391276 0.028320 0.066406
0 0.766602 0.392578 0.029297 0.063802
0 0.791992 0.459635 0.035156 0.070313
0 0.724609 0.451172 0.031250 0.066406
0 0.678711 0.447266 0.029297 0.066406
0 0.449707 0.565755 0.049805 0.037760