14 0.947266 0.283854 0.103516 0.078125
14 0.964355 0.533854 0.041992 0.148438
14 0.885742 0.818359 0.087891 0.235677
14 0.635742 0.769531 0.078125 0.244792
14 0.578125 0.768880 0.062500 0.238281
14 0.600586 0.427083 0.091797 0.218750
14 0.474609 0.770182 0.074219 0.290365
14 0.402832 0.758464 0.073242 0.295573
14 0.345215 0.729818 0.057617 0.251302
14 0.281250 0.733724 0.078125 0.269531
14 0.181152 0.727865 0.094727 0.296875
14 0.110352 0.755208 0.117188 0.361979
14 0.536133 0.446615 0.054688 0.197917
14 0.490234 0.425781 0.078125 0.242188
14 0.424805 0.427083 0.070313 0.190104
14 0.331055 0.425130 0.060547 0.167969
14 0.277344 0.412109 0.058594 0.183594
14 0.229980 0.438802 0.043945 0.127604
14 0.193359 0.410156 0.052734 0.190104
14 0.148438 0.396484 0.048828 0.178385
14 0.100586 0.400391 0.056641 0.199219
14 0.050293 0.408854 0.053711 0.184896