14 0.229004 0.048828 0.094727 0.069010
14 0.085449 0.135417 0.069336 0.041667
14 0.091797 0.169922 0.085938 0.040365
14 0.083984 0.290365 0.056641 0.041667
14 0.885254 0.882161 0.067383 0.045573
14 0.733398 0.899740 0.138672 0.065104
14 0.608398 0.778646 0.054688 0.289063
14 0.548340 0.793620 0.065430 0.277344
14 0.452637 0.848958 0.055664 0.187500
14 0.379883 0.894531 0.048828 0.101563
14 0.293945 0.848307 0.064453 0.227865
14 0.255371 0.911458 0.038086 0.091146
14 0.201660 0.805990 0.036133 0.080729
14 0.163086 0.880208 0.050781 0.174479
14 0.096191 0.903646 0.038086 0.132813
14 0.035645 0.913411 0.038086 0.131510