14 0.018066 0.229167 0.036133 0.164063
14 0.053223 0.238281 0.053711 0.161458
14 0.136230 0.195313 0.053711 0.205729
14 0.183594 0.219401 0.042969 0.144531
14 0.240234 0.235026 0.042969 0.157552
14 0.307129 0.226563 0.041992 0.145833
14 0.346191 0.233724 0.043945 0.144531
14 0.387695 0.208333 0.054688 0.190104
14 0.434082 0.124349 0.036133 0.082031
14 0.489258 0.253255 0.035156 0.095052
14 0.533203 0.184245 0.060547 0.246094
14 0.630859 0.241536 0.056641 0.110677
14 0.719727 0.196615 0.066406 0.205729
14 0.832031 0.147786 0.074219 0.295573
14 0.893066 0.145833 0.077148 0.291667
0 0.664551 0.570313 0.049805 0.036458
0 0.613281 0.573568 0.054688 0.035156
0 0.499512 0.573568 0.049805 0.032552
0 0.451660 0.572917 0.053711 0.033854
10 0.399902 0.572266 0.053711 0.035156
10 0.344238 0.571615 0.049805 0.031250
10 0.297363 0.575521 0.053711 0.033854
0 0.246094 0.576172 0.052734 0.032552
0 0.170898 0.576172 0.058594 0.032552
0 0.121094 0.579427 0.050781 0.033854
10 0.778320 0.457031 0.025391 0.065104
0 0.757813 0.459635 0.025391 0.065104
10 0.736328 0.457682 0.029297 0.063802
0 0.710938 0.457031 0.029297 0.065104
10 0.688965 0.465495 0.026367 0.066406
0 0.665039 0.460938 0.029297 0.067708
10 0.638672 0.462891 0.031250 0.074219
10 0.613770 0.462240 0.028320 0.065104
0 0.593750 0.453776 0.029297 0.066406
10 0.566895 0.460286 0.032227 0.058594
10 0.542969 0.456380 0.027344 0.061198
10 0.519531 0.455078 0.025391 0.053385
10 0.498535 0.458333 0.028320 0.062500
10 0.471680 0.464844 0.031250 0.070313
0 0.446777 0.464193 0.028320 0.066406
0 0.424316 0.465495 0.028320 0.069010
0 0.399414 0.466797 0.033203 0.069010
0 0.375000 0.462891 0.027344 0.058594
0 0.350586 0.467448 0.029297 0.067708
0 0.325684 0.468750 0.028320 0.070313
0 0.303711 0.466797 0.031250 0.061198
0 0.278320 0.464193 0.027344 0.061198
10 0.257813 0.467448 0.029297 0.067708
0 0.110352 0.464193 0.027344 0.058594
0 0.083496 0.467448 0.026367 0.059896
0 0.061035 0.470703 0.028320 0.069010
0 0.038574 0.472005 0.026367 0.069010
0 0.014160 0.467448 0.028320 0.065104