14 0.062012 0.233724 0.053711 0.115885
14 0.157227 0.216797 0.062500 0.136719
14 0.201172 0.207031 0.060547 0.148438
14 0.245117 0.205078 0.046875 0.144531
14 0.283203 0.207031 0.044922 0.153646
14 0.328125 0.179688 0.041016 0.145833
14 0.370117 0.155599 0.052734 0.149740
14 0.415039 0.207031 0.042969 0.171875
14 0.457031 0.203125 0.046875 0.164063
14 0.494629 0.214844 0.049805 0.153646
14 0.580078 0.169922 0.054688 0.204427
14 0.624023 0.191406 0.037109 0.145833
14 0.683594 0.212891 0.044922 0.149740
14 0.752930 0.201172 0.035156 0.147135
14 0.787109 0.213542 0.041016 0.143229
14 0.827637 0.186198 0.049805 0.184896
14 0.875977 0.097656 0.033203 0.085938
14 0.932617 0.227214 0.035156 0.095052
14 0.972656 0.156901 0.054688 0.251302
0 0.102539 0.425130 0.025391 0.066406
0 0.126465 0.423828 0.022461 0.069010
0 0.146973 0.529297 0.043945 0.029948
0 0.315918 0.550781 0.045898 0.031250
0 0.365723 0.546875 0.053711 0.033854
0 0.432617 0.445313 0.025391 0.067708
0 0.479980 0.445313 0.024414 0.067708
0 0.415527 0.553385 0.043945 0.033854
0 0.502441 0.445313 0.028320 0.062500
0 0.525391 0.439453 0.021484 0.058594
0 0.551270 0.439453 0.026367 0.058594
0 0.560547 0.552734 0.046875 0.029948
0 0.613770 0.550130 0.051758 0.032552
0 0.688965 0.552083 0.049805 0.036458
0 0.722656 0.439453 0.025391 0.058594
0 0.770020 0.442708 0.028320 0.070313
0 0.817871 0.438151 0.024414 0.058594
0 0.842285 0.440755 0.022461 0.061198
0 0.891113 0.436849 0.026367 0.063802
0 0.895020 0.546875 0.049805 0.033854
0 0.942871 0.546875 0.045898 0.033854