1 0.078125 0.163411 0.058594 0.040365
14 0.136230 0.434245 0.055664 0.035156
14 0.050781 0.451172 0.029297 0.082031
14 0.204590 0.589844 0.040039 0.098958
14 0.273438 0.572266 0.027344 0.069010
14 0.303711 0.576823 0.023438 0.075521
14 0.326172 0.585938 0.023438 0.091146
14 0.350098 0.580729 0.028320 0.083333
14 0.372070 0.585938 0.027344 0.085938
14 0.408203 0.582031 0.037109 0.098958
14 0.511719 0.590495 0.025391 0.074219
14 0.532227 0.597656 0.023438 0.088542
14 0.551270 0.598958 0.026367 0.072917
14 0.595703 0.597005 0.023438 0.082031
14 0.616699 0.602865 0.028320 0.062500
14 0.643066 0.589844 0.028320 0.083333
14 0.698242 0.595052 0.031250 0.067708
14 0.726563 0.589844 0.037109 0.098958
14 0.753906 0.596354 0.033203 0.078125
14 0.832031 0.612630 0.023438 0.079427
14 0.851074 0.610677 0.026367 0.070313
14 0.870117 0.611328 0.027344 0.071615