14 0.343262 0.076823 0.071289 0.052083
14 0.275879 0.126953 0.065430 0.066406
14 0.210449 0.167318 0.034180 0.074219
14 0.189941 0.179036 0.034180 0.074219
14 0.154785 0.193359 0.034180 0.069010
14 0.171387 0.314453 0.051758 0.076823
14 0.215332 0.299479 0.041992 0.072917
14 0.228027 0.393229 0.057617 0.049479
14 0.451172 0.341797 0.058594 0.089844
14 0.418457 0.362630 0.045898 0.100260
14 0.382324 0.384766 0.043945 0.108073
14 0.344727 0.407552 0.048828 0.132813
14 0.314453 0.393229 0.037109 0.070313
14 0.290527 0.394531 0.040039 0.083333
14 0.279297 0.717448 0.074219 0.059896
0 0.082520 0.764974 0.034180 0.061198
0 0.096680 0.817057 0.037109 0.055990
14 0.395508 0.225260 0.041016 0.078125
14 0.372559 0.233073 0.041992 0.075521
14 0.355957 0.243490 0.038086 0.072917
14 0.335449 0.248047 0.041992 0.074219
14 0.312012 0.258464 0.041992 0.069010
14 0.831543 0.328776 0.067383 0.092448
14 0.926270 0.468750 0.088867 0.101563
14 0.689453 0.470703 0.097656 0.126302
14 0.807617 0.768880 0.060547 0.076823
14 0.639648 0.547526 0.091797 0.118490
14 0.609863 0.578776 0.098633 0.128906
14 0.589355 0.620443 0.086914 0.118490
14 0.540527 0.678385 0.086914 0.122396
14 0.515137 0.712891 0.088867 0.110677
14 0.498047 0.751953 0.070313 0.095052
14 0.476074 0.777344 0.077148 0.106771
14 0.458008 0.807292 0.060547 0.080729
14 0.438477 0.825521 0.062500 0.093750
14 0.424805 0.860677 0.060547 0.072917
14 0.410156 0.881510 0.058594 0.075521
14 0.392578 0.908203 0.050781 0.076823
14 0.861328 0.539714 0.076172 0.100260
14 0.838379 0.564453 0.069336 0.089844
14 0.815430 0.595052 0.078125 0.093750
14 0.792969 0.625651 0.076172 0.089844
14 0.772949 0.652344 0.079102 0.096354
14 0.718750 0.712891 0.068359 0.089844
14 0.698242 0.734375 0.060547 0.083333
14 0.681152 0.763021 0.067383 0.098958
14 0.661133 0.781901 0.056641 0.074219
14 0.637207 0.804688 0.057617 0.080729
14 0.607910 0.853516 0.057617 0.071615
14 0.589355 0.876302 0.053711 0.067708
14 0.570801 0.896484 0.057617 0.063802
14 0.550781 0.914063 0.054688 0.067708
14 0.537109 0.936849 0.056641 0.071615
14 0.976563 0.739583 0.046875 0.065104
14 0.963867 0.764974 0.052734 0.063802
14 0.944824 0.782552 0.059570 0.072917
14 0.932617 0.810547 0.050781 0.071615
14 0.917480 0.829427 0.053711 0.067708
14 0.896973 0.849609 0.053711 0.069010
14 0.866699 0.886719 0.049805 0.070313
14 0.844727 0.906250 0.052734 0.067708
14 0.830566 0.933594 0.057617 0.072917
14 0.808594 0.948568 0.058594 0.079427