14 0.276855 0.056641 0.092773 0.113281
14 0.224609 0.125651 0.093750 0.115885
14 0.196289 0.158203 0.101563 0.128906
14 0.177246 0.200521 0.084961 0.109375
14 0.124512 0.261068 0.086914 0.118490
14 0.101563 0.292969 0.087891 0.117188
14 0.084473 0.331380 0.067383 0.092448
14 0.062988 0.358073 0.073242 0.104167
14 0.042969 0.386068 0.056641 0.079427
14 0.027832 0.405599 0.055664 0.082031
14 0.509277 0.050130 0.086914 0.100260
14 0.444824 0.115234 0.073242 0.105469
14 0.422852 0.141276 0.072266 0.087240
14 0.400391 0.174479 0.078125 0.091146
14 0.379395 0.203125 0.071289 0.083333
14 0.356934 0.231120 0.081055 0.089844
14 0.394043 0.346354 0.057617 0.078125
14 0.303223 0.288411 0.069336 0.084635
14 0.282715 0.315104 0.061523 0.085938
14 0.270020 0.343750 0.065430 0.101563
14 0.248047 0.361979 0.056641 0.072917
14 0.222168 0.382161 0.057617 0.079427
14 0.193848 0.434896 0.057617 0.075521
14 0.175293 0.458984 0.053711 0.071615
14 0.156250 0.476563 0.056641 0.067708
14 0.138672 0.495443 0.056641 0.069010
14 0.122070 0.518229 0.056641 0.067708
14 0.085938 0.565755 0.058594 0.071615
14 0.068359 0.583984 0.052734 0.055990
14 0.055176 0.605469 0.049805 0.062500
14 0.041504 0.632161 0.057617 0.066406
14 0.092285 0.752604 0.047852 0.065104
14 0.112793 0.783854 0.041992 0.062500
0 0.027832 0.863281 0.036133 0.046875
14 0.194336 0.833984 0.041016 0.053385
14 0.225586 0.780599 0.052734 0.058594
14 0.243164 0.740885 0.054688 0.070313
14 0.273926 0.727214 0.053711 0.074219
14 0.280273 0.689453 0.054688 0.082031
14 0.347656 0.598307 0.054688 0.082031
14 0.365234 0.574219 0.052734 0.070313
14 0.383301 0.559896 0.059570 0.078125
14 0.396973 0.530599 0.069336 0.084635
14 0.419434 0.511068 0.063477 0.069010
14 0.432129 0.485677 0.059570 0.067708
14 0.453613 0.468750 0.053711 0.070313
14 0.483398 0.431641 0.054688 0.069010
14 0.501953 0.412760 0.056641 0.078125
14 0.518066 0.387370 0.059570 0.063802
14 0.532715 0.364583 0.057617 0.072917
14 0.550293 0.344401 0.055664 0.063802
14 0.565430 0.322266 0.052734 0.069010
14 0.582031 0.304036 0.050781 0.050781
14 0.598633 0.292318 0.050781 0.061198
14 0.614746 0.271484 0.049805 0.061198
14 0.735840 0.349609 0.083008 0.095052
14 0.719238 0.392578 0.098633 0.105469
14 0.683594 0.427083 0.078125 0.109375
14 0.659180 0.458333 0.078125 0.122396
14 0.621582 0.468099 0.073242 0.105469
14 0.552246 0.563802 0.077148 0.101563
14 0.494141 0.622396 0.068359 0.101563
14 0.485840 0.667318 0.073242 0.105469
14 0.460938 0.693359 0.074219 0.095052
14 0.439941 0.718099 0.067383 0.087240
14 0.426270 0.750651 0.067383 0.089844
14 0.401367 0.766276 0.060547 0.084635
14 0.383301 0.796875 0.063477 0.091146
14 0.349121 0.842448 0.061523 0.093750
14 0.329590 0.870443 0.061523 0.092448
14 0.307617 0.888021 0.056641 0.083333
14 0.290527 0.908203 0.059570 0.082031
14 0.257324 0.953776 0.040039 0.058594
14 0.840820 0.576172 0.052734 0.071615
14 0.830078 0.606771 0.052734 0.065104
14 0.815430 0.625000 0.050781 0.067708
14 0.746094 0.704427 0.050781 0.072917
14 0.719238 0.727865 0.057617 0.072917
14 0.672852 0.789714 0.066406 0.071615
14 0.653320 0.808594 0.066406 0.070313
14 0.637695 0.826823 0.062500 0.083333
14 0.620605 0.847656 0.057617 0.078125
14 0.598145 0.867839 0.069336 0.092448
14 0.574707 0.890625 0.065430 0.088542
14 0.539551 0.932292 0.057617 0.085938
14 0.522949 0.958984 0.063477 0.082031
14 0.873047 0.772135 0.068359 0.088542
14 0.848633 0.804036 0.068359 0.084635
14 0.827148 0.830729 0.070313 0.091146
14 0.807617 0.852865 0.070313 0.080729
14 0.790527 0.878906 0.069336 0.080729
14 0.764648 0.904297 0.064453 0.089844
14 0.747559 0.928385 0.065430 0.093750
14 0.724121 0.953776 0.067383 0.089844