14 0.021973 0.102214 0.034180 0.089844
14 0.046387 0.884766 0.047852 0.157552
14 0.085938 0.882161 0.035156 0.154948
14 0.283691 0.121745 0.047852 0.141927
14 0.248535 0.305339 0.043945 0.141927
14 0.285156 0.307292 0.037109 0.138021
14 0.334473 0.298177 0.038086 0.125000
14 0.392090 0.294271 0.041992 0.117188
14 0.316895 0.123047 0.045898 0.152344
14 0.350098 0.115885 0.038086 0.164063
14 0.381836 0.129557 0.035156 0.144531
14 0.408691 0.138672 0.034180 0.115885
14 0.433105 0.140625 0.034180 0.111979
14 0.459961 0.143229 0.031250 0.111979
14 0.496582 0.145833 0.028320 0.088542
14 0.518066 0.147786 0.026367 0.089844
14 0.426758 0.288411 0.031250 0.115885
14 0.456543 0.291016 0.034180 0.113281
14 0.500000 0.281901 0.029297 0.089844
14 0.522461 0.291667 0.027344 0.117188
14 0.606445 0.020833 0.087891 0.041667
14 0.593262 0.053385 0.081055 0.039063
14 0.593750 0.086589 0.074219 0.040365
14 0.593262 0.119792 0.073242 0.039063
14 0.601074 0.167318 0.077148 0.040365
14 0.597656 0.203125 0.082031 0.036458
14 0.599121 0.242188 0.088867 0.044271
14 0.604004 0.292969 0.086914 0.044271
14 0.616211 0.354167 0.107422 0.049479
14 0.615723 0.395833 0.104492 0.041667
14 0.608887 0.437500 0.088867 0.039063
14 0.617676 0.475911 0.112305 0.042969
14 0.614746 0.514323 0.104492 0.044271
14 0.615723 0.592448 0.098633 0.046875
14 0.525391 0.464193 0.023438 0.095052
14 0.971680 0.404297 0.039063 0.128906
14 0.908691 0.397786 0.043945 0.144531
14 0.846680 0.394531 0.046875 0.161458
14 0.816406 0.402995 0.033203 0.144531
14 0.789551 0.403646 0.030273 0.088542
14 0.972168 0.600911 0.038086 0.196615
14 0.937988 0.590495 0.040039 0.157552
14 0.897461 0.591797 0.042969 0.165365
14 0.861328 0.607422 0.042969 0.178385
14 0.822754 0.609375 0.045898 0.177083
14 0.683594 0.642578 0.031250 0.027344
14 0.656250 0.733073 0.042969 0.166667
14 0.619141 0.755859 0.046875 0.207031
14 0.576172 0.755208 0.044922 0.203125
14 0.538574 0.747396 0.041992 0.184896
14 0.498047 0.749349 0.042969 0.183594
14 0.457520 0.747396 0.047852 0.184896
14 0.416504 0.740885 0.045898 0.171875
14 0.378906 0.737630 0.044922 0.165365
14 0.342773 0.734375 0.041016 0.148438
14 0.310059 0.736979 0.040039 0.151042
14 0.272461 0.741536 0.039063 0.165365
14 0.239258 0.742839 0.041016 0.170573
14 0.525391 0.565755 0.031250 0.095052
14 0.502930 0.564453 0.025391 0.095052
14 0.481934 0.562500 0.030273 0.104167
14 0.456055 0.555990 0.029297 0.098958
14 0.434570 0.561198 0.035156 0.104167
14 0.409668 0.563802 0.030273 0.109375
14 0.386230 0.563802 0.028320 0.109375
14 0.360840 0.563802 0.030273 0.111979
14 0.333496 0.558594 0.030273 0.125000
14 0.293457 0.561849 0.032227 0.126302
14 0.263672 0.565104 0.035156 0.122396
14 0.230469 0.553385 0.042969 0.140625