2 0.248047 0.041016 0.025391 0.058594
14 0.229492 0.136719 0.025391 0.072917
14 0.424805 0.255859 0.050781 0.037760
14 0.421387 0.287760 0.057617 0.031250
14 0.223633 0.211589 0.033203 0.076823
14 0.144531 0.202474 0.037109 0.102865
14 0.127930 0.177083 0.035156 0.072917
14 0.105469 0.176432 0.031250 0.071615
14 0.345703 0.451172 0.025391 0.066406
14 0.324219 0.458984 0.027344 0.074219
14 0.288574 0.445964 0.024414 0.087240
14 0.411133 0.347005 0.050781 0.029948
14 0.403809 0.370443 0.051758 0.032552
14 0.403809 0.417969 0.053711 0.036458
14 0.264648 0.448568 0.029297 0.100260
14 0.238281 0.449219 0.031250 0.109375
14 0.214355 0.444010 0.030273 0.091146
14 0.190918 0.453125 0.034180 0.093750
14 0.167969 0.467448 0.031250 0.067708
14 0.145508 0.447266 0.031250 0.105469
14 0.119141 0.444661 0.033203 0.110677
14 0.098633 0.440755 0.027344 0.082031
14 0.405762 0.467448 0.059570 0.028646
14 0.413086 0.494141 0.058594 0.029948
14 0.413574 0.520833 0.063477 0.031250
14 0.413574 0.547526 0.055664 0.027344
14 0.420410 0.574870 0.065430 0.032552
14 0.343750 0.584635 0.031250 0.080729
14 0.322266 0.580078 0.025391 0.084635
14 0.300781 0.588542 0.029297 0.096354
14 0.272461 0.587891 0.039063 0.108073
14 0.246094 0.593750 0.031250 0.093750
14 0.222168 0.587891 0.030273 0.095052
14 0.197266 0.582682 0.031250 0.097656
14 0.174805 0.602865 0.031250 0.125000
14 0.148926 0.609375 0.032227 0.127604
14 0.124512 0.589844 0.028320 0.104167
14 0.415039 0.606771 0.064453 0.031250
14 0.419434 0.632813 0.067383 0.039063
14 0.418457 0.660807 0.063477 0.027344
14 0.416504 0.690104 0.065430 0.033854
14 0.351563 0.693359 0.027344 0.089844
14 0.426758 0.717448 0.060547 0.031250
14 0.419922 0.744792 0.058594 0.031250
14 0.417969 0.770182 0.050781 0.027344
14 0.418945 0.796224 0.060547 0.037760
14 0.426270 0.877604 0.071289 0.039063
14 0.422852 0.941406 0.064453 0.039063
14 0.414063 0.976563 0.050781 0.028646
14 0.352539 0.813151 0.027344 0.069010
14 0.357422 0.904948 0.023438 0.075521
14 0.336914 0.893229 0.029297 0.093750
14 0.308594 0.883464 0.041016 0.141927
14 0.275391 0.890625 0.033203 0.130208
14 0.247070 0.899740 0.033203 0.114583
14 0.220703 0.897135 0.031250 0.114583
14 0.194336 0.902995 0.029297 0.108073
14 0.167480 0.889974 0.034180 0.134115
14 0.137207 0.899740 0.036133 0.125000