0 0.527832 0.076823 0.051758 0.072917
0 0.576660 0.128255 0.045898 0.071615
0 0.604004 0.143880 0.045898 0.063802
0 0.631836 0.166667 0.044922 0.075521
0 0.656738 0.189453 0.049805 0.076823
2 0.716797 0.229818 0.048828 0.079427
0 0.771973 0.268880 0.040039 0.063802
2 0.793457 0.291667 0.051758 0.078125
2 0.820313 0.311849 0.048828 0.087240
2 0.846191 0.335938 0.051758 0.083333
0 0.850098 0.430990 0.055664 0.067708
0 0.976563 0.548828 0.046875 0.048177
0 0.824707 0.717448 0.043945 0.041667
0 0.803711 0.683594 0.046875 0.046875
4 0.656250 0.582682 0.134766 0.147135
4 0.809570 0.629557 0.148438 0.053385
4 0.758789 0.572266 0.146484 0.053385
4 0.702637 0.513672 0.135742 0.045573
4 0.624023 0.458333 0.138672 0.052083
4 0.568848 0.404948 0.153320 0.052083
4 0.488281 0.350911 0.134766 0.053385
4 0.442871 0.291667 0.137695 0.054688
4 0.418945 0.391927 0.123047 0.111979
4 0.547852 0.606120 0.119141 0.134115
4 0.410156 0.493490 0.117188 0.130208
4 0.653809 0.757161 0.079102 0.160156
4 0.358887 0.252604 0.094727 0.174479
4 0.289063 0.214844 0.091797 0.161458
4 0.330078 0.222005 0.091797 0.167969
4 0.335449 0.560547 0.094727 0.162760
4 0.261230 0.632161 0.125977 0.048177
4 0.548340 0.710938 0.094727 0.169271
4 0.483887 0.671224 0.084961 0.173177
4 0.403809 0.600260 0.100586 0.182292
4 0.280273 0.695313 0.134766 0.065104
4 0.380371 0.748698 0.133789 0.065104
4 0.424805 0.804036 0.136719 0.058594
4 0.491211 0.867188 0.136719 0.059896
4 0.569824 0.921875 0.141602 0.057292
4 0.573242 0.975911 0.136719 0.048177
4 0.242188 0.761068 0.130859 0.058594
4 0.193848 0.395182 0.090820 0.188802
4 0.125977 0.592448 0.085938 0.171875
0 0.025879 0.771484 0.038086 0.063802
0 0.287109 0.547526 0.042969 0.066406