4 0.190430 0.074219 0.037109 0.111979
4 0.358398 0.087240 0.033203 0.119792
4 0.148438 0.125651 0.031250 0.087240
4 0.599121 0.111328 0.034180 0.102865
4 0.696289 0.124349 0.039063 0.108073
4 0.740234 0.132161 0.035156 0.097656
4 0.652832 0.262370 0.038086 0.110677
4 0.859375 0.458984 0.033203 0.097656
4 0.817383 0.438151 0.039063 0.118490
4 0.764648 0.445964 0.035156 0.118490
4 0.724121 0.442057 0.034180 0.102865
4 0.672363 0.438802 0.034180 0.117188
4 0.919922 0.583333 0.037109 0.104167
4 0.820313 0.585286 0.031250 0.100260
4 0.954590 0.774740 0.034180 0.114583
4 0.916504 0.762370 0.036133 0.118490
4 0.880371 0.897135 0.071289 0.044271
2 0.857910 0.772786 0.034180 0.100260
4 0.770996 0.759766 0.034180 0.108073
4 0.647461 0.744792 0.037109 0.109375
4 0.315430 0.087891 0.037109 0.097656
0 0.146484 0.039063 0.035156 0.075521
0 0.432129 0.557943 0.049805 0.074219
0 0.399902 0.562500 0.036133 0.057292
0 0.297363 0.758464 0.047852 0.066406
0 0.171875 0.750000 0.042969 0.062500
0 0.135742 0.742839 0.039063 0.063802
0 0.037109 0.741536 0.041016 0.069010
0 0.310547 0.408203 0.046875 0.066406
0 0.270996 0.417318 0.041992 0.074219
0 0.241211 0.415365 0.041016 0.067708
0 0.180664 0.404297 0.042969 0.066406
0 0.020020 0.410807 0.040039 0.063802
0 0.057129 0.544922 0.040039 0.066406
0 0.097656 0.550130 0.041016 0.071615
0 0.141113 0.545573 0.047852 0.065104
0 0.042480 0.615234 0.036133 0.066406
0 0.264648 0.548177 0.039063 0.067708
0 0.299316 0.548177 0.036133 0.067708
0 0.052246 0.412109 0.049805 0.071615
0 0.206543 0.544271 0.040039 0.062500
0 0.371582 0.421224 0.049805 0.071615
10 0.632813 0.443359 0.037109 0.105469