14 0.841309 0.348307 0.040039 0.170573
14 0.805664 0.360026 0.037109 0.165365
14 0.770508 0.363932 0.041016 0.173177
14 0.702148 0.371094 0.042969 0.174479
14 0.665039 0.369141 0.046875 0.186198
14 0.602051 0.386719 0.049805 0.166667
14 0.523926 0.386068 0.043945 0.188802
14 0.496582 0.405599 0.038086 0.160156
14 0.459961 0.399740 0.041016 0.182292
14 0.353027 0.423828 0.040039 0.178385
14 0.321289 0.427734 0.039063 0.173177
14 0.280762 0.423177 0.047852 0.177083
14 0.244141 0.434245 0.042969 0.160156
14 0.210449 0.447917 0.034180 0.153646
14 0.185059 0.452474 0.030273 0.115885
14 0.835449 0.525391 0.032227 0.102865
14 0.810547 0.557292 0.037109 0.174479
14 0.780273 0.554036 0.041016 0.167969
14 0.747070 0.546875 0.039063 0.122396
14 0.722168 0.561849 0.036133 0.157552
14 0.665039 0.572917 0.046875 0.138021
14 0.630859 0.552083 0.037109 0.114583
14 0.576172 0.576172 0.039063 0.144531
14 0.374512 0.606771 0.038086 0.143229
14 0.259766 0.624349 0.039063 0.165365
14 0.200195 0.626953 0.035156 0.141927
14 0.773438 0.895182 0.031250 0.113281
14 0.746582 0.902344 0.034180 0.101563
14 0.716797 0.880859 0.044922 0.152344
14 0.685059 0.904297 0.032227 0.113281
14 0.664063 0.903646 0.033203 0.114583
14 0.630371 0.886719 0.038086 0.166667
14 0.597656 0.888672 0.035156 0.173177
14 0.568848 0.894531 0.038086 0.166667
14 0.543457 0.926432 0.034180 0.108073