14 0.955078 0.288411 0.044922 0.113281
14 0.919922 0.310547 0.058594 0.108073
14 0.699707 0.396484 0.182617 0.175781
14 0.668457 0.601563 0.145508 0.242188
14 0.497070 0.942708 0.066406 0.106771
14 0.462891 0.950521 0.066406 0.098958
14 0.500000 0.279297 0.072266 0.042969
14 0.445801 0.344401 0.090820 0.053385
14 0.389160 0.830729 0.157227 0.223958
14 0.249023 0.736979 0.060547 0.109375
14 0.229004 0.563802 0.055664 0.091146
14 0.208984 0.599609 0.066406 0.102865
14 0.166504 0.638672 0.057617 0.100260
14 0.133789 0.654297 0.050781 0.076823
14 0.114746 0.681641 0.051758 0.079427