14 0.930176 0.365885 0.030273 0.091146
14 0.635254 0.250651 0.077148 0.061198
14 0.605469 0.468099 0.177734 0.175781
14 0.440918 0.417969 0.188477 0.192708
14 0.523438 0.194661 0.070313 0.113281
14 0.480469 0.207031 0.062500 0.106771
14 0.457520 0.222656 0.065430 0.109375
14 0.425781 0.248047 0.068359 0.108073
14 0.598145 0.673828 0.073242 0.102865
14 0.581543 0.701172 0.077148 0.105469
14 0.560547 0.722656 0.070313 0.101563
14 0.538574 0.751302 0.073242 0.104167
14 0.515625 0.770182 0.070313 0.110677
14 0.493652 0.792969 0.075195 0.106771