14 0.041992 0.139974 0.058594 0.048177
14 0.148926 0.190104 0.057617 0.049479
14 0.225586 0.225911 0.058594 0.045573
14 0.298828 0.263021 0.064453 0.046875
14 0.362305 0.292318 0.042969 0.040365
14 0.447754 0.335286 0.077148 0.050781
14 0.519043 0.370443 0.061523 0.050781
14 0.583496 0.395182 0.059570 0.048177
14 0.646484 0.424479 0.052734 0.046875
14 0.713867 0.459635 0.066406 0.054688
14 0.896484 0.549479 0.082031 0.070313
14 0.870605 0.656250 0.059570 0.044271
14 0.181152 0.346354 0.061523 0.052083
14 0.333984 0.418620 0.062500 0.061198
14 0.679688 0.581380 0.058594 0.050781