14 0.116211 0.305339 0.070313 0.055990
14 0.119141 0.440755 0.060547 0.040365
14 0.230469 0.363281 0.050781 0.049479
14 0.284668 0.386719 0.053711 0.046875
14 0.339844 0.412760 0.050781 0.046875
14 0.389648 0.432292 0.056641 0.046875
14 0.573730 0.522786 0.061523 0.048177
14 0.683105 0.572266 0.057617 0.045573
14 0.759277 0.606771 0.061523 0.044271
14 0.833496 0.644531 0.065430 0.046875
14 0.867676 0.799479 0.061523 0.059896
14 0.718750 0.731771 0.058594 0.057292
14 0.520020 0.632161 0.053711 0.048177
14 0.455078 0.606771 0.058594 0.049479