14 0.036133 0.217448 0.058594 0.054688
14 0.101074 0.235026 0.055664 0.042969
14 0.159668 0.264323 0.053711 0.044271
14 0.207520 0.286458 0.049805 0.039063
14 0.099121 0.371745 0.063477 0.048177
14 0.289063 0.328776 0.068359 0.042969
14 0.356934 0.354167 0.063477 0.044271
14 0.423828 0.388672 0.058594 0.048177
14 0.479004 0.412109 0.053711 0.048177
14 0.540527 0.442057 0.065430 0.053385
14 0.603516 0.470703 0.046875 0.048177
14 0.662598 0.499349 0.067383 0.050781
14 0.652344 0.621745 0.058594 0.048177
14 0.215332 0.423177 0.057617 0.046875
14 0.535156 0.563151 0.052734 0.048177
14 0.472168 0.538411 0.057617 0.048177