14 0.141602 0.257161 0.050781 0.042969
14 0.198242 0.285156 0.062500 0.057292
14 0.267578 0.316406 0.060547 0.049479
14 0.330078 0.341146 0.058594 0.057292
14 0.413086 0.373698 0.062500 0.044271
14 0.577148 0.445964 0.056641 0.053385
14 0.630859 0.468750 0.050781 0.052083
14 0.699219 0.490234 0.056641 0.042969
14 0.757324 0.519531 0.053711 0.046875
14 0.805176 0.538411 0.047852 0.035156
14 0.887207 0.582682 0.069336 0.045573
14 0.955566 0.610026 0.063477 0.045573
14 0.813965 0.677734 0.057617 0.048177
14 0.696289 0.625000 0.062500 0.049479
14 0.444824 0.516927 0.061523 0.052083
14 0.290527 0.439453 0.061523 0.050781
14 0.225586 0.410807 0.050781 0.040365
14 0.164063 0.381510 0.050781 0.041667