14 0.069824 0.218750 0.122070 0.104167
14 0.204590 0.057292 0.057617 0.054688
14 0.149902 0.292318 0.059570 0.042969
14 0.208008 0.340495 0.052734 0.050781
14 0.334473 0.174479 0.073242 0.075521
14 0.535156 0.354818 0.062500 0.066406
14 0.450684 0.422526 0.178711 0.175781
14 0.360352 0.479167 0.062500 0.062500
14 0.475098 0.588542 0.065430 0.075521
14 0.408691 0.529297 0.053711 0.061198
14 0.656738 0.782552 0.055664 0.067708
14 0.711914 0.850911 0.046875 0.069010
14 0.760742 0.903646 0.048828 0.072917
14 0.885254 0.701172 0.096680 0.121094