14 0.058105 0.268880 0.096680 0.069010
14 0.198242 0.260417 0.115234 0.083333
14 0.065918 0.357422 0.088867 0.079427
14 0.393555 0.360677 0.082031 0.067708
14 0.492188 0.402344 0.062500 0.041667
14 0.484863 0.432292 0.059570 0.052083
14 0.721191 0.537760 0.059570 0.049479
14 0.816895 0.599609 0.073242 0.045573
14 0.784668 0.578776 0.069336 0.053385
14 0.766602 0.565104 0.066406 0.041667
14 0.866211 0.617839 0.056641 0.048177
14 0.892578 0.636068 0.058594 0.053385
14 0.915039 0.652344 0.068359 0.054688
14 0.949219 0.661458 0.039063 0.052083