14 0.966309 0.082682 0.067383 0.123698
14 0.805176 0.548828 0.040039 0.069010
14 0.716309 0.610677 0.067383 0.070313
14 0.661133 0.591146 0.066406 0.070313
14 0.645996 0.568359 0.055664 0.061198
14 0.615723 0.554688 0.071289 0.067708
14 0.561035 0.517578 0.071289 0.063802
14 0.502930 0.483724 0.052734 0.050781
14 0.476074 0.471354 0.057617 0.052083
14 0.448730 0.454427 0.063477 0.059896
14 0.398438 0.432292 0.060547 0.062500
14 0.364746 0.417969 0.071289 0.065104
14 0.333984 0.387370 0.041016 0.045573
14 0.301270 0.382161 0.065430 0.055990
14 0.277832 0.362630 0.065430 0.058594
14 0.252930 0.343099 0.056641 0.053385
14 0.199707 0.319010 0.071289 0.052083
14 0.168457 0.307292 0.073242 0.052083
14 0.153809 0.291667 0.067383 0.049479
14 0.133301 0.276042 0.061523 0.041667
14 0.107422 0.263672 0.054688 0.048177
14 0.043457 0.386068 0.055664 0.048177