2 0.548828 0.166667 0.048828 0.057292
1 0.598633 0.454427 0.074219 0.098958
2 0.558105 0.461589 0.036133 0.048177
2 0.554688 0.501953 0.031250 0.040365
1 0.496582 0.270182 0.071289 0.084635
1 0.470215 0.305339 0.075195 0.097656
2 0.392578 0.409505 0.046875 0.058594
0 0.378418 0.427734 0.038086 0.045573
0 0.353027 0.438151 0.038086 0.042969
0 0.330566 0.482422 0.034180 0.040365
0 0.326172 0.520833 0.035156 0.041667
2 0.260742 0.565104 0.052734 0.052083
2 0.229004 0.606771 0.041992 0.046875
2 0.170898 0.735677 0.050781 0.054688
0 0.036621 0.852865 0.038086 0.044271
0 0.079590 0.938151 0.034180 0.040365