3 0.902832 0.156250 0.073242 0.187500
3 0.843750 0.249349 0.046875 0.230469
3 0.800781 0.300130 0.050781 0.217448
3 0.749023 0.340495 0.052734 0.194010
2 0.661621 0.279948 0.036133 0.046875
2 0.676270 0.372396 0.024414 0.057292
0 0.504395 0.023438 0.036133 0.046875
4 0.390137 0.833333 0.124023 0.166667
0 0.123047 0.770833 0.041016 0.057292
0 0.304199 0.513672 0.045898 0.055990
0 0.387695 0.388021 0.046875 0.057292
0 0.374512 0.412760 0.041992 0.057292
0 0.358887 0.438151 0.041992 0.058594
0 0.340332 0.460286 0.041992 0.058594
0 0.322266 0.493490 0.035156 0.049479
0 0.267090 0.743490 0.030273 0.052083