0 0.247559 0.074219 0.041992 0.039063
0 0.305664 0.147135 0.039063 0.057292
0 0.325684 0.180990 0.041992 0.059896
0 0.354004 0.205078 0.036133 0.053385
4 0.630371 0.354818 0.127930 0.167969
4 0.657227 0.400391 0.123047 0.154948
4 0.689941 0.445964 0.129883 0.170573
4 0.806152 0.592448 0.124023 0.158854
4 0.837891 0.636719 0.126953 0.156250
4 0.723145 0.679036 0.124023 0.160156
4 0.883301 0.896484 0.129883 0.178385
4 0.302246 0.521484 0.124023 0.165365
4 0.321777 0.636719 0.131836 0.164063
11 0.183594 0.380208 0.076172 0.083333
11 0.461914 0.688151 0.076172 0.084635