4 0.450195 0.031901 0.128906 0.063802
4 0.452637 0.074870 0.133789 0.053385
2 0.474121 0.117839 0.086914 0.042969
4 0.138672 0.126302 0.136719 0.049479
4 0.343750 0.277344 0.044922 0.171875
4 0.310547 0.276693 0.044922 0.167969
4 0.275391 0.274740 0.050781 0.166667
4 0.901855 0.624349 0.124023 0.084635
4 0.681641 0.685547 0.128906 0.071615
4 0.508301 0.689453 0.133789 0.079427
4 0.498535 0.848307 0.131836 0.063802
4 0.374023 0.865234 0.138672 0.082031
4 0.460449 0.621094 0.129883 0.091146
4 0.129395 0.807943 0.129883 0.066406
4 0.141602 0.861328 0.123047 0.074219
0 0.050293 0.495443 0.047852 0.032552