2 0.105469 0.265625 0.070313 0.065104
0 0.248535 0.348958 0.059570 0.057292
0 0.324219 0.393229 0.054688 0.057292
0 0.380371 0.429036 0.049805 0.048177
0 0.430176 0.468099 0.049805 0.055990
0 0.478516 0.499349 0.056641 0.063802
0 0.590820 0.585286 0.052734 0.058594
0 0.647461 0.634766 0.060547 0.071615
0 0.815430 0.784505 0.060547 0.066406
0 0.096191 0.411458 0.057617 0.052083
0 0.154785 0.440104 0.055664 0.057292
0 0.210449 0.473958 0.061523 0.065104
0 0.308594 0.528646 0.054688 0.052083
0 0.977539 0.631510 0.042969 0.072917
0 0.954590 0.693359 0.047852 0.074219
0 0.934082 0.761068 0.047852 0.066406
0 0.629395 0.779948 0.057617 0.072917
0 0.589844 0.746094 0.048828 0.057292
0 0.546387 0.710286 0.045898 0.053385
0 0.401367 0.604167 0.050781 0.062500