1 0.889648 0.307292 0.076172 0.177083
1 0.764160 0.273438 0.065430 0.135417
1 0.719238 0.238281 0.083008 0.171875
1 0.638184 0.190104 0.077148 0.164063
1 0.577637 0.179688 0.069336 0.174479
1 0.505371 0.167318 0.063477 0.157552
1 0.394531 0.401693 0.142578 0.071615
3 0.522949 0.415365 0.133789 0.067708
3 0.481445 0.468099 0.123047 0.061198
2 0.846191 0.631510 0.088867 0.070313
0 0.824707 0.840495 0.059570 0.058594
0 0.587402 0.854167 0.047852 0.078125
2 0.521973 0.801432 0.059570 0.110677
1 0.475586 0.790365 0.062500 0.138021
1 0.426758 0.756510 0.056641 0.132813
2 0.338867 0.699870 0.060547 0.102865