14 0.188965 0.184896 0.065430 0.210938
14 0.241699 0.198568 0.045898 0.175781
14 0.319824 0.164714 0.061523 0.246094
14 0.368164 0.196615 0.041016 0.174479
14 0.424316 0.195313 0.051758 0.171875
14 0.526367 0.175781 0.064453 0.197917
14 0.605957 0.190755 0.051758 0.186198
14 0.658203 0.179036 0.052734 0.188802
14 0.499512 0.356771 0.038086 0.122396
14 0.547852 0.841797 0.048828 0.191406
14 0.437988 0.704427 0.118164 0.070313
14 0.366699 0.794922 0.137695 0.069010
14 0.219727 0.680339 0.042969 0.118490