14 0.859863 0.593099 0.135742 0.365885
14 0.753906 0.669271 0.101563 0.294271
14 0.624023 0.636068 0.142578 0.334635
14 0.641113 0.358073 0.073242 0.174479
14 0.590820 0.335938 0.070313 0.187500
14 0.549805 0.593750 0.107422 0.299479
14 0.474609 0.556641 0.091797 0.277344
14 0.396484 0.520833 0.087891 0.192708
14 0.330566 0.494792 0.098633 0.242188
14 0.264648 0.460938 0.093750 0.242188
14 0.531738 0.307943 0.073242 0.186198
14 0.468262 0.290365 0.063477 0.179688
14 0.423828 0.267578 0.066406 0.186198
14 0.369629 0.261068 0.063477 0.173177
14 0.318359 0.231120 0.072266 0.175781