2 0.135742 0.229167 0.076172 0.070313
0 0.336426 0.326172 0.059570 0.089844
0 0.283203 0.490234 0.058594 0.053385
0 0.287598 0.536458 0.061523 0.062500
0 0.293457 0.581380 0.063477 0.055990
0 0.325195 0.657552 0.056641 0.062500
0 0.499023 0.227214 0.042969 0.076823
0 0.581543 0.149089 0.041992 0.082031
0 0.644043 0.367188 0.063477 0.062500
0 0.651855 0.410807 0.063477 0.058594
0 0.659180 0.453125 0.064453 0.054688
0 0.819336 0.652344 0.058594 0.062500
0 0.720215 0.717448 0.063477 0.067708
0 0.248535 0.923177 0.051758 0.088542