2 0.732422 0.124349 0.068359 0.128906
2 0.684570 0.094401 0.070313 0.121094
2 0.643555 0.068359 0.072266 0.123698
2 0.441406 0.208984 0.072266 0.123698
2 0.481934 0.238932 0.075195 0.121094
0 0.567383 0.298828 0.066406 0.115885
0 0.626953 0.315104 0.068359 0.109375
2 0.662109 0.341146 0.070313 0.125000
0 0.362305 0.307292 0.064453 0.125000
0 0.403320 0.330729 0.066406 0.125000
0 0.438477 0.365885 0.056641 0.122396
2 0.517578 0.408854 0.064453 0.132813
2 0.565430 0.431641 0.070313 0.121094
0 0.613281 0.455078 0.056641 0.115885
2 0.409180 0.657552 0.085938 0.145833
2 0.370605 0.618490 0.075195 0.127604
2 0.324707 0.591146 0.073242 0.130208
2 0.291016 0.790365 0.072266 0.127604
2 0.250000 0.761719 0.062500 0.117188