0 0.500977 0.078776 0.066406 0.113281
2 0.618164 0.147135 0.078125 0.125000
0 0.535645 0.236979 0.065430 0.119792
2 0.378906 0.423828 0.082031 0.134115
2 0.574707 0.270833 0.075195 0.130208
2 0.675293 0.326823 0.071289 0.132813
2 0.720703 0.354167 0.078125 0.130208
2 0.492676 0.493490 0.069336 0.122396
2 0.578125 0.552734 0.074219 0.128906
2 0.414063 0.579427 0.064453 0.127604
2 0.495117 0.630859 0.070313 0.134115
2 0.536133 0.664714 0.056641 0.123698
2 0.585938 0.697917 0.076172 0.117188
0 0.456055 0.599609 0.064453 0.105469
0 0.455078 0.457682 0.056641 0.105469
0 0.292480 0.779948 0.065430 0.127604
2 0.336914 0.811198 0.070313 0.122396
0 0.217773 0.882813 0.062500 0.127604
0 0.257324 0.898438 0.069336 0.125000
0 0.295898 0.940104 0.064453 0.114583
0 0.422852 0.873698 0.070313 0.119792
0 0.481934 0.889323 0.069336 0.117188
2 0.515625 0.914714 0.076172 0.123698