3 0.260742 0.064453 0.097656 0.105469
3 0.137695 0.108073 0.093750 0.106771
3 0.147461 0.858724 0.044922 0.214844
3 0.104492 0.873698 0.050781 0.213542
0 0.354980 0.770833 0.030273 0.059896
2 0.410645 0.826823 0.028320 0.078125
1 0.690918 0.658203 0.047852 0.100260
1 0.625000 0.673828 0.041016 0.092448
0 0.643555 0.750651 0.025391 0.053385
0 0.761230 0.607422 0.030273 0.055990
2 0.776855 0.582682 0.036133 0.061198
3 0.914063 0.585938 0.048828 0.200521
3 0.953613 0.507813 0.051758 0.182292
1 0.937988 0.120443 0.059570 0.063802
1 0.789063 0.134115 0.060547 0.041667
1 0.466309 0.177083 0.073242 0.049479