1 0.025879 0.556641 0.051758 0.076823
1 0.077637 0.487630 0.034180 0.108073
1 0.108398 0.470052 0.037109 0.088542
1 0.141602 0.493490 0.041016 0.119792
2 0.366699 0.109375 0.030273 0.054688
3 0.565430 0.101563 0.056641 0.122396
3 0.595215 0.091146 0.053711 0.119792
2 0.788574 0.076172 0.028320 0.048177
2 0.939453 0.264323 0.041016 0.054688
3 0.881348 0.324870 0.077148 0.157552
3 0.828613 0.334635 0.075195 0.158854
3 0.801758 0.341797 0.076172 0.157552
3 0.691895 0.358724 0.073242 0.154948
3 0.649902 0.370443 0.073242 0.154948
3 0.609863 0.382813 0.065430 0.166667
3 0.551758 0.399089 0.058594 0.157552
3 0.472168 0.421224 0.053711 0.165365
1 0.408203 0.405599 0.039063 0.087240
3 0.379883 0.434896 0.046875 0.169271
3 0.349609 0.444010 0.050781 0.169271
1 0.202148 0.455078 0.035156 0.102865
3 0.174316 0.491536 0.047852 0.180990
0 0.147949 0.156250 0.024414 0.052083
2 0.977539 0.254557 0.031250 0.050781