2 0.870117 0.235026 0.035156 0.061198
1 0.650879 0.654948 0.045898 0.114583
1 0.614258 0.736328 0.064453 0.076823
2 0.575684 0.766276 0.038086 0.084635
1 0.547363 0.782552 0.043945 0.091146
2 0.519043 0.792318 0.036133 0.092448
2 0.492188 0.795573 0.041016 0.096354
2 0.462402 0.807292 0.034180 0.085938
1 0.357422 0.834635 0.039063 0.088542
1 0.327148 0.841797 0.033203 0.089844
1 0.297852 0.850260 0.033203 0.085938
2 0.271484 0.850260 0.031250 0.080729
2 0.243164 0.860026 0.033203 0.089844
1 0.683594 0.636719 0.046875 0.091146
1 0.722168 0.666016 0.053711 0.126302
3 0.752441 0.654297 0.077148 0.188802
1 0.775391 0.620443 0.054688 0.110677
1 0.814941 0.641276 0.051758 0.105469
3 0.927246 0.607422 0.077148 0.183594
3 0.954590 0.604818 0.083008 0.186198
1 0.979004 0.555990 0.041992 0.101563
0 0.650391 0.285807 0.031250 0.055990