1 0.945801 0.390625 0.047852 0.145833
1 0.844238 0.395833 0.057617 0.156250
1 0.796387 0.433594 0.051758 0.153646
1 0.751465 0.416016 0.053711 0.199219
1 0.691406 0.434896 0.050781 0.140625
1 0.634766 0.451823 0.056641 0.158854
2 0.584473 0.442708 0.045898 0.109375
1 0.529785 0.448568 0.053711 0.149740
1 0.480957 0.479818 0.051758 0.160156
1 0.429688 0.501302 0.048828 0.135417
1 0.379883 0.492839 0.054688 0.157552
1 0.259277 0.504557 0.057617 0.157552
1 0.205078 0.494141 0.054688 0.162760
1 0.152832 0.508464 0.057617 0.157552
1 0.106445 0.520833 0.056641 0.161458