14 0.859863 0.070313 0.166992 0.059896
14 0.698730 0.075521 0.163086 0.070313
14 0.539063 0.091797 0.144531 0.063802
14 0.810547 0.215495 0.121094 0.061198
14 0.634277 0.225260 0.133789 0.070313
14 0.447266 0.242839 0.175781 0.082031
14 0.803711 0.341797 0.103516 0.055990
14 0.673828 0.326172 0.087891 0.048177
14 0.666504 0.384115 0.112305 0.065104
14 0.814453 0.401042 0.115234 0.070313
14 0.816895 0.493490 0.083008 0.044271
14 0.813965 0.550781 0.102539 0.062500
14 0.679688 0.554688 0.107422 0.059896
14 0.677734 0.497396 0.097656 0.059896
14 0.845703 0.876302 0.128906 0.104167
14 0.678711 0.769531 0.150391 0.127604
14 0.501953 0.668620 0.105469 0.087240
14 0.331055 0.555990 0.140625 0.111979
14 0.150879 0.450521 0.143555 0.106771
14 0.233398 0.634115 0.312500 0.221354
14 0.654785 0.883464 0.344727 0.233073