4 0.307617 0.090495 0.160156 0.079427
4 0.904785 0.084635 0.127930 0.057292
4 0.792480 0.085286 0.106445 0.050781
4 0.693359 0.284505 0.115234 0.157552
4 0.615723 0.398438 0.083008 0.114583
4 0.592773 0.347656 0.117188 0.187500
2 0.030273 0.320964 0.060547 0.087240
4 0.510742 0.326172 0.111328 0.170573
4 0.425781 0.460938 0.095703 0.148438
4 0.417480 0.297526 0.102539 0.152344
4 0.318848 0.458333 0.137695 0.210938
4 0.212402 0.477865 0.149414 0.210938
4 0.302734 0.324870 0.117188 0.152344
4 0.146973 0.479818 0.098633 0.141927
4 0.166504 0.358073 0.120117 0.161458
4 0.078613 0.493490 0.108398 0.153646
4 0.231934 0.343750 0.112305 0.179688