2 0.561523 0.056641 0.080078 0.055990
2 0.150391 0.039714 0.093750 0.061198
2 0.279297 0.031250 0.078125 0.057292
2 0.153809 0.095052 0.096680 0.054688
0 0.170410 0.149740 0.073242 0.054688
0 0.157715 0.197917 0.086914 0.054688
2 0.165039 0.251302 0.099609 0.062500
2 0.158691 0.307943 0.098633 0.061198
2 0.169434 0.410807 0.098633 0.061198
0 0.281250 0.082031 0.076172 0.052083
2 0.284180 0.133464 0.078125 0.053385
2 0.295898 0.184896 0.103516 0.059896
2 0.294922 0.235677 0.095703 0.059896
2 0.293945 0.290365 0.091797 0.062500
2 0.297852 0.343750 0.091797 0.059896
2 0.300781 0.398438 0.095703 0.065104
0 0.299316 0.455078 0.079102 0.053385
2 0.434082 0.076172 0.098633 0.063802
2 0.455078 0.126302 0.074219 0.049479
2 0.456055 0.176432 0.078125 0.050781
2 0.451660 0.330078 0.100586 0.061198
2 0.454102 0.389323 0.101563 0.059896
0 0.473145 0.440104 0.079102 0.052083
0 0.476563 0.496745 0.076172 0.055990
0 0.583984 0.482422 0.078125 0.055990
2 0.579102 0.376302 0.074219 0.052083
2 0.580566 0.319010 0.081055 0.052083
2 0.581055 0.218750 0.076172 0.059896
2 0.581055 0.159505 0.099609 0.058594
0 0.747559 0.174479 0.081055 0.054688
0 0.749023 0.225911 0.074219 0.050781
2 0.746582 0.384766 0.096680 0.063802
2 0.751465 0.492188 0.094727 0.065104