2 0.970703 0.465495 0.054688 0.154948
2 0.961914 0.104167 0.060547 0.148438
0 0.790527 0.460286 0.045898 0.128906
0 0.623047 0.447266 0.044922 0.121094
0 0.795898 0.900391 0.054688 0.123698
2 0.420410 0.856120 0.047852 0.136719
2 0.354492 0.858073 0.054688 0.153646
2 0.121094 0.541667 0.060547 0.130208
0 0.459961 0.489583 0.046875 0.130208
2 0.458008 0.173177 0.054688 0.166667
2 0.394531 0.172526 0.062500 0.167969
2 0.251953 0.177734 0.056641 0.128906
0 0.193359 0.184245 0.052734 0.134115
2 0.135254 0.198568 0.059570 0.139323
0 0.734863 0.113932 0.051758 0.126302
2 0.743164 0.472005 0.052734 0.139323