4 0.929199 0.311198 0.094727 0.072917
4 0.824219 0.342448 0.121094 0.080729
4 0.715820 0.369792 0.105469 0.080729
4 0.607910 0.402344 0.133789 0.078125
4 0.494629 0.433594 0.106445 0.075521
4 0.385254 0.468099 0.125977 0.082031
4 0.274414 0.501302 0.099609 0.075521
4 0.164551 0.530599 0.129883 0.076823
4 0.831543 0.398438 0.096680 0.070313
4 0.722656 0.427083 0.128906 0.083333
4 0.617676 0.456380 0.100586 0.076823
4 0.508789 0.487630 0.128906 0.084635
4 0.399414 0.518880 0.099609 0.084635
4 0.289063 0.550130 0.125000 0.084635
4 0.181152 0.583333 0.100586 0.080729
4 0.071777 0.611979 0.127930 0.083333