4 0.907715 0.425781 0.106445 0.263021
4 0.810547 0.129557 0.113281 0.243490
4 0.757813 0.165365 0.119141 0.268229
4 0.697266 0.201172 0.123047 0.277344
0 0.630859 0.197266 0.050781 0.084635
4 0.531250 0.289714 0.113281 0.256510
4 0.467773 0.313151 0.126953 0.261719
4 0.412598 0.344401 0.118164 0.256510
4 0.356445 0.373698 0.119141 0.242188
4 0.242676 0.437500 0.118164 0.257813
4 0.394043 0.676432 0.122070 0.285156
4 0.325684 0.701172 0.122070 0.266927
4 0.274902 0.725260 0.110352 0.239583
4 0.215820 0.741536 0.117188 0.261719
4 0.134277 0.500651 0.106445 0.243490
4 0.124512 0.686198 0.112305 0.229167
4 0.035645 0.858724 0.071289 0.243490