3 0.481445 0.537760 0.103516 0.229167
3 0.599121 0.111328 0.151367 0.102865
3 0.610352 0.163411 0.158203 0.113281
3 0.633789 0.251953 0.154297 0.108073
3 0.586426 0.380859 0.165039 0.126302
3 0.663574 0.393229 0.159180 0.114583
3 0.692871 0.490885 0.168945 0.127604
3 0.742676 0.622396 0.172852 0.122396
3 0.769531 0.766276 0.160156 0.115885
2 0.113281 0.842448 0.037109 0.104167
0 0.292969 0.481120 0.062500 0.040365
0 0.297852 0.512370 0.060547 0.040365
0 0.336914 0.322917 0.062500 0.057292
0 0.340332 0.355469 0.057617 0.052083