5 0.759766 0.633464 0.375000 0.352865
2 0.754883 0.135417 0.048828 0.088542
2 0.307617 0.190755 0.058594 0.045573
2 0.328613 0.139323 0.077148 0.044271
4 0.916016 0.127604 0.105469 0.054688
4 0.831543 0.139974 0.077148 0.042969
4 0.475586 0.404297 0.117188 0.108073
4 0.405273 0.384766 0.099609 0.108073
4 0.369141 0.475911 0.115234 0.097656
4 0.211426 0.595052 0.110352 0.109375
4 0.093750 0.681641 0.113281 0.097656
4 0.230957 0.712891 0.112305 0.113281
4 0.218750 0.457031 0.113281 0.111979
4 0.345215 0.370443 0.110352 0.105469
4 0.496582 0.040365 0.096680 0.049479
4 0.585449 0.029297 0.083008 0.058594
0 0.523438 0.640625 0.044922 0.044271
3 0.876465 0.457031 0.104492 0.070313
10 0.301758 0.289714 0.060547 0.071615
10 0.237793 0.305339 0.084961 0.097656
12 0.191895 0.318359 0.079102 0.089844
10 0.160156 0.348307 0.085938 0.095052
10 0.093262 0.378255 0.090820 0.097656