5 0.488770 0.733073 0.389648 0.429688
2 0.300293 0.764974 0.059570 0.050781
4 0.725098 0.052083 0.106445 0.104167
4 0.791016 0.069661 0.113281 0.097656
4 0.684570 0.143229 0.115234 0.106771
4 0.531738 0.123047 0.118164 0.115885
4 0.524414 0.257813 0.117188 0.104167
0 0.840820 0.302083 0.044922 0.039063
4 0.407715 0.347656 0.114258 0.098958
4 0.545410 0.377604 0.108398 0.109375
4 0.223145 0.477214 0.114258 0.097656
4 0.062500 0.589844 0.111328 0.114583
12 0.296387 0.629557 0.075195 0.074219
12 0.200684 0.046224 0.051758 0.079427
12 0.174316 0.062500 0.045898 0.065104