0 0.065430 0.186198 0.062500 0.049479
0 0.098633 0.251953 0.072266 0.042969
0 0.410156 0.248047 0.056641 0.053385
0 0.487793 0.259766 0.053711 0.053385
1 0.302246 0.231771 0.098633 0.070313
0 0.543457 0.270833 0.055664 0.059896
0 0.599121 0.276693 0.067383 0.055990
0 0.655273 0.282552 0.054688 0.065104
0 0.732422 0.310547 0.060547 0.061198
0 0.746582 0.406250 0.055664 0.065104
0 0.851074 0.930339 0.032227 0.087240
1 0.834961 0.152995 0.099609 0.061198
1 0.957520 0.624349 0.061523 0.118490
0 0.973145 0.341797 0.053711 0.066406