0 0.244141 0.190104 0.066406 0.083333
0 0.354004 0.282552 0.073242 0.096354
0 0.432129 0.335938 0.067383 0.080729
0 0.493652 0.402344 0.071289 0.083333
0 0.552734 0.445313 0.070313 0.088542
0 0.312988 0.397786 0.071289 0.092448
0 0.595703 0.630208 0.076172 0.091146
0 0.709473 0.726563 0.067383 0.114583
0 0.914551 0.751302 0.071289 0.109375
0 0.453613 0.587891 0.067383 0.105469
0 0.424316 0.494792 0.083008 0.101563
2 0.784180 0.863932 0.101563 0.118490
1 0.851563 0.832031 0.103516 0.138021
0 0.167969 0.781250 0.060547 0.104167
2 0.163574 0.131510 0.094727 0.119792