0 0.645508 0.397786 0.091797 0.102865
2 0.473633 0.856771 0.087891 0.210938
0 0.628906 0.552083 0.070313 0.104167
2 0.541016 0.686849 0.121094 0.134115
0 0.279297 0.417318 0.060547 0.105469
0 0.684570 0.289714 0.082031 0.131510
0 0.773438 0.141276 0.076172 0.105469
0 0.520020 0.220703 0.090820 0.089844
0 0.406250 0.239583 0.089844 0.117188
2 0.267090 0.069010 0.086914 0.125000
0 0.592285 0.593750 0.088867 0.098958
0 0.563965 0.644531 0.077148 0.109375
0 0.795898 0.097656 0.060547 0.104167
0 0.716309 0.228516 0.102539 0.105469
0 0.101074 0.149740 0.096680 0.119792
0 0.321289 0.158854 0.072266 0.098958