1 0.517090 0.079427 0.086914 0.130208
3 0.313477 0.311849 0.175781 0.079427
3 0.260742 0.363932 0.175781 0.087240
2 0.124512 0.420573 0.053711 0.049479
12 0.066406 0.502604 0.089844 0.072917
12 0.216797 0.477865 0.080078 0.114583
2 0.479492 0.923177 0.068359 0.088542
2 0.411621 0.942057 0.049805 0.066406
2 0.610840 0.532552 0.067383 0.078125
2 0.631348 0.567057 0.067383 0.079427
2 0.693848 0.690104 0.053711 0.088542
2 0.667969 0.702474 0.048828 0.069010
2 0.625000 0.748698 0.064453 0.083333
2 0.380859 0.249349 0.027344 0.084635
0 0.303223 0.235026 0.047852 0.058594