1 0.452637 0.080078 0.153320 0.149740
1 0.307617 0.081380 0.093750 0.141927
0 0.270508 0.104818 0.048828 0.079427
1 0.066406 0.281250 0.128906 0.070313
1 0.980469 0.303385 0.039063 0.169271
1 0.936035 0.300781 0.041992 0.171875
1 0.891602 0.302734 0.046875 0.167969
2 0.800781 0.319010 0.041016 0.135417
2 0.738281 0.317708 0.039063 0.135417
2 0.680176 0.318359 0.038086 0.136719
2 0.627441 0.317708 0.036133 0.135417
2 0.571777 0.319661 0.036133 0.134115
2 0.517578 0.319661 0.035156 0.134115
2 0.468750 0.320313 0.033203 0.132813
2 0.370605 0.322917 0.040039 0.138021
2 0.270508 0.287109 0.037109 0.134115
2 0.322266 0.286458 0.041016 0.138021
1 0.204102 0.439453 0.087891 0.055990
1 0.200195 0.499349 0.089844 0.058594
1 0.199219 0.558594 0.091797 0.057292
1 0.200195 0.619792 0.091797 0.059896
1 0.199707 0.686198 0.088867 0.059896
1 0.197266 0.748698 0.087891 0.052083
1 0.429199 0.685547 0.051758 0.188802
1 0.482910 0.688151 0.051758 0.196615
1 0.538086 0.684245 0.046875 0.180990
1 0.592285 0.686198 0.053711 0.169271
1 0.651855 0.685547 0.051758 0.173177
1 0.704102 0.684896 0.046875 0.169271
1 0.759766 0.684896 0.052734 0.174479
1 0.815430 0.679036 0.052734 0.191406
1 0.869629 0.680339 0.053711 0.191406
1 0.923340 0.682292 0.055664 0.184896
1 0.480469 0.897135 0.052734 0.205729
1 0.536621 0.898438 0.049805 0.203125
1 0.589844 0.897135 0.054688 0.205729
1 0.645996 0.895833 0.051758 0.208333
1 0.700684 0.896484 0.047852 0.207031
1 0.753418 0.895833 0.053711 0.208333
1 0.808105 0.897786 0.051758 0.204427
1 0.864746 0.898438 0.053711 0.203125
1 0.919434 0.898438 0.051758 0.203125
1 0.975586 0.897786 0.048828 0.204427
1 0.979980 0.686849 0.040039 0.196615