1 0.965332 0.321615 0.045898 0.221354
1 0.914063 0.322266 0.052734 0.217448
1 0.863281 0.317057 0.044922 0.207031
1 0.807617 0.293620 0.048828 0.160156
1 0.752441 0.306641 0.051758 0.178385
1 0.696289 0.309896 0.054688 0.177083
1 0.614746 0.324870 0.051758 0.199219
1 0.559570 0.319010 0.052734 0.190104
1 0.499512 0.320313 0.049805 0.182292
1 0.443359 0.322917 0.050781 0.192708
0 0.389648 0.326172 0.050781 0.183594
10 0.955078 0.539063 0.054688 0.174479
10 0.904297 0.561849 0.048828 0.139323
10 0.792969 0.577474 0.048828 0.134115
10 0.733887 0.557292 0.053711 0.187500
10 0.674316 0.569661 0.055664 0.170573
10 0.617188 0.557943 0.058594 0.194010
10 0.561523 0.580078 0.050781 0.165365
10 0.505371 0.576172 0.055664 0.178385
10 0.446289 0.570313 0.052734 0.197917
10 0.392578 0.581380 0.050781 0.170573
3 0.324219 0.341146 0.058594 0.291667
3 0.274414 0.343750 0.050781 0.299479
3 0.221191 0.345052 0.051758 0.294271
3 0.165039 0.347656 0.054688 0.302083
3 0.113281 0.352865 0.052734 0.294271
3 0.331543 0.636719 0.059570 0.294271
3 0.280273 0.640625 0.060547 0.289063
3 0.226563 0.643229 0.054688 0.294271
3 0.171875 0.647135 0.052734 0.294271
3 0.112793 0.646484 0.057617 0.292969