2 0.413574 0.141276 0.086914 0.074219
2 0.320313 0.352865 0.091797 0.083333
2 0.299805 0.405599 0.099609 0.097656
2 0.285645 0.462891 0.096680 0.087240
2 0.255371 0.501302 0.098633 0.085938
2 0.228027 0.549479 0.088867 0.085938
2 0.315430 0.590495 0.095703 0.082031
0 0.428223 0.546875 0.049805 0.114583
2 0.263184 0.732422 0.102539 0.079427
0 0.622070 0.435547 0.076172 0.045573
0 0.637695 0.527995 0.085938 0.050781
2 0.545898 0.526042 0.080078 0.052083
0 0.494629 0.589844 0.075195 0.057292
0 0.497559 0.645182 0.069336 0.045573
0 0.497070 0.697266 0.066406 0.048177