1 0.375977 0.188151 0.136719 0.071615
1 0.368164 0.405599 0.140625 0.071615
1 0.375000 0.500651 0.134766 0.079427
1 0.191406 0.730469 0.128906 0.070313
0 0.824707 0.170573 0.094727 0.065104
2 0.709961 0.243490 0.117188 0.072917
0 0.825684 0.302734 0.098633 0.069010
0 0.833496 0.426432 0.092773 0.058594
2 0.730957 0.497396 0.110352 0.067708
0 0.829590 0.557943 0.092773 0.063802
0 0.728516 0.556641 0.087891 0.058594
0 0.725098 0.627604 0.102539 0.059896
2 0.842285 0.680339 0.112305 0.066406
0 0.748047 0.757161 0.091797 0.058594
0 0.709961 0.824219 0.091797 0.062500