1 0.101074 0.108724 0.090820 0.118490
1 0.239258 0.329427 0.126953 0.153646
1 0.172852 0.473307 0.134766 0.136719
1 0.149902 0.530599 0.131836 0.141927
2 0.219727 0.797526 0.070313 0.087240
0 0.604980 0.518880 0.057617 0.076823
1 0.810059 0.076172 0.129883 0.149740
1 0.920898 0.149740 0.128906 0.156250
1 0.850098 0.295573 0.122070 0.153646
1 0.730469 0.385417 0.123047 0.166667
0 0.632324 0.489583 0.053711 0.078125
1 0.709961 0.611328 0.132813 0.121094
0 0.833496 0.628255 0.051758 0.069010
0 0.915039 0.423828 0.054688 0.076823
0 0.864746 0.860677 0.055664 0.078125
0 0.791016 0.934245 0.062500 0.076823