1 0.472656 0.384766 0.142578 0.066406
1 0.341797 0.383464 0.130859 0.069010
1 0.347168 0.453125 0.141602 0.062500
1 0.337402 0.523438 0.124023 0.067708
1 0.470703 0.520833 0.142578 0.065104
0 0.730469 0.386068 0.066406 0.042969
0 0.728516 0.057943 0.060547 0.037760
1 0.335938 0.590495 0.123047 0.063802
1 0.473145 0.589193 0.133789 0.063802
1 0.340332 0.673177 0.129883 0.062500
1 0.476563 0.671875 0.138672 0.062500
1 0.346680 0.779297 0.144531 0.069010
1 0.335938 0.860677 0.121094 0.062500
1 0.476074 0.858724 0.137695 0.061198
1 0.597168 0.739583 0.071289 0.177083
1 0.574219 0.919271 0.121094 0.101563
0 0.725098 0.141276 0.059570 0.042969
0 0.730469 0.427083 0.068359 0.044271