1 0.855469 0.261068 0.056641 0.178385
1 0.791016 0.278646 0.054688 0.156250
1 0.741211 0.270182 0.052734 0.167969
1 0.688965 0.281250 0.051758 0.166667
1 0.639648 0.273438 0.054688 0.169271
1 0.593262 0.274740 0.049805 0.169271
1 0.547852 0.261719 0.050781 0.161458
1 0.500977 0.244141 0.048828 0.162760
1 0.399414 0.235677 0.052734 0.166667
1 0.351563 0.236328 0.058594 0.167969
1 0.247559 0.218099 0.057617 0.170573
1 0.195801 0.225911 0.053711 0.170573
1 0.107910 0.324219 0.114258 0.065104
1 0.120117 0.406250 0.123047 0.067708
1 0.112305 0.473307 0.123047 0.066406
1 0.118164 0.545573 0.123047 0.070313
1 0.348633 0.727214 0.050781 0.160156
1 0.440918 0.728516 0.051758 0.165365
1 0.503906 0.723307 0.054688 0.162760