1 0.894043 0.227865 0.112305 0.062500
1 0.883789 0.287109 0.107422 0.063802
1 0.881836 0.349609 0.109375 0.063802
1 0.887207 0.419271 0.108398 0.059896
1 0.876465 0.476563 0.118164 0.070313
1 0.870605 0.542969 0.112305 0.067708
1 0.713379 0.548828 0.051758 0.144531
1 0.553223 0.317057 0.116211 0.071615
1 0.437500 0.324219 0.119141 0.070313
1 0.551270 0.381510 0.108398 0.072917
1 0.542480 0.493490 0.112305 0.070313
1 0.539551 0.553385 0.108398 0.067708
1 0.427246 0.492839 0.114258 0.074219
1 0.168945 0.538411 0.046875 0.141927
1 0.165527 0.701823 0.045898 0.140625
1 0.254883 0.687500 0.044922 0.140625