0 0.905762 0.051432 0.104492 0.102865
1 0.812500 0.154948 0.070313 0.179688
0 0.644043 0.085286 0.065430 0.154948
2 0.370117 0.149740 0.128906 0.085938
2 0.365723 0.241536 0.129883 0.087240
2 0.376465 0.332031 0.141602 0.080729
2 0.372559 0.419922 0.161133 0.089844
2 0.385254 0.529948 0.184570 0.093750
2 0.390625 0.632161 0.212891 0.102865
2 0.353516 0.719401 0.154297 0.097656
2 0.335938 0.802734 0.160156 0.126302
0 0.431152 0.930990 0.125977 0.096354
0 0.201660 0.177083 0.118164 0.096354
0 0.183105 0.250651 0.124023 0.108073
0 0.133301 0.391276 0.116211 0.102865
0 0.088867 0.538411 0.121094 0.102865
0 0.062012 0.607422 0.122070 0.102865
2 0.537598 0.518880 0.067383 0.191406
0 0.228027 0.536458 0.083008 0.164063
0 0.159180 0.315104 0.111328 0.101563
0 0.862305 0.203776 0.060547 0.118490