14 0.872559 0.361328 0.075195 0.214844
0 0.836914 0.606120 0.109375 0.149740
2 0.749512 0.694661 0.088867 0.144531
2 0.694336 0.748698 0.083984 0.132813
0 0.648438 0.787760 0.074219 0.111979
0 0.700195 0.913411 0.072266 0.113281
0 0.661133 0.949870 0.080078 0.100260
0 0.686035 0.424479 0.077148 0.101563
0 0.605957 0.514974 0.079102 0.113281
0 0.527344 0.582031 0.072266 0.125000
0 0.484863 0.632813 0.075195 0.119792
0 0.445801 0.678385 0.077148 0.135417
0 0.401367 0.708333 0.070313 0.114583
0 0.365723 0.760417 0.077148 0.130208