0 0.609863 0.811849 0.040039 0.123698
0 0.507324 0.819010 0.043945 0.127604
0 0.364258 0.788411 0.046875 0.128906
0 0.320313 0.751953 0.044922 0.113281
0 0.274902 0.748698 0.043945 0.109375
0 0.810547 0.234375 0.078125 0.067708
0 0.519043 0.186849 0.075195 0.102865
0 0.447266 0.184245 0.058594 0.089844
0 0.727539 0.208333 0.072266 0.059896
2 0.607422 0.543620 0.048828 0.141927
2 0.548340 0.537109 0.051758 0.136719
2 0.499023 0.526042 0.048828 0.140625
2 0.443359 0.519531 0.046875 0.130208
2 0.389160 0.509766 0.049805 0.128906
2 0.562012 0.382161 0.053711 0.139323
2 0.509277 0.373047 0.045898 0.134115
2 0.457031 0.369141 0.046875 0.126302
2 0.403320 0.352214 0.046875 0.115885