0 0.110840 0.525391 0.049805 0.087240
0 0.041992 0.524740 0.068359 0.075521
0 0.057129 0.569661 0.069336 0.069010
0 0.248535 0.668620 0.032227 0.097656
0 0.370605 0.600911 0.032227 0.097656
0 0.522461 0.500000 0.031250 0.093750
0 0.561035 0.477214 0.030273 0.089844
0 0.599609 0.453776 0.033203 0.095052
0 0.674316 0.402344 0.036133 0.101563
0 0.830078 0.307943 0.035156 0.092448
0 0.870605 0.279948 0.034180 0.091146
0 0.909180 0.261719 0.035156 0.096354
0 0.967285 0.224609 0.049805 0.084635
2 0.791992 0.324870 0.033203 0.095052
2 0.754395 0.351563 0.032227 0.088542
2 0.716309 0.377604 0.034180 0.114583
2 0.634766 0.429688 0.033203 0.098958
2 0.485840 0.521484 0.034180 0.113281
2 0.447266 0.547526 0.033203 0.102865
0 0.409180 0.568359 0.029297 0.102865
2 0.328613 0.617188 0.034180 0.101563
2 0.286133 0.642578 0.033203 0.100260