14 0.130859 0.109375 0.115234 0.153646
14 0.170898 0.167969 0.119141 0.169271
14 0.219727 0.202474 0.109375 0.165365
14 0.295898 0.307292 0.107422 0.164063
14 0.341309 0.349609 0.116211 0.170573
14 0.382324 0.404948 0.112305 0.171875
14 0.417480 0.464844 0.112305 0.177083
14 0.461426 0.490885 0.092773 0.130208
14 0.534180 0.604818 0.117188 0.180990
14 0.580078 0.652995 0.109375 0.170573
14 0.517090 0.746745 0.041992 0.050781
14 0.614746 0.702474 0.116211 0.170573
14 0.646973 0.766276 0.141602 0.194010
14 0.700684 0.800130 0.112305 0.152344
14 0.784180 0.885417 0.095703 0.153646