14 0.055664 0.108724 0.087891 0.061198
14 0.072754 0.151042 0.090820 0.072917
14 0.076660 0.198568 0.086914 0.071615
14 0.087891 0.238281 0.103516 0.078125
14 0.171875 0.050130 0.070313 0.061198
14 0.183105 0.094401 0.063477 0.058594
14 0.227539 0.210938 0.085938 0.070313
14 0.249023 0.295573 0.076172 0.062500
14 0.262207 0.335286 0.075195 0.063802
14 0.146484 0.394531 0.080078 0.062500
14 0.156250 0.432943 0.082031 0.074219
14 0.296387 0.455078 0.075195 0.069010
14 0.314941 0.490234 0.079102 0.066406
14 0.186523 0.561198 0.091797 0.075521
14 0.208984 0.587240 0.080078 0.067708
14 0.334961 0.570964 0.083984 0.074219
14 0.366699 0.647135 0.094727 0.083333
14 0.229492 0.669271 0.072266 0.075521
14 0.234863 0.718099 0.083008 0.066406
14 0.250000 0.753255 0.074219 0.069010
14 0.259766 0.796224 0.093750 0.061198
14 0.265137 0.843099 0.096680 0.084635
14 0.283691 0.882161 0.092773 0.074219
14 0.275879 0.937500 0.120117 0.088542
14 0.441895 0.973307 0.073242 0.053385
14 0.430664 0.896484 0.082031 0.069010
14 0.408203 0.811198 0.087891 0.062500
14 0.381836 0.729818 0.085938 0.066406
14 0.371094 0.690755 0.091797 0.076823
14 0.453613 0.099609 0.086914 0.069010
14 0.473633 0.184896 0.072266 0.065104
14 0.479980 0.229818 0.100586 0.069010
14 0.505371 0.258464 0.063477 0.050781
14 0.517090 0.350260 0.094727 0.070313
14 0.539551 0.429036 0.088867 0.063802
14 0.563965 0.462891 0.075195 0.069010
14 0.583496 0.542318 0.075195 0.063802
14 0.589355 0.592448 0.086914 0.062500
14 0.602539 0.626953 0.087891 0.071615
14 0.621582 0.714193 0.094727 0.066406
14 0.646973 0.789714 0.079102 0.071615
14 0.662109 0.832031 0.085938 0.070313
14 0.667480 0.880859 0.088867 0.074219
14 0.692871 0.949870 0.075195 0.061198
14 0.628418 0.195313 0.096680 0.070313
14 0.631348 0.238281 0.075195 0.059896
14 0.647461 0.279948 0.099609 0.080729
14 0.668945 0.360026 0.085938 0.069010
14 0.670898 0.406901 0.078125 0.069010
14 0.699707 0.485677 0.077148 0.062500
14 0.750000 0.645182 0.089844 0.066406
14 0.755371 0.692057 0.077148 0.066406
14 0.788086 0.813151 0.078125 0.061198
14 0.817871 0.890625 0.086914 0.065104
14 0.841309 0.921875 0.094727 0.070313
14 0.835938 0.967448 0.087891 0.059896
14 0.831543 0.050781 0.063477 0.041667
14 0.830566 0.095052 0.084961 0.067708
14 0.879395 0.255859 0.102539 0.063802
14 0.893555 0.287760 0.085938 0.065104
14 0.950195 0.540365 0.082031 0.067708
14 0.964355 0.573568 0.071289 0.061198
14 0.956543 0.039714 0.086914 0.061198