14 0.740234 0.035156 0.087891 0.070313
14 0.758789 0.115885 0.072266 0.062500
14 0.772461 0.157552 0.070313 0.065104
14 0.808105 0.276042 0.077148 0.072917
14 0.825195 0.317057 0.078125 0.071615
14 0.845215 0.391276 0.081055 0.069010
14 0.876465 0.467448 0.092773 0.080729
14 0.883301 0.514323 0.090820 0.072917
14 0.895020 0.556641 0.084961 0.074219
14 0.920410 0.635417 0.088867 0.075521
14 0.939453 0.722005 0.089844 0.069010
14 0.951172 0.804688 0.074219 0.062500
14 0.837402 0.891276 0.096680 0.079427
14 0.821777 0.852865 0.112305 0.080729
14 0.811523 0.800781 0.101563 0.070313
14 0.788086 0.759115 0.121094 0.085938
14 0.795410 0.708984 0.096680 0.071615
14 0.775879 0.666016 0.098633 0.082031
14 0.768066 0.618490 0.088867 0.059896
14 0.762695 0.573568 0.078125 0.063802
14 0.747559 0.540365 0.081055 0.062500
14 0.740723 0.491536 0.077148 0.066406
14 0.720703 0.412760 0.076172 0.062500
14 0.695313 0.382161 0.085938 0.071615
14 0.668457 0.256510 0.084961 0.072917
14 0.659180 0.215495 0.082031 0.063802
14 0.600098 0.056641 0.104492 0.079427
14 0.351074 0.037109 0.092773 0.071615
14 0.382324 0.158854 0.088867 0.070313
14 0.413086 0.275391 0.093750 0.079427
14 0.426270 0.328776 0.084961 0.069010
14 0.445801 0.411458 0.092773 0.070313
14 0.467285 0.496094 0.071289 0.067708
14 0.495605 0.573568 0.081055 0.071615
14 0.495605 0.622396 0.077148 0.059896
14 0.516113 0.658203 0.083008 0.069010
14 0.533203 0.700521 0.078125 0.057292
14 0.560059 0.817708 0.067383 0.065104
14 0.574707 0.869141 0.069336 0.066406
14 0.228027 0.182943 0.102539 0.082031
14 0.289551 0.352865 0.096680 0.078125
14 0.293457 0.400391 0.100586 0.079427
14 0.303223 0.455729 0.108398 0.083333
14 0.320801 0.504557 0.104492 0.084635
14 0.335938 0.558594 0.095703 0.083333
14 0.357910 0.654297 0.104492 0.092448
14 0.383789 0.690104 0.087891 0.080729
14 0.398926 0.733724 0.083008 0.069010
14 0.401367 0.800781 0.105469 0.083333
14 0.418457 0.851563 0.100586 0.085938