14 0.107910 0.041016 0.041992 0.079427
14 0.081055 0.053385 0.037109 0.075521
14 0.055176 0.069661 0.043945 0.108073
14 0.020508 0.077474 0.041016 0.084635
14 0.068848 0.196615 0.081055 0.075521
14 0.086426 0.230469 0.081055 0.070313
14 0.115234 0.380208 0.070313 0.062500
14 0.145020 0.499349 0.063477 0.061198
14 0.042969 0.619141 0.085938 0.079427
14 0.083496 0.759115 0.102539 0.083333
14 0.097656 0.803385 0.097656 0.080729
14 0.105469 0.848958 0.101563 0.080729
14 0.191406 0.651693 0.074219 0.053385
14 0.294434 0.968099 0.083008 0.053385
14 0.262695 0.938151 0.058594 0.042969
14 0.273926 0.886719 0.084961 0.065104
14 0.528320 0.939453 0.087891 0.069010
14 0.640625 0.843099 0.074219 0.053385
14 0.635742 0.803385 0.078125 0.065104
14 0.626953 0.707031 0.099609 0.075521
14 0.506836 0.773438 0.064453 0.057292
14 0.587402 0.641927 0.083008 0.062500
14 0.469727 0.697917 0.087891 0.067708
14 0.464355 0.654948 0.075195 0.065104
14 0.937988 0.930339 0.077148 0.058594
14 0.951172 0.972005 0.074219 0.055990
14 0.871094 0.736328 0.087891 0.071615
14 0.852051 0.653646 0.075195 0.062500
14 0.829590 0.565104 0.077148 0.062500
14 0.814453 0.523438 0.085938 0.067708
14 0.955078 0.502604 0.087891 0.072917
14 0.922852 0.428385 0.078125 0.070313
14 0.799316 0.442057 0.073242 0.063802
14 0.903809 0.343750 0.084961 0.070313
14 0.892578 0.307292 0.085938 0.070313
14 0.886230 0.259766 0.092773 0.071615
14 0.872070 0.226563 0.083984 0.072917
14 0.737305 0.292969 0.091797 0.072917
14 0.849121 0.138672 0.084961 0.069010
14 0.841797 0.095052 0.085938 0.067708
14 0.707031 0.115885 0.078125 0.070313
14 0.683594 0.038411 0.078125 0.063802
14 0.408203 0.450521 0.078125 0.070313
14 0.366699 0.331380 0.088867 0.071615
14 0.495605 0.269531 0.088867 0.072917
14 0.477539 0.230469 0.080078 0.065104
14 0.464355 0.194010 0.083008 0.065104
14 0.427734 0.072917 0.082031 0.072917
14 0.425293 0.031901 0.083008 0.063802
14 0.333496 0.214193 0.086914 0.074219
14 0.325195 0.166016 0.083984 0.066406