14 0.860840 0.136719 0.079102 0.093750
14 0.947266 0.270833 0.097656 0.109375
14 0.910156 0.586589 0.099609 0.110677
14 0.834473 0.442708 0.102539 0.104167
14 0.718750 0.856120 0.119141 0.126302
14 0.687988 0.802734 0.118164 0.108073
14 0.659180 0.750651 0.107422 0.108073
14 0.551758 0.932292 0.103516 0.106771
14 0.503906 0.836589 0.101563 0.123698
14 0.610352 0.647786 0.109375 0.121094
14 0.582520 0.608724 0.104492 0.108073
14 0.569824 0.556641 0.110352 0.110677
14 0.425781 0.681641 0.101563 0.105469
14 0.540527 0.507813 0.106445 0.106771
14 0.514648 0.466146 0.093750 0.101563
14 0.493652 0.410156 0.102539 0.109375
14 0.738281 0.246094 0.095703 0.098958
14 0.716797 0.199219 0.101563 0.098958
14 0.682129 0.162760 0.108398 0.109375
14 0.661621 0.110026 0.104492 0.100260
14 0.444336 0.310547 0.107422 0.115885
14 0.377930 0.214193 0.099609 0.102865
14 0.347656 0.182292 0.080078 0.085938
14 0.351074 0.547526 0.104492 0.115885
14 0.330078 0.485677 0.099609 0.109375
14 0.279785 0.389323 0.110352 0.111979
14 0.301270 0.093750 0.096680 0.096354
14 0.201172 0.251953 0.087891 0.100260
14 0.190918 0.198568 0.075195 0.089844
14 0.147461 0.158203 0.109375 0.100260
14 0.127441 0.108073 0.098633 0.106771
14 0.194824 0.901693 0.094727 0.097656
14 0.168945 0.867188 0.091797 0.109375
14 0.142090 0.813151 0.083008 0.079427
14 0.047363 0.613932 0.094727 0.105469