14 0.862793 0.201823 0.122070 0.119792
14 0.907227 0.244141 0.091797 0.097656
14 0.934082 0.292969 0.088867 0.098958
14 0.749512 0.708333 0.112305 0.111979
14 0.614746 0.813802 0.118164 0.122396
14 0.650391 0.488281 0.115234 0.106771
14 0.625000 0.437500 0.126953 0.125000
14 0.476074 0.567708 0.118164 0.125000
14 0.564941 0.337240 0.118164 0.119792
14 0.437988 0.509766 0.129883 0.134115
14 0.423828 0.439453 0.103516 0.100260
14 0.545898 0.270833 0.123047 0.130208
14 0.512695 0.218099 0.113281 0.115885
14 0.363770 0.339193 0.116211 0.113281
14 0.277832 0.198568 0.114258 0.115885