14 0.215820 0.147786 0.105469 0.126302
14 0.068359 0.266276 0.105469 0.118490
14 0.083496 0.342448 0.129883 0.122396
14 0.119141 0.397135 0.115234 0.135417
14 0.250488 0.190104 0.127930 0.132813
14 0.271484 0.250651 0.117188 0.128906
14 0.181641 0.548828 0.130859 0.147135
14 0.337891 0.349609 0.128906 0.139323
14 0.244141 0.617839 0.105469 0.113281
14 0.269531 0.675781 0.111328 0.127604
14 0.298340 0.758464 0.141602 0.170573
14 0.386719 0.471354 0.128906 0.130208
14 0.430176 0.530599 0.125977 0.141927
14 0.458496 0.580078 0.127930 0.139323
14 0.510254 0.694010 0.129883 0.135417
14 0.538574 0.761719 0.124023 0.127604
14 0.569336 0.817057 0.123047 0.121094
14 0.595703 0.878906 0.111328 0.106771
14 0.636719 0.919922 0.126953 0.139323
14 0.666016 0.103516 0.126953 0.134115
14 0.694336 0.153646 0.128906 0.138021
14 0.743164 0.276693 0.107422 0.115885
14 0.814941 0.379557 0.127930 0.128906
14 0.848633 0.434896 0.126953 0.140625
14 0.873535 0.494141 0.118164 0.134115
14 0.907227 0.546875 0.126953 0.130208
14 0.924316 0.618490 0.120117 0.125000