14 0.098633 0.188151 0.136719 0.123698
14 0.066406 0.135417 0.125000 0.114583
14 0.833008 0.167318 0.119141 0.180990
14 0.777832 0.212240 0.125977 0.205729
14 0.725586 0.271484 0.123047 0.178385
14 0.691895 0.335286 0.112305 0.170573
14 0.636719 0.379557 0.125000 0.196615
14 0.545410 0.477865 0.129883 0.192708
14 0.497070 0.513672 0.119141 0.188802
14 0.429688 0.621745 0.101563 0.162760
14 0.376953 0.643880 0.117188 0.186198
14 0.336426 0.689453 0.114258 0.191406
14 0.296387 0.736328 0.108398 0.170573
14 0.251465 0.771484 0.106445 0.191406