14 0.059570 0.200521 0.113281 0.117188
14 0.122559 0.318359 0.112305 0.131510
14 0.061523 0.951823 0.093750 0.096354
14 0.398926 0.852214 0.108398 0.115885
14 0.639160 0.867188 0.125977 0.132813
14 0.466797 0.556641 0.125000 0.121094
14 0.379883 0.401042 0.113281 0.130208
14 0.324707 0.287109 0.110352 0.118490
14 0.266113 0.188151 0.120117 0.118490
14 0.238770 0.134115 0.106445 0.125000
14 0.908203 0.483724 0.107422 0.134115
14 0.843262 0.376302 0.096680 0.119792
14 0.730957 0.248047 0.104492 0.154948
14 0.673340 0.145182 0.100586 0.136719
14 0.634766 0.104167 0.097656 0.132813
14 0.609863 0.051432 0.092773 0.102865
14 0.874023 0.085938 0.066406 0.091146
14 0.850586 0.054036 0.062500 0.095052