14 0.141602 0.192708 0.111328 0.114583
14 0.050293 0.359375 0.090820 0.109375
14 0.078613 0.401693 0.088867 0.095052
14 0.095215 0.460286 0.096680 0.113281
14 0.230469 0.337891 0.091797 0.100260
14 0.258789 0.386068 0.105469 0.113281
14 0.359863 0.580729 0.098633 0.117188
14 0.383789 0.636068 0.091797 0.097656
14 0.244629 0.745443 0.096680 0.108073
14 0.277344 0.796224 0.093750 0.108073
14 0.298828 0.850260 0.105469 0.119792
14 0.325195 0.897135 0.097656 0.109375
14 0.345703 0.945964 0.115234 0.108073
14 0.540039 0.905599 0.111328 0.113281
14 0.933594 0.507813 0.115234 0.117188
14 0.880371 0.397135 0.114258 0.122396
14 0.817383 0.301432 0.113281 0.113281
14 0.790039 0.248047 0.103516 0.115885
14 0.672852 0.431641 0.121094 0.121094
14 0.612305 0.310547 0.125000 0.115885
14 0.532227 0.179036 0.109375 0.123698
14 0.942871 0.951172 0.096680 0.097656