2 0.437988 0.203776 0.100586 0.100260
0 0.747559 0.055990 0.079102 0.075521
0 0.681152 0.248698 0.069336 0.070313
0 0.072266 0.656901 0.082031 0.082031
0 0.119629 0.555339 0.086914 0.087240
0 0.242676 0.814453 0.102539 0.095052
0 0.347656 0.762370 0.091797 0.087240
0 0.443848 0.705729 0.088867 0.085938
0 0.792480 0.570964 0.051758 0.097656
0 0.868652 0.520182 0.063477 0.110677
0 0.825684 0.537109 0.061523 0.105469
0 0.950684 0.481771 0.063477 0.117188
0 0.675781 0.333984 0.080078 0.076823
1 0.522461 0.420573 0.171875 0.148438
0 0.431641 0.371094 0.087891 0.088542
0 0.332520 0.432943 0.077148 0.074219
0 0.278320 0.305990 0.083984 0.088542