0 0.842285 0.033203 0.051758 0.063802
0 0.828613 0.207031 0.032227 0.088542
0 0.191895 0.678385 0.065430 0.039063
0 0.268066 0.674479 0.065430 0.036458
0 0.337402 0.670573 0.055664 0.039063
0 0.467285 0.671224 0.063477 0.037760
0 0.529785 0.669922 0.057617 0.040365
0 0.590820 0.667969 0.052734 0.039063
0 0.740723 0.608724 0.040039 0.076823
2 0.832520 0.619792 0.053711 0.093750
0 0.924316 0.723307 0.057617 0.037760
0 0.823730 0.873047 0.041992 0.066406
0 0.488281 0.902995 0.031250 0.092448
0 0.314453 0.964844 0.052734 0.044271
0 0.206055 0.945964 0.054688 0.035156
0 0.209961 0.884115 0.029297 0.085938