14 0.500000 0.175130 0.080078 0.225260
14 0.436523 0.199870 0.078125 0.225260
14 0.241211 0.350260 0.162109 0.114583
14 0.263672 0.438802 0.175781 0.111979
14 0.340332 0.645833 0.069336 0.164063
14 0.397461 0.632813 0.085938 0.174479
14 0.528809 0.716797 0.063477 0.199219
14 0.587402 0.774740 0.094727 0.341146
14 0.673828 0.698568 0.058594 0.170573
14 0.722168 0.689453 0.065430 0.165365
14 0.776855 0.808594 0.053711 0.127604
14 0.708496 0.838542 0.065430 0.109375
14 0.739746 0.825521 0.055664 0.132813
14 0.729492 0.966146 0.099609 0.067708
14 0.726563 0.916667 0.095703 0.057292