14 0.929688 0.320313 0.070313 0.236979
14 0.859863 0.329427 0.063477 0.229167
14 0.798828 0.330729 0.058594 0.226563
14 0.741699 0.382813 0.043945 0.130208
14 0.690430 0.361979 0.054688 0.195313
14 0.622559 0.360026 0.049805 0.207031
14 0.569336 0.350260 0.052734 0.247396
14 0.492676 0.371094 0.055664 0.229167
14 0.437500 0.375000 0.056641 0.234375
14 0.379395 0.421224 0.059570 0.165365
14 0.320801 0.413411 0.047852 0.199219
14 0.264160 0.435547 0.049805 0.160156
14 0.938477 0.604167 0.054688 0.250000
14 0.875977 0.576172 0.060547 0.167969
14 0.816406 0.583333 0.064453 0.166667
14 0.755371 0.609375 0.067383 0.210938
14 0.702637 0.621094 0.071289 0.223958
14 0.589355 0.630859 0.071289 0.204427
14 0.519043 0.647786 0.069336 0.225260
14 0.466797 0.647786 0.060547 0.225260
14 0.400391 0.643229 0.058594 0.182292
14 0.351563 0.658203 0.066406 0.212240
14 0.280762 0.666016 0.057617 0.188802