14 0.819824 0.276042 0.045898 0.184896
14 0.759766 0.244141 0.054688 0.251302
14 0.688965 0.252604 0.065430 0.239583
14 0.632813 0.262370 0.062500 0.246094
14 0.518066 0.279297 0.061523 0.251302
14 0.458984 0.283854 0.050781 0.255208
14 0.398926 0.302734 0.061523 0.230469
14 0.331055 0.319010 0.062500 0.221354
14 0.273926 0.317708 0.059570 0.226563
14 0.215332 0.372396 0.043945 0.125000
14 0.163086 0.350260 0.072266 0.187500
14 0.093750 0.343750 0.050781 0.200521
14 0.042480 0.336589 0.061523 0.238281
14 0.062988 0.615234 0.071289 0.207031
14 0.180176 0.610026 0.057617 0.230469
14 0.230957 0.594401 0.071289 0.222656
14 0.293457 0.565755 0.053711 0.173177
14 0.352051 0.557943 0.059570 0.160156
14 0.415039 0.589193 0.054688 0.246094
14 0.468262 0.571615 0.057617 0.229167
14 0.533203 0.544922 0.064453 0.170573
14 0.591797 0.565755 0.052734 0.227865
14 0.704590 0.539714 0.055664 0.204427
14 0.770508 0.525391 0.058594 0.201823
14 0.824707 0.542969 0.061523 0.231771
14 0.890137 0.497396 0.057617 0.179688