14 0.057617 0.447266 0.060547 0.196615
14 0.114258 0.417969 0.072266 0.223958
14 0.243164 0.408203 0.054688 0.209635
14 0.294922 0.414063 0.066406 0.195313
14 0.361328 0.419922 0.056641 0.160156
14 0.413086 0.396484 0.066406 0.199219
14 0.480469 0.364583 0.074219 0.216146
14 0.537109 0.370443 0.058594 0.199219
14 0.598633 0.356771 0.064453 0.216146
14 0.729004 0.358724 0.061523 0.196615
14 0.774414 0.366536 0.052734 0.173177
14 0.845215 0.337240 0.069336 0.213542
14 0.857910 0.612630 0.063477 0.217448
14 0.786133 0.623698 0.058594 0.234375
14 0.736328 0.623698 0.066406 0.221354
14 0.674805 0.618490 0.054688 0.192708
14 0.618652 0.624349 0.057617 0.199219
14 0.548828 0.639323 0.068359 0.236979
14 0.494629 0.644531 0.057617 0.205729
14 0.393066 0.667969 0.086914 0.226563
14 0.315918 0.655599 0.057617 0.191406
14 0.257813 0.654948 0.052734 0.182292
14 0.194824 0.681641 0.067383 0.214844
14 0.140625 0.677083 0.052734 0.190104
14 0.084473 0.688151 0.047852 0.178385