14 0.885742 0.134766 0.062500 0.217448
14 0.817871 0.147135 0.061523 0.239583
14 0.763184 0.145833 0.061523 0.229167
14 0.701660 0.143229 0.055664 0.195313
14 0.644531 0.148438 0.058594 0.197917
14 0.577637 0.166667 0.063477 0.223958
14 0.519531 0.164714 0.062500 0.204427
14 0.419922 0.190104 0.083984 0.221354
14 0.343262 0.176432 0.061523 0.186198
14 0.284180 0.177083 0.052734 0.187500
14 0.226563 0.204427 0.062500 0.216146
14 0.165527 0.200521 0.049805 0.190104
14 0.108887 0.211589 0.057617 0.183594
14 0.787109 0.698568 0.066406 0.222656
14 0.720703 0.727214 0.062500 0.230469
14 0.656738 0.772135 0.053711 0.182292
14 0.604492 0.770833 0.064453 0.203125
14 0.527344 0.787109 0.070313 0.222656
14 0.420410 0.783854 0.051758 0.216146
14 0.366211 0.802083 0.054688 0.197917
14 0.297363 0.785156 0.055664 0.226563
14 0.243652 0.793620 0.055664 0.201823
14 0.169434 0.788411 0.059570 0.238281
14 0.111328 0.797526 0.052734 0.214844
14 0.044434 0.808594 0.061523 0.203125