14 0.192383 0.121745 0.046875 0.128906
14 0.866211 0.249349 0.062500 0.180990
14 0.798828 0.294922 0.054688 0.212240
14 0.747559 0.276042 0.059570 0.203125
14 0.680664 0.291667 0.058594 0.208333
14 0.568848 0.317057 0.057617 0.225260
14 0.509277 0.300781 0.067383 0.174479
14 0.446289 0.324870 0.064453 0.230469
14 0.391113 0.343750 0.059570 0.234375
14 0.325684 0.309896 0.063477 0.164063
14 0.269043 0.313802 0.061523 0.171875
14 0.206055 0.345703 0.066406 0.214844
14 0.155273 0.354167 0.066406 0.229167
14 0.039063 0.365234 0.068359 0.207031
14 0.085449 0.869141 0.065430 0.186198
14 0.147949 0.844401 0.061523 0.220052
14 0.276855 0.836589 0.053711 0.209635
14 0.331055 0.841146 0.054688 0.200521
14 0.393066 0.845703 0.047852 0.162760
14 0.445313 0.822917 0.064453 0.195313
14 0.512695 0.791667 0.068359 0.221354
14 0.574219 0.791667 0.054688 0.192708
14 0.634277 0.781250 0.063477 0.216146
14 0.758789 0.785807 0.060547 0.186198
14 0.808594 0.793620 0.054688 0.170573
14 0.879883 0.765625 0.062500 0.213542