14 0.812012 0.286458 0.045898 0.182292
14 0.750977 0.252604 0.058594 0.250000
14 0.683594 0.261068 0.064453 0.240885
14 0.627930 0.274740 0.058594 0.242188
14 0.510254 0.287760 0.061523 0.250000
14 0.447754 0.297526 0.055664 0.256510
14 0.387207 0.307292 0.063477 0.236979
14 0.328613 0.330078 0.065430 0.217448
14 0.268555 0.327474 0.062500 0.220052
14 0.210449 0.380859 0.047852 0.126302
14 0.155273 0.358724 0.062500 0.188802
14 0.086914 0.354167 0.060547 0.203125
14 0.036133 0.347656 0.052734 0.242188
14 0.058105 0.624349 0.069336 0.214844
14 0.175293 0.615885 0.061523 0.218750
14 0.228027 0.601563 0.063477 0.203125
14 0.283691 0.578776 0.059570 0.175781
14 0.343262 0.564453 0.055664 0.162760
14 0.405273 0.600911 0.054688 0.238281
14 0.464355 0.580078 0.061523 0.220052
14 0.523438 0.561198 0.058594 0.177083
14 0.586914 0.576172 0.048828 0.225260
14 0.699219 0.551432 0.052734 0.207031
14 0.764160 0.531901 0.053711 0.201823
14 0.813477 0.550781 0.058594 0.223958
14 0.882813 0.511068 0.062500 0.173177