14 0.971680 0.229818 0.056641 0.141927
14 0.809570 0.224609 0.070313 0.209635
14 0.743164 0.263021 0.060547 0.158854
14 0.693359 0.259766 0.064453 0.186198
14 0.631836 0.270182 0.054688 0.180990
14 0.579590 0.301432 0.051758 0.147135
14 0.470215 0.319661 0.049805 0.144531
14 0.402344 0.283203 0.076172 0.235677
14 0.343262 0.322266 0.055664 0.188802
14 0.287598 0.341797 0.045898 0.170573
14 0.238281 0.317708 0.066406 0.192708
14 0.173340 0.364583 0.065430 0.164063
14 0.123047 0.365234 0.056641 0.173177
14 0.052246 0.369792 0.061523 0.197917
14 0.083008 0.645833 0.072266 0.234375
14 0.151367 0.615885 0.068359 0.192708
14 0.266113 0.564453 0.053711 0.136719
14 0.314941 0.579427 0.049805 0.161458
14 0.380859 0.572266 0.078125 0.207031
14 0.430176 0.541016 0.057617 0.160156
14 0.540039 0.547526 0.078125 0.209635
14 0.656250 0.511719 0.064453 0.174479
14 0.713867 0.490885 0.042969 0.145833
14 0.887207 0.470052 0.051758 0.169271
14 0.949219 0.461589 0.064453 0.167969