14 0.054688 0.541667 0.050781 0.138021
14 0.028320 0.799479 0.056641 0.195313
14 0.202637 0.735026 0.051758 0.160156
14 0.321777 0.715495 0.071289 0.173177
14 0.212402 0.507813 0.045898 0.145833
14 0.265625 0.475260 0.056641 0.177083
14 0.327637 0.468750 0.055664 0.192708
14 0.416504 0.697917 0.043945 0.145833
14 0.473145 0.691406 0.061523 0.177083
14 0.514648 0.421875 0.064453 0.205729
14 0.541016 0.681641 0.062500 0.183594
14 0.569336 0.421224 0.070313 0.188802
14 0.638672 0.395833 0.074219 0.205729
14 0.660645 0.643229 0.051758 0.143229
14 0.725586 0.660156 0.072266 0.174479