14 0.108887 0.499349 0.084961 0.180990
14 0.191895 0.474609 0.071289 0.147135
14 0.221680 0.540365 0.070313 0.143229
14 0.277832 0.544271 0.084961 0.158854
14 0.355469 0.551432 0.052734 0.188802
14 0.413086 0.604818 0.050781 0.160156
14 0.455078 0.529297 0.064453 0.180990
14 0.509277 0.503255 0.053711 0.147135
14 0.557617 0.514323 0.042969 0.151042
14 0.628906 0.526693 0.062500 0.194010
14 0.686035 0.521484 0.059570 0.209635
14 0.745605 0.479818 0.047852 0.149740
14 0.787109 0.464193 0.046875 0.147135
14 0.841797 0.464193 0.044922 0.173177
14 0.889160 0.475911 0.047852 0.178385
14 0.935547 0.430990 0.048828 0.169271