14 0.949219 0.414714 0.070313 0.194010
14 0.829102 0.397786 0.078125 0.188802
14 0.572754 0.348307 0.053711 0.165365
14 0.512207 0.311198 0.069336 0.205729
14 0.454102 0.319661 0.048828 0.157552
14 0.394043 0.293620 0.053711 0.188802
14 0.329590 0.295573 0.065430 0.153646
14 0.270508 0.264323 0.044922 0.182292
14 0.151855 0.254557 0.047852 0.152344
14 0.098145 0.227214 0.057617 0.183594
14 0.029785 0.201823 0.051758 0.190104
14 0.059570 0.480469 0.070313 0.195313
14 0.115723 0.500000 0.067383 0.190104
14 0.178711 0.495443 0.062500 0.165365
14 0.239746 0.503255 0.053711 0.157552
14 0.298828 0.542969 0.074219 0.205729
14 0.544434 0.585938 0.069336 0.187500
14 0.600586 0.607422 0.068359 0.196615
14 0.662109 0.620443 0.054688 0.165365
14 0.717773 0.630208 0.074219 0.182292
14 0.844727 0.650391 0.064453 0.157552
14 0.907715 0.671875 0.065430 0.174479