0 0.331543 0.078125 0.090820 0.109375
0 0.131836 0.102865 0.068359 0.106771
0 0.138184 0.212891 0.077148 0.147135
0 0.345215 0.172526 0.090820 0.108073
0 0.342285 0.261068 0.090820 0.110677
0 0.387695 0.481120 0.091797 0.108073
0 0.416992 0.845703 0.089844 0.110677
0 0.508301 0.859375 0.104492 0.111979
10 0.488281 0.743490 0.125000 0.135417
0 0.478027 0.650391 0.083008 0.102865
0 0.476563 0.548828 0.101563 0.100260
0 0.437500 0.255208 0.093750 0.101563
0 0.423828 0.152344 0.103516 0.119792
0 0.619629 0.128255 0.079102 0.126302
0 0.637695 0.336589 0.085938 0.141927
0 0.653809 0.428385 0.077148 0.125000
0 0.678711 0.620443 0.093750 0.128906
0 0.765625 0.771484 0.093750 0.105469
0 0.859863 0.803385 0.079102 0.111979