4 0.797852 0.410807 0.171875 0.253906
4 0.624512 0.660807 0.225586 0.303385
0 0.926270 0.880859 0.098633 0.139323
0 0.361328 0.766276 0.095703 0.160156
0 0.519043 0.544922 0.112305 0.160156
0 0.370605 0.561849 0.100586 0.149740
0 0.215332 0.783854 0.088867 0.143229
0 0.125488 0.917969 0.100586 0.135417
2 0.677734 0.161458 0.099609 0.164063
0 0.494141 0.108073 0.091797 0.143229
0 0.386719 0.261719 0.083984 0.122396
2 0.435059 0.330729 0.100586 0.166667
1 0.293945 0.388021 0.111328 0.182292
0 0.183105 0.542969 0.098633 0.164063
0 0.087402 0.665365 0.108398 0.151042
0 0.098145 0.789714 0.096680 0.154948
0 0.203613 0.681641 0.092773 0.154948
0 0.306641 0.515625 0.105469 0.156250