0 0.657715 0.089844 0.104492 0.151042
0 0.527832 0.132161 0.096680 0.147135
0 0.383789 0.246094 0.097656 0.151042
0 0.437012 0.307943 0.104492 0.160156
0 0.272461 0.412109 0.107422 0.157552
0 0.161621 0.563151 0.106445 0.167969
0 0.072754 0.691406 0.090820 0.125000
10 0.179688 0.672526 0.183594 0.303385
2 0.311035 0.486328 0.102539 0.191406
0 0.455566 0.427734 0.090820 0.141927
2 0.356934 0.588542 0.088867 0.161458
2 0.259277 0.744141 0.127930 0.160156
2 0.566406 0.445313 0.128906 0.169271
0 0.554688 0.253906 0.109375 0.158854
4 0.706055 0.525391 0.173828 0.235677
4 0.537598 0.759115 0.217773 0.322917