0 0.050293 0.072266 0.057617 0.134115
0 0.209961 0.122396 0.046875 0.148438
0 0.225586 0.431641 0.093750 0.102865
0 0.363770 0.177734 0.067383 0.149740
0 0.419922 0.199219 0.070313 0.158854
0 0.474609 0.215495 0.068359 0.149740
0 0.578613 0.249349 0.059570 0.123698
0 0.633301 0.272786 0.061523 0.128906
0 0.736328 0.346354 0.070313 0.140625
0 0.787109 0.364583 0.066406 0.140625
2 0.837402 0.401042 0.084961 0.169271
0 0.949707 0.425781 0.077148 0.143229
0 0.333984 0.484375 0.076172 0.132813
0 0.387695 0.521484 0.070313 0.136719
0 0.435059 0.567708 0.067383 0.125000
0 0.482910 0.630208 0.077148 0.135417
0 0.520020 0.681641 0.081055 0.131510
0 0.565430 0.729167 0.074219 0.135417
0 0.608398 0.798828 0.076172 0.141927
0 0.651855 0.867188 0.077148 0.140625
0 0.687988 0.929688 0.079102 0.140625