0 0.064941 0.418620 0.112305 0.141927
0 0.225098 0.264323 0.092773 0.125000
0 0.323730 0.146484 0.104492 0.152344
0 0.602051 0.246745 0.116211 0.134115
0 0.637207 0.338542 0.116211 0.135417
0 0.600098 0.466146 0.104492 0.148438
0 0.693359 0.397786 0.093750 0.123698
0 0.919922 0.352865 0.121094 0.145833
0 0.796387 0.550130 0.118164 0.134115
0 0.329590 0.650391 0.114258 0.175781
0 0.515137 0.898438 0.127930 0.166667
0 0.832031 0.692057 0.128906 0.095052
0 0.818359 0.792318 0.152344 0.100260
0 0.393066 0.598307 0.114258 0.165365
0 0.272461 0.718099 0.105469 0.186198