2 0.076660 0.329427 0.139648 0.106771
2 0.090332 0.430990 0.166992 0.093750
2 0.204102 0.417318 0.066406 0.173177
0 0.229492 0.246745 0.066406 0.173177
0 0.299316 0.215495 0.055664 0.152344
0 0.362305 0.236979 0.062500 0.161458
1 0.279785 0.414714 0.086914 0.240885
2 0.356445 0.436849 0.068359 0.188802
0 0.421387 0.265625 0.061523 0.151042
0 0.411133 0.428385 0.052734 0.135417
10 0.467285 0.445313 0.075195 0.190104
0 0.531250 0.276693 0.054688 0.152344
0 0.525391 0.446615 0.058594 0.158854
10 0.591797 0.275391 0.060547 0.175781
0 0.650391 0.274089 0.054688 0.160156
2 0.644043 0.440755 0.067383 0.186198
2 0.550293 0.749349 0.092773 0.154948
2 0.463379 0.807943 0.063477 0.152344
2 0.402344 0.785156 0.074219 0.164063
2 0.343750 0.760417 0.068359 0.153646
0 0.281250 0.748047 0.058594 0.154948
2 0.850098 0.339844 0.122070 0.153646
10 0.822266 0.501953 0.119141 0.165365
0 0.754883 0.875651 0.097656 0.144531