0 0.065430 0.750000 0.052734 0.138021
0 0.144531 0.562500 0.054688 0.143229
2 0.431641 0.068359 0.111328 0.110677
2 0.426270 0.149740 0.106445 0.109375
2 0.419922 0.233724 0.105469 0.110677
2 0.417969 0.323568 0.119141 0.121094
2 0.412109 0.410156 0.126953 0.127604
2 0.402832 0.505859 0.133789 0.128906
10 0.371094 0.641927 0.082031 0.164063
10 0.571289 0.438151 0.074219 0.175781
2 0.820801 0.487630 0.061523 0.167969
2 0.889648 0.483073 0.056641 0.171875
2 0.765625 0.451172 0.054688 0.160156
2 0.707520 0.450521 0.059570 0.161458