2 0.798340 0.481120 0.116211 0.123698
2 0.591797 0.294922 0.113281 0.105469
0 0.405762 0.423177 0.055664 0.122396
0 0.492676 0.447266 0.088867 0.087240
0 0.475098 0.721354 0.073242 0.104167
2 0.477051 0.867188 0.063477 0.166667
2 0.574219 0.568359 0.107422 0.074219
2 0.577637 0.640625 0.108398 0.078125
0 0.595215 0.434896 0.098633 0.080729
0 0.588379 0.506510 0.108398 0.067708
0 0.236328 0.643229 0.072266 0.119792
0 0.565430 0.776042 0.105469 0.070313
0 0.567871 0.847656 0.106445 0.062500
0 0.572754 0.908203 0.088867 0.053385
0 0.564941 0.968750 0.090820 0.062500
0 0.485352 0.533203 0.093750 0.100260