14 0.436035 0.167969 0.051758 0.140625
14 0.354980 0.197917 0.053711 0.161458
14 0.838867 0.362630 0.052734 0.157552
14 0.791992 0.376302 0.054688 0.169271
14 0.728027 0.373047 0.043945 0.160156
14 0.684570 0.340495 0.056641 0.175781
14 0.645020 0.374349 0.034180 0.147135
14 0.615234 0.392578 0.037109 0.136719
14 0.576172 0.372396 0.054688 0.153646
14 0.872070 0.656901 0.076172 0.178385
14 0.463867 0.385417 0.041016 0.156250
14 0.427734 0.394531 0.031250 0.156250
14 0.290527 0.654948 0.063477 0.171875
14 0.236328 0.662760 0.058594 0.177083
14 0.177246 0.669922 0.051758 0.152344
14 0.111328 0.546224 0.050781 0.147135
14 0.353027 0.410156 0.043945 0.151042
14 0.316895 0.406250 0.043945 0.138021
14 0.277832 0.371094 0.049805 0.161458
14 0.236328 0.383464 0.039063 0.162760
14 0.198730 0.384766 0.049805 0.157552
14 0.154297 0.370443 0.046875 0.154948