14 0.860840 0.445313 0.079102 0.156250
14 0.767578 0.356120 0.082031 0.131510
14 0.682129 0.262370 0.045898 0.118490
14 0.647461 0.285807 0.048828 0.121094
14 0.749023 0.313802 0.068359 0.122396
14 0.384277 0.394531 0.055664 0.122396
14 0.309082 0.496094 0.088867 0.096354
14 0.282715 0.527344 0.102539 0.101563
14 0.265625 0.569661 0.101563 0.113281
14 0.231934 0.589193 0.077148 0.100260
14 0.190430 0.662109 0.082031 0.100260
14 0.153809 0.776042 0.092773 0.070313
14 0.134766 0.862630 0.091797 0.061198
14 0.140625 0.904948 0.103516 0.052083