14 0.543457 0.355469 0.077148 0.218750
14 0.474121 0.398438 0.067383 0.190104
0 0.765625 0.567708 0.056641 0.117188
14 0.362305 0.455078 0.050781 0.160156
14 0.313477 0.481771 0.046875 0.130208
14 0.259277 0.463542 0.069336 0.208333
14 0.165039 0.524089 0.050781 0.131510
14 0.109375 0.541016 0.066406 0.136719
14 0.332031 0.680990 0.113281 0.067708
14 0.362305 0.754557 0.144531 0.092448
14 0.375977 0.878255 0.125000 0.079427
14 0.392090 0.942057 0.129883 0.092448
14 0.165527 0.688151 0.122070 0.089844
14 0.198242 0.729818 0.087891 0.071615
14 0.211914 0.863281 0.105469 0.075521
14 0.223145 0.925781 0.102539 0.083333