14 0.042969 0.041667 0.078125 0.078125
14 0.074707 0.089844 0.110352 0.106771
14 0.087891 0.152344 0.097656 0.093750
14 0.224121 0.163411 0.075195 0.105469
14 0.105957 0.271484 0.079102 0.084635
14 0.125977 0.316406 0.087891 0.091146
14 0.147949 0.376302 0.090820 0.083333
14 0.158691 0.438151 0.094727 0.074219
14 0.035645 0.503255 0.071289 0.087240
14 0.062500 0.623698 0.105469 0.093750
14 0.083496 0.677734 0.084961 0.092448
14 0.097168 0.742188 0.098633 0.088542
14 0.227539 0.660807 0.115234 0.102865
14 0.137695 0.849609 0.083984 0.074219
14 0.141602 0.917969 0.103516 0.101563
14 0.252441 0.785156 0.081055 0.072917
14 0.262207 0.845703 0.094727 0.074219
14 0.279297 0.909505 0.078125 0.066406
14 0.295410 0.957682 0.090820 0.079427
14 0.451660 0.669271 0.090820 0.065104
14 0.472168 0.720052 0.081055 0.049479
14 0.480957 0.762370 0.090820 0.076823
14 0.489746 0.812500 0.084961 0.059896
14 0.513184 0.846354 0.081055 0.057292
14 0.522461 0.897135 0.082031 0.067708