2 0.932617 0.152344 0.113281 0.135417
2 0.846680 0.121094 0.101563 0.132813
0 0.792480 0.164714 0.065430 0.092448
0 0.813965 0.201172 0.071289 0.095052
0 0.843262 0.240885 0.075195 0.106771
0 0.716797 0.575521 0.078125 0.104167
0 0.656250 0.631510 0.060547 0.078125
0 0.585449 0.695964 0.075195 0.097656
0 0.555176 0.731120 0.075195 0.092448
0 0.485352 0.817057 0.085938 0.092448
1 0.469238 0.707682 0.112305 0.152344
0 0.227051 0.570313 0.088867 0.096354
0 0.133301 0.474609 0.086914 0.097656
0 0.045898 0.386719 0.091797 0.104167
1 0.502930 0.462891 0.103516 0.118490
1 0.610840 0.264323 0.090820 0.122396