0 0.312012 0.091146 0.106445 0.114583
0 0.574707 0.308594 0.135742 0.158854
0 0.862793 0.541016 0.125977 0.147135
0 0.055176 0.205078 0.059570 0.162760
0 0.112793 0.247396 0.063477 0.179688
0 0.104004 0.529297 0.104492 0.121094
0 0.226074 0.352865 0.051758 0.156250
0 0.278320 0.398438 0.056641 0.174479
0 0.238281 0.700521 0.103516 0.106771
0 0.395508 0.503906 0.078125 0.171875
0 0.391602 0.858724 0.132813 0.108073
0 0.508789 0.593750 0.062500 0.169271
0 0.559082 0.665365 0.067383 0.177083
0 0.616211 0.729818 0.072266 0.147135
0 0.678711 0.780599 0.070313 0.154948
0 0.749512 0.877604 0.108398 0.161458
0 0.820801 0.931641 0.100586 0.136719