14 0.648438 0.287760 0.056641 0.135417
14 0.524902 0.442057 0.047852 0.134115
14 0.424805 0.390625 0.041016 0.114583
14 0.205566 0.432943 0.075195 0.063802
14 0.225586 0.464193 0.080078 0.076823
14 0.029785 0.344401 0.043945 0.087240
14 0.098145 0.490885 0.075195 0.085938
14 0.112793 0.548828 0.084961 0.079427
14 0.129395 0.587891 0.084961 0.087240
14 0.143555 0.633464 0.083984 0.087240
14 0.182129 0.692708 0.065430 0.072917
14 0.191406 0.738932 0.070313 0.082031
14 0.204102 0.771484 0.078125 0.079427
14 0.215820 0.811198 0.078125 0.075521
14 0.231445 0.848958 0.072266 0.075521
14 0.232910 0.501302 0.069336 0.067708
14 0.246094 0.542969 0.082031 0.075521
14 0.431641 0.205078 0.037109 0.095052
14 0.292480 0.643229 0.073242 0.075521
14 0.324219 0.722005 0.093750 0.087240
14 0.346680 0.755859 0.105469 0.079427
14 0.353516 0.802083 0.082031 0.085938
14 0.302246 0.688151 0.075195 0.063802