14 0.722656 0.049479 0.033203 0.098958
14 0.696777 0.049479 0.034180 0.098958
14 0.601074 0.191406 0.081055 0.059896
14 0.617676 0.309896 0.057617 0.044271
14 0.601074 0.380208 0.081055 0.052083
14 0.605469 0.419271 0.076172 0.046875
14 0.599121 0.519531 0.088867 0.046875
14 0.604004 0.567708 0.079102 0.054688
14 0.599609 0.657552 0.085938 0.057292
14 0.592773 0.735026 0.099609 0.053385
14 0.593750 0.891927 0.097656 0.057292
14 0.580078 0.937500 0.113281 0.062500
14 0.115234 0.656901 0.046875 0.134115
14 0.211426 0.597005 0.100586 0.063802
14 0.213379 0.651042 0.092773 0.054688
14 0.230957 0.680339 0.114258 0.061198
14 0.209961 0.730469 0.080078 0.057292
14 0.217773 0.850260 0.099609 0.057292
14 0.230957 0.889323 0.106445 0.062500
14 0.219727 0.942057 0.085938 0.058594
14 0.231445 0.293620 0.046875 0.053385
14 0.132324 0.301432 0.047852 0.048177
14 0.111328 0.245443 0.042969 0.048177
14 0.696289 0.170573 0.056641 0.041667
14 0.711914 0.305339 0.082031 0.045573
14 0.712402 0.346354 0.075195 0.049479
14 0.719727 0.419271 0.095703 0.046875
14 0.730957 0.497396 0.106445 0.052083
14 0.733887 0.541016 0.102539 0.048177
14 0.724609 0.580729 0.093750 0.052083
14 0.732422 0.622396 0.121094 0.049479
14 0.734375 0.660156 0.113281 0.049479
14 0.735352 0.695313 0.111328 0.049479
14 0.729492 0.740885 0.109375 0.052083
14 0.730469 0.783203 0.107422 0.050781
14 0.725098 0.825521 0.094727 0.041667
14 0.718262 0.858724 0.083008 0.042969
14 0.722168 0.898438 0.096680 0.057292
14 0.722168 0.941406 0.100586 0.046875