14 0.042969 0.078776 0.035156 0.105469
14 0.091797 0.078125 0.037109 0.096354
14 0.169434 0.081380 0.036133 0.100260
14 0.115723 0.081380 0.036133 0.095052
14 0.243164 0.081380 0.039063 0.100260
14 0.267090 0.083333 0.034180 0.104167
14 0.298340 0.072266 0.036133 0.110677
14 0.334473 0.075521 0.051758 0.122396
14 0.369141 0.074219 0.050781 0.109375
14 0.143066 0.232422 0.086914 0.050781
14 0.158203 0.317708 0.068359 0.041667
14 0.164063 0.346354 0.062500 0.041667
14 0.145508 0.417969 0.082031 0.049479
14 0.149414 0.457682 0.082031 0.048177
14 0.148926 0.552083 0.083008 0.057292
14 0.147461 0.608724 0.083984 0.053385
14 0.146484 0.691406 0.087891 0.049479
14 0.139648 0.770833 0.105469 0.052083
14 0.142578 0.931641 0.093750 0.053385
14 0.240723 0.208984 0.059570 0.045573
14 0.255859 0.238281 0.082031 0.054688
14 0.259766 0.305339 0.087891 0.053385
14 0.259766 0.345703 0.087891 0.050781
14 0.255859 0.382813 0.076172 0.046875
14 0.265625 0.456380 0.095703 0.050781
14 0.277832 0.531901 0.118164 0.058594
14 0.270996 0.619141 0.100586 0.050781
14 0.277344 0.657552 0.113281 0.057292
14 0.282227 0.694661 0.115234 0.050781
14 0.281250 0.735677 0.113281 0.054688
14 0.278320 0.781250 0.101563 0.054688
14 0.277344 0.822266 0.101563 0.053385
14 0.266113 0.895182 0.084961 0.050781
14 0.270996 0.935547 0.100586 0.053385
14 0.272461 0.977865 0.103516 0.044271
14 0.611328 0.095703 0.093750 0.061198
14 0.603516 0.208984 0.103516 0.061198
14 0.609375 0.287760 0.085938 0.052083
14 0.607422 0.332031 0.087891 0.046875
14 0.609863 0.373047 0.084961 0.055990
14 0.604980 0.535156 0.083008 0.044271
14 0.595215 0.615885 0.088867 0.054688
14 0.601074 0.695313 0.088867 0.057292
14 0.587891 0.777995 0.115234 0.050781
14 0.587891 0.828776 0.117188 0.058594
14 0.577148 0.886068 0.125000 0.069010
14 0.725586 0.078125 0.078125 0.046875
14 0.721191 0.220052 0.083008 0.057292
14 0.727051 0.304036 0.086914 0.066406
14 0.731445 0.369792 0.103516 0.062500
14 0.745117 0.501953 0.134766 0.074219
14 0.743164 0.564453 0.119141 0.055990
14 0.725098 0.625651 0.106445 0.055990
14 0.720215 0.705729 0.090820 0.054688
14 0.722656 0.787109 0.095703 0.074219
14 0.708984 0.870443 0.070313 0.050781
14 0.708496 0.909505 0.083008 0.050781