14 0.626465 0.309245 0.055664 0.113281
14 0.479004 0.189453 0.036133 0.113281
14 0.457520 0.201172 0.043945 0.115885
14 0.427734 0.200521 0.041016 0.104167
14 0.396484 0.211589 0.050781 0.102865
14 0.362305 0.222656 0.050781 0.096354
14 0.324219 0.269531 0.062500 0.109375
14 0.299805 0.288411 0.070313 0.092448
14 0.270508 0.306641 0.066406 0.079427
14 0.257324 0.337891 0.071289 0.092448
14 0.233398 0.359375 0.074219 0.093750
14 0.213379 0.380208 0.067383 0.093750
14 0.194336 0.401042 0.054688 0.085938
14 0.181152 0.423828 0.065430 0.082031
14 0.759277 0.365234 0.069336 0.048177
14 0.757324 0.412760 0.071289 0.052083
14 0.181152 0.596354 0.038086 0.106771
14 0.227539 0.600260 0.033203 0.098958
14 0.466309 0.595703 0.051758 0.131510
14 0.508789 0.586589 0.048828 0.105469
14 0.405273 0.604167 0.033203 0.106771
14 0.379883 0.602214 0.035156 0.095052
14 0.334473 0.595703 0.032227 0.097656
14 0.305176 0.593099 0.034180 0.113281
14 0.255859 0.599609 0.037109 0.097656
14 0.278809 0.584635 0.032227 0.096354
14 0.280273 0.750651 0.082031 0.053385
14 0.290527 0.833333 0.063477 0.044271
14 0.285156 0.934245 0.085938 0.050781
14 0.405273 0.975911 0.097656 0.048177
14 0.396973 0.899740 0.081055 0.049479
14 0.394043 0.858073 0.086914 0.049479
14 0.398438 0.825521 0.091797 0.041667
14 0.390137 0.759766 0.084961 0.048177
14 0.383301 0.723958 0.065430 0.044271
14 0.856445 0.390625 0.068359 0.054688
14 0.859863 0.452474 0.086914 0.053385
14 0.858887 0.490885 0.069336 0.046875
14 0.748047 0.475911 0.078125 0.050781
14 0.751953 0.511068 0.082031 0.045573
14 0.861328 0.591146 0.080078 0.046875
14 0.854980 0.630208 0.067383 0.046875
14 0.861328 0.736328 0.085938 0.066406
14 0.856445 0.817708 0.076172 0.054688
14 0.869141 0.886068 0.105469 0.063802
14 0.749023 0.610677 0.093750 0.059896
14 0.741211 0.729818 0.091797 0.053385
14 0.744629 0.804036 0.090820 0.058594
14 0.743652 0.889974 0.086914 0.061198
14 0.743652 0.850260 0.084961 0.059896