14 0.917969 0.113281 0.080078 0.114583
14 0.862793 0.161458 0.061523 0.132813
14 0.808594 0.190755 0.062500 0.144531
14 0.789063 0.240885 0.054688 0.106771
14 0.759277 0.244792 0.061523 0.125000
14 0.737793 0.281250 0.069336 0.122396
14 0.715820 0.306641 0.056641 0.097656
14 0.691895 0.324870 0.053711 0.110677
14 0.668457 0.355469 0.053711 0.096354
14 0.638184 0.361979 0.067383 0.130208
14 0.607910 0.388021 0.075195 0.135417
14 0.589355 0.422526 0.057617 0.113281
14 0.558105 0.434245 0.063477 0.126302
14 0.523438 0.450521 0.062500 0.125000
14 0.494629 0.475260 0.063477 0.138021
14 0.460449 0.487630 0.055664 0.126302
14 0.434082 0.511719 0.053711 0.145833
14 0.400391 0.525391 0.058594 0.147135
14 0.364746 0.526042 0.047852 0.166667
14 0.329590 0.523438 0.051758 0.177083
14 0.245605 0.533203 0.043945 0.165365
14 0.204590 0.518880 0.043945 0.152344
14 0.168945 0.531250 0.046875 0.177083
14 0.137695 0.546875 0.041016 0.143229
14 0.098633 0.516276 0.042969 0.173177
14 0.062988 0.534505 0.043945 0.144531
14 0.025879 0.537109 0.049805 0.170573