14 0.333984 0.026693 0.119141 0.050781
14 0.191895 0.062500 0.104492 0.052083
14 0.178711 0.108073 0.123047 0.054688
14 0.331055 0.067057 0.095703 0.061198
14 0.343750 0.119792 0.126953 0.059896
14 0.184570 0.169922 0.123047 0.058594
14 0.180664 0.277995 0.132813 0.066406
14 0.339844 0.173828 0.128906 0.058594
14 0.348145 0.228516 0.135742 0.061198
14 0.338867 0.283203 0.115234 0.069010
14 0.727051 0.207031 0.106445 0.101563
14 0.751465 0.264323 0.098633 0.098958
14 0.871094 0.248698 0.056641 0.109375
14 0.837402 0.087240 0.051758 0.114583
14 0.865723 0.070964 0.055664 0.123698
14 0.889160 0.054036 0.053711 0.102865
14 0.925781 0.216797 0.070313 0.121094
14 0.954102 0.191406 0.062500 0.130208
14 0.965820 0.699870 0.068359 0.134115
14 0.938477 0.726563 0.064453 0.140625
14 0.908203 0.740234 0.064453 0.134115
14 0.878418 0.761719 0.051758 0.140625
14 0.845703 0.776693 0.064453 0.154948
14 0.806152 0.776693 0.051758 0.178385
14 0.765137 0.770833 0.045898 0.169271
14 0.686035 0.783203 0.043945 0.160156
14 0.647949 0.767578 0.040039 0.162760
14 0.611328 0.785807 0.042969 0.173177
14 0.576172 0.789063 0.039063 0.145833
14 0.543457 0.770833 0.051758 0.177083
14 0.507813 0.781250 0.044922 0.140625
14 0.466309 0.783854 0.055664 0.171875
14 0.425293 0.787109 0.057617 0.167969