14 0.635254 0.255859 0.057617 0.136719
14 0.415039 0.171875 0.033203 0.088542
14 0.509766 0.407552 0.044922 0.130208
14 0.408691 0.358073 0.045898 0.119792
14 0.188965 0.402995 0.073242 0.066406
14 0.080078 0.462240 0.070313 0.083333
14 0.208984 0.436198 0.078125 0.083333
14 0.102539 0.520182 0.076172 0.076823
14 0.114746 0.559896 0.083008 0.083333
14 0.127930 0.604167 0.078125 0.080729
14 0.215820 0.472005 0.062500 0.061198
14 0.229492 0.513672 0.078125 0.071615
14 0.273926 0.613281 0.073242 0.075521
14 0.168945 0.666016 0.064453 0.061198
14 0.174805 0.707682 0.068359 0.069010
14 0.281738 0.656901 0.055664 0.055990
14 0.306641 0.692057 0.087891 0.084635
14 0.328125 0.727865 0.101563 0.072917
14 0.336426 0.771484 0.086914 0.074219
14 0.191895 0.740885 0.071289 0.070313
14 0.200195 0.781901 0.078125 0.063802
14 0.215820 0.819010 0.072266 0.070313