14 0.904785 0.342448 0.084961 0.161458
14 0.677734 0.168620 0.048828 0.154948
14 0.642578 0.182292 0.054688 0.169271
14 0.596191 0.178385 0.057617 0.148438
14 0.550781 0.193359 0.062500 0.152344
14 0.502930 0.220703 0.070313 0.136719
14 0.442871 0.281901 0.083008 0.154948
14 0.404297 0.313802 0.097656 0.145833
14 0.365723 0.342448 0.092773 0.122396
14 0.338379 0.389323 0.102539 0.138021
14 0.302246 0.421875 0.104492 0.138021
14 0.275391 0.464844 0.095703 0.138021
14 0.237793 0.485677 0.081055 0.122396
14 0.211914 0.519531 0.078125 0.098958
14 0.180176 0.559896 0.075195 0.125000
14 0.717773 0.770833 0.074219 0.151042
14 0.663574 0.787109 0.067383 0.173177
14 0.611816 0.783203 0.053711 0.149740
14 0.564453 0.793620 0.050781 0.136719
14 0.524902 0.791016 0.041992 0.126302
14 0.451660 0.791016 0.040039 0.152344
14 0.410156 0.794271 0.050781 0.148438
14 0.373535 0.769531 0.041992 0.130208
14 0.335938 0.800130 0.044922 0.139323
14 0.293457 0.793620 0.043945 0.139323
14 0.218750 0.792318 0.058594 0.152344