2 0.070313 0.195964 0.089844 0.063802
0 0.289551 0.092448 0.092773 0.091146
0 0.214355 0.226563 0.071289 0.091146
0 0.307129 0.154948 0.073242 0.085938
0 0.332031 0.208333 0.078125 0.101563
0 0.248047 0.276693 0.082031 0.097656
0 0.362793 0.266276 0.075195 0.084635
2 0.305664 0.404948 0.080078 0.096354
0 0.415039 0.386719 0.089844 0.101563
2 0.451172 0.457031 0.097656 0.111979
2 0.478516 0.516276 0.101563 0.126302
2 0.501465 0.577474 0.100586 0.121094
0 0.509277 0.046875 0.090820 0.093750
2 0.553223 0.100911 0.088867 0.123698
0 0.603516 0.150391 0.080078 0.105469
0 0.652344 0.288411 0.074219 0.097656
2 0.699219 0.323568 0.093750 0.121094
0 0.778320 0.532552 0.095703 0.075521
2 0.742188 0.630859 0.091797 0.144531
0 0.699219 0.676432 0.085938 0.128906
2 0.559570 0.800781 0.089844 0.151042
0 0.388672 0.951172 0.068359 0.097656