14 0.048828 0.110026 0.097656 0.069010
14 0.066895 0.164714 0.079102 0.055990
14 0.074219 0.222656 0.087891 0.054688
14 0.073242 0.280599 0.107422 0.066406
14 0.079102 0.341146 0.111328 0.075521
14 0.097656 0.391276 0.105469 0.074219
14 0.105957 0.447266 0.090820 0.061198
14 0.116699 0.499349 0.081055 0.058594
14 0.103027 0.561198 0.129883 0.070313
14 0.124512 0.693359 0.114258 0.082031
14 0.138184 0.822917 0.135742 0.088542
14 0.161133 0.074870 0.083984 0.037760
14 0.166992 0.111328 0.074219 0.055990
14 0.182617 0.149740 0.078125 0.049479
14 0.186035 0.209635 0.090820 0.059896
14 0.210938 0.259766 0.121094 0.071615
14 0.246582 0.377604 0.151367 0.080729
14 0.255859 0.445964 0.148438 0.079427
14 0.265625 0.522135 0.152344 0.080729
14 0.273438 0.582682 0.146484 0.063802
14 0.282715 0.637370 0.118164 0.074219
14 0.264160 0.710286 0.088867 0.055990
14 0.352539 0.709635 0.068359 0.052083
14 0.284668 0.766276 0.108398 0.063802
14 0.540527 0.548828 0.059570 0.183594
14 0.589355 0.530599 0.057617 0.175781
14 0.634766 0.556641 0.041016 0.113281
14 0.677734 0.524089 0.054688 0.141927
14 0.721680 0.494141 0.066406 0.178385
14 0.767090 0.507813 0.049805 0.122396
14 0.804688 0.476563 0.054688 0.145833
14 0.878418 0.457682 0.067383 0.152344
14 0.918457 0.449219 0.041992 0.104167
14 0.949707 0.438802 0.053711 0.117188