14 0.095703 0.059896 0.105469 0.062500
14 0.091797 0.128255 0.103516 0.063802
14 0.244141 0.051432 0.117188 0.066406
14 0.237305 0.118490 0.121094 0.054688
14 0.870605 0.179688 0.079102 0.153646
14 0.790527 0.227865 0.061523 0.140625
14 0.752930 0.244141 0.062500 0.162760
14 0.714355 0.260417 0.061523 0.153646
14 0.676758 0.274740 0.056641 0.153646
14 0.637695 0.300130 0.062500 0.160156
14 0.591797 0.313802 0.060547 0.158854
14 0.555176 0.339844 0.047852 0.151042
14 0.511719 0.358724 0.060547 0.144531
14 0.461914 0.352865 0.068359 0.192708
14 0.414551 0.368490 0.073242 0.192708
14 0.365234 0.391276 0.066406 0.180990
14 0.314941 0.418620 0.055664 0.165365
14 0.257813 0.446615 0.054688 0.135417
14 0.214844 0.444661 0.056641 0.152344
14 0.107910 0.447266 0.061523 0.199219
14 0.052246 0.456380 0.057617 0.191406