14 0.763672 0.034505 0.126953 0.069010
14 0.895020 0.054036 0.084961 0.048177
14 0.750000 0.143229 0.125000 0.054688
14 0.892578 0.100260 0.099609 0.057292
14 0.748535 0.206380 0.125977 0.071615
14 0.878418 0.149740 0.079102 0.046875
14 0.883789 0.189453 0.087891 0.050781
14 0.883789 0.237630 0.103516 0.050781
14 0.877441 0.293620 0.100586 0.063802
14 0.875000 0.342448 0.091797 0.057292
14 0.737793 0.258464 0.131836 0.066406
14 0.739258 0.321615 0.113281 0.067708
14 0.872070 0.391927 0.111328 0.059896
14 0.741699 0.376302 0.106445 0.059896
14 0.727539 0.430339 0.113281 0.069010
14 0.870117 0.440755 0.113281 0.063802
14 0.864258 0.497396 0.109375 0.059896
14 0.732422 0.487630 0.097656 0.058594
14 0.725098 0.542969 0.094727 0.052083
14 0.858398 0.593099 0.111328 0.071615
14 0.704590 0.590495 0.122070 0.066406
14 0.722168 0.652344 0.096680 0.057292
14 0.839844 0.694661 0.103516 0.061198
14 0.714844 0.703125 0.111328 0.067708
14 0.702148 0.825521 0.105469 0.059896
14 0.834961 0.742839 0.087891 0.055990
14 0.834961 0.789714 0.099609 0.053385
14 0.833496 0.845703 0.110352 0.058594
14 0.699219 0.921875 0.076172 0.052083
14 0.814453 0.887370 0.091797 0.050781
14 0.817871 0.921875 0.090820 0.041667
14 0.808594 0.959635 0.082031 0.059896
14 0.452148 0.458333 0.123047 0.067708
14 0.422852 0.352865 0.044922 0.039063
14 0.455078 0.522786 0.111328 0.074219
14 0.442383 0.562500 0.128906 0.078125
14 0.413574 0.621745 0.094727 0.055990
14 0.421387 0.695313 0.135742 0.075521
14 0.414063 0.769531 0.140625 0.075521
14 0.420410 0.842448 0.122070 0.083333