0 0.064453 0.119141 0.062500 0.152344
0 0.120605 0.140625 0.063477 0.143229
0 0.176758 0.171224 0.074219 0.162760
0 0.230469 0.190104 0.064453 0.143229
0 0.286133 0.214844 0.078125 0.164063
0 0.345215 0.226563 0.071289 0.164063
0 0.406738 0.248698 0.067383 0.143229
0 0.464355 0.285807 0.073242 0.173177
0 0.523438 0.311849 0.076172 0.175781
0 0.574219 0.324219 0.072266 0.177083
0 0.697266 0.370443 0.074219 0.152344
0 0.755859 0.389974 0.076172 0.157552
2 0.813965 0.434245 0.084961 0.186198
0 0.878906 0.458333 0.076172 0.143229
0 0.937988 0.482422 0.081055 0.157552
0 0.134766 0.541667 0.074219 0.179688
0 0.196777 0.579427 0.069336 0.156250
0 0.257324 0.602214 0.073242 0.165365
0 0.318359 0.626953 0.068359 0.160156
0 0.375488 0.650391 0.077148 0.170573
0 0.439453 0.661458 0.072266 0.161458
0 0.553223 0.709635 0.061523 0.161458
0 0.610840 0.743490 0.061523 0.148438
0 0.670898 0.758464 0.074219 0.152344
0 0.727051 0.796875 0.069336 0.151042