0 0.760254 0.076823 0.065430 0.083333
0 0.892578 0.230469 0.064453 0.088542
1 0.694824 0.226563 0.153320 0.106771
1 0.656738 0.280599 0.133789 0.087240
0 0.489746 0.487630 0.071289 0.058594
1 0.331055 0.708333 0.150391 0.083333
1 0.297363 0.792969 0.153320 0.096354
1 0.240234 0.906901 0.056641 0.139323
0 0.635742 0.595052 0.062500 0.080729
0 0.611816 0.624349 0.053711 0.071615
0 0.526367 0.762370 0.064453 0.076823
0 0.676270 0.527344 0.053711 0.075521
0 0.911621 0.526042 0.061523 0.083333
0 0.886719 0.568359 0.066406 0.076823
0 0.859863 0.598307 0.063477 0.069010
0 0.834473 0.626953 0.063477 0.076823
0 0.812988 0.658854 0.059570 0.072917
0 0.788086 0.698568 0.062500 0.076823
0 0.692871 0.839193 0.061523 0.071615
0 0.619629 0.945313 0.073242 0.072917