2 0.451172 0.304688 0.025391 0.070313
2 0.429688 0.307943 0.025391 0.071615
0 0.390137 0.302734 0.024414 0.066406
2 0.484863 0.507813 0.024414 0.072917
2 0.354980 0.511719 0.049805 0.044271
0 0.468262 0.599609 0.024414 0.061198
2 0.247559 0.611328 0.043945 0.058594
2 0.256836 0.642578 0.042969 0.061198
0 0.086914 0.696615 0.023438 0.067708
0 0.071777 0.639974 0.024414 0.066406
2 0.106934 0.835286 0.045898 0.058594
0 0.413086 0.501953 0.044922 0.035156
0 0.020508 0.714193 0.041016 0.035156
0 0.026855 0.764974 0.047852 0.035156
0 0.032227 0.842448 0.042969 0.039063