0 0.151855 0.083333 0.024414 0.057292
0 0.174805 0.085286 0.023438 0.061198
0 0.246094 0.104818 0.027344 0.066406
0 0.121582 0.136719 0.026367 0.065104
0 0.163574 0.144531 0.028320 0.065104
0 0.356934 0.281250 0.049805 0.036458
2 0.319824 0.339193 0.059570 0.045573
0 0.448730 0.348958 0.040039 0.059896
0 0.370117 0.509115 0.044922 0.062500
0 0.408203 0.548828 0.042969 0.063802
0 0.326660 0.621094 0.036133 0.054688
0 0.357910 0.666016 0.038086 0.055990
0 0.387695 0.704427 0.041016 0.054688
0 0.513672 0.615234 0.037109 0.058594
0 0.577148 0.526042 0.037109 0.046875
0 0.547363 0.483724 0.038086 0.050781
0 0.532715 0.463542 0.040039 0.049479
0 0.437988 0.511719 0.041992 0.057292
0 0.603516 0.570313 0.044922 0.065104
0 0.444336 0.785807 0.039063 0.053385
0 0.473633 0.824870 0.042969 0.061198
2 0.971191 0.632813 0.049805 0.070313
0 0.547363 0.928385 0.043945 0.059896
0 0.576172 0.966797 0.041016 0.055990
0 0.480957 0.429036 0.045898 0.061198
0 0.591309 0.835286 0.047852 0.048177
0 0.285645 0.016276 0.047852 0.032552