0 0.098437 0.302778 0.025000 0.038889
0 0.127734 0.268056 0.027344 0.050000
0 0.130859 0.321528 0.028906 0.045833
0 0.170703 0.378472 0.024219 0.054167
0 0.182031 0.504861 0.018750 0.045833
2 0.220703 0.625000 0.024219 0.061111
0 0.214453 0.728472 0.021094 0.045833
0 0.120313 0.721528 0.023438 0.054167
0 0.652734 0.933333 0.030469 0.041667
0 0.735156 0.104167 0.029687 0.036111
0 0.791797 0.079167 0.030469 0.036111
2 0.765625 0.096528 0.034375 0.051389
0 0.808203 0.145139 0.025781 0.034722
0 0.837891 0.130556 0.030469 0.030556
0 0.874609 0.209028 0.025781 0.043056
0 0.912109 0.170833 0.025781 0.041667
0 0.882031 0.568056 0.015625 0.050000
0 0.854687 0.752778 0.020313 0.047222
0 0.953125 0.094444 0.026562 0.036111
2 0.962109 0.059028 0.030469 0.043056
0 0.942969 0.046528 0.026562 0.031944
0 0.905469 0.082639 0.026562 0.034722
0 0.916797 0.123611 0.025781 0.036111