0 0.164453 0.159028 0.022656 0.054167
0 0.200391 0.161806 0.021094 0.051389
0 0.191406 0.225694 0.018750 0.059722
0 0.213672 0.295139 0.019531 0.051389
2 0.223828 0.567361 0.019531 0.056944
0 0.103906 0.516667 0.017188 0.047222
0 0.321875 0.941667 0.023438 0.038889
0 0.621484 0.968750 0.028906 0.040278
0 0.800391 0.931944 0.021094 0.044444
0 0.757422 0.195139 0.025781 0.043056
2 0.786719 0.202778 0.032813 0.050000
0 0.825000 0.199306 0.026562 0.054167
0 0.810937 0.075000 0.023438 0.041667
0 0.850781 0.300694 0.029687 0.037500
0 0.814453 0.286111 0.025781 0.038889
0 0.926172 0.311806 0.030469 0.023611
0 0.967187 0.306944 0.026562 0.030556
0 0.971484 0.356944 0.030469 0.027778
0 0.930078 0.361806 0.032031 0.026389
0 0.948437 0.398611 0.025000 0.033333
2 0.982422 0.328472 0.035156 0.031944