2 0.335938 0.072266 0.044922 0.115885
2 0.138672 0.141276 0.105469 0.082031
2 0.394531 0.504557 0.054688 0.134115
1 0.555176 0.369141 0.104492 0.082031
2 0.560059 0.318359 0.086914 0.066406
2 0.670410 0.372396 0.094727 0.075521
0 0.689453 0.450521 0.070313 0.054688
1 0.582031 0.585286 0.107422 0.082031
1 0.593262 0.634115 0.106445 0.072917
2 0.611328 0.687500 0.083984 0.065104
2 0.774414 0.712240 0.109375 0.088542
10 0.388184 0.660156 0.041992 0.119792
10 0.281250 0.631510 0.085938 0.070313
10 0.320801 0.846354 0.092773 0.057292
10 0.298340 0.786458 0.083008 0.057292
10 0.485352 0.071615 0.070313 0.065104