12 0.088379 0.848958 0.110352 0.122396
12 0.457031 0.720052 0.107422 0.122396
12 0.425293 0.645182 0.104492 0.118490
12 0.691406 0.604818 0.111328 0.115885
12 0.655762 0.557292 0.102539 0.098958
2 0.603516 0.290365 0.083984 0.093750
10 0.583496 0.234375 0.081055 0.080729
0 0.521973 0.347005 0.067383 0.061198
2 0.507324 0.301432 0.067383 0.071615
0 0.470703 0.263672 0.070313 0.066406
2 0.483887 0.053385 0.059570 0.080729
2 0.458496 0.069661 0.053711 0.087240
10 0.395996 0.114583 0.065430 0.101563
0 0.355469 0.136068 0.058594 0.082031
0 0.336914 0.171224 0.054688 0.082031
2 0.290039 0.180990 0.064453 0.093750
2 0.243164 0.211589 0.066406 0.097656
2 0.204102 0.240885 0.066406 0.104167
2 0.328613 0.503255 0.081055 0.092448
10 0.286133 0.417969 0.072266 0.083333
10 0.307617 0.461589 0.070313 0.074219
10 0.386230 0.589844 0.086914 0.091146
10 0.348633 0.552083 0.074219 0.085938
10 0.761230 0.880208 0.081055 0.075521