10 0.068848 0.087891 0.073242 0.076823
10 0.153809 0.481120 0.071289 0.066406
10 0.117188 0.552083 0.072266 0.085938
10 0.166504 0.643229 0.067383 0.080729
10 0.721191 0.518229 0.083008 0.062500
10 0.710449 0.558594 0.079102 0.059896
10 0.692871 0.597656 0.081055 0.065104
10 0.846191 0.684245 0.079102 0.079427
10 0.644531 0.716146 0.074219 0.065104
10 0.611816 0.820964 0.073242 0.069010
10 0.477051 0.701823 0.071289 0.070313
10 0.446777 0.589193 0.075195 0.082031
10 0.485352 0.542318 0.076172 0.082031
2 0.790039 0.074219 0.074219 0.080729