3 0.749023 0.164714 0.037109 0.147135
3 0.192871 0.264974 0.040039 0.149740
3 0.363281 0.306641 0.035156 0.152344
3 0.431641 0.320964 0.039063 0.147135
3 0.468750 0.321615 0.033203 0.151042
3 0.717285 0.315755 0.034180 0.147135
3 0.749512 0.317057 0.032227 0.149740
3 0.738770 0.826172 0.032227 0.154948
3 0.837891 0.822917 0.037109 0.151042
3 0.771484 0.826172 0.037109 0.149740
0 0.484863 0.791667 0.026367 0.070313
0 0.461914 0.801432 0.027344 0.055990
0 0.401855 0.809896 0.041992 0.033854
0 0.439453 0.790365 0.025391 0.065104
0 0.413574 0.634766 0.024414 0.058594
0 0.529297 0.628906 0.021484 0.067708
0 0.550293 0.626302 0.028320 0.065104
0 0.436523 0.630859 0.027344 0.058594