2 0.715820 0.203776 0.054688 0.170573
2 0.597656 0.263672 0.111328 0.087240
2 0.494141 0.383464 0.099609 0.069010
2 0.601074 0.347656 0.092773 0.078125
2 0.695313 0.373698 0.056641 0.138021
2 0.509277 0.442708 0.127930 0.080729
2 0.621582 0.508464 0.112305 0.066406
2 0.495605 0.517578 0.102539 0.069010
2 0.747070 0.530599 0.048828 0.144531
2 0.699707 0.541667 0.051758 0.143229
2 0.859863 0.485026 0.116211 0.069010
2 0.857910 0.623698 0.120117 0.067708
2 0.854980 0.688151 0.114258 0.071615
2 0.869629 0.817708 0.116211 0.070313
2 0.615234 0.585286 0.113281 0.066406
2 0.498047 0.591797 0.105469 0.061198
2 0.620605 0.679688 0.112305 0.065104
1 0.550293 0.769531 0.190430 0.088542
1 0.553711 0.870443 0.195313 0.089844