3 0.766113 0.444010 0.043945 0.236979
3 0.437012 0.083984 0.172852 0.063802
3 0.437012 0.126953 0.172852 0.058594
3 0.437012 0.182292 0.172852 0.062500
3 0.439453 0.227214 0.167969 0.061198
3 0.440918 0.278646 0.170898 0.067708
3 0.445313 0.372396 0.171875 0.065104
3 0.447754 0.418620 0.172852 0.066406
3 0.444336 0.475260 0.175781 0.075521
3 0.442871 0.524740 0.172852 0.054688
3 0.441406 0.572266 0.171875 0.058594
3 0.448242 0.618490 0.175781 0.057292
3 0.434082 0.665365 0.176758 0.059896
3 0.436523 0.714844 0.171875 0.067708
3 0.435059 0.765625 0.172852 0.059896
3 0.435547 0.813151 0.173828 0.066406
3 0.439453 0.863281 0.171875 0.057292
3 0.433594 0.909505 0.177734 0.061198
3 0.433105 0.955729 0.176758 0.054688