0 0.478516 0.092448 0.072266 0.135417
0 0.536621 0.216146 0.067383 0.132813
0 0.573242 0.082682 0.066406 0.113281
0 0.630371 0.097656 0.067383 0.125000
0 0.633789 0.448568 0.080078 0.131510
0 0.381836 0.442057 0.074219 0.118490
0 0.375488 0.580729 0.077148 0.119792
0 0.432617 0.567708 0.064453 0.119792
0 0.478027 0.578125 0.069336 0.117188
0 0.532715 0.936198 0.061523 0.114583
0 0.475586 0.934245 0.066406 0.118490
10 0.337891 0.926432 0.070313 0.134115
0 0.724121 0.195964 0.063477 0.113281
10 0.525879 0.442057 0.071289 0.123698