0 0.503906 0.164714 0.060547 0.063802
2 0.686035 0.277995 0.100586 0.097656
2 0.666016 0.333984 0.078125 0.076823
0 0.651855 0.383464 0.063477 0.066406
0 0.627930 0.430990 0.064453 0.075521
2 0.605957 0.485026 0.075195 0.079427
2 0.685547 0.537109 0.072266 0.082031
2 0.590332 0.539063 0.077148 0.075521
2 0.635742 0.699870 0.093750 0.092448
2 0.541016 0.702474 0.095703 0.097656
2 0.587891 0.805339 0.091797 0.100260
2 0.271973 0.536458 0.094727 0.096354
1 0.294434 0.490234 0.092773 0.089844
2 0.460449 0.330729 0.077148 0.080729
1 0.395020 0.212891 0.108398 0.113281
2 0.388184 0.275391 0.061523 0.076823
2 0.417969 0.167318 0.093750 0.095052
2 0.504395 0.217448 0.104492 0.085938
2 0.488770 0.279297 0.090820 0.089844