3 0.706543 0.214193 0.170898 0.079427
3 0.279297 0.253255 0.177734 0.095052
3 0.292480 0.313802 0.196289 0.093750
3 0.265137 0.363281 0.174805 0.075521
3 0.281738 0.418620 0.166992 0.074219
3 0.046875 0.681641 0.080078 0.282552
3 0.087402 0.717448 0.071289 0.229167
3 0.135254 0.720052 0.063477 0.229167
3 0.173340 0.731120 0.061523 0.227865
3 0.214844 0.751953 0.062500 0.225260
0 0.335449 0.951823 0.036133 0.085938
3 0.344238 0.799479 0.055664 0.231771
3 0.404297 0.775391 0.052734 0.227865
3 0.441895 0.789063 0.049805 0.263021
3 0.486328 0.811198 0.044922 0.226563
3 0.526855 0.807292 0.043945 0.226563
3 0.697266 0.643229 0.169922 0.091146
3 0.697266 0.546224 0.169922 0.071615
3 0.700195 0.498047 0.173828 0.071615
3 0.710449 0.443359 0.170898 0.066406
3 0.712402 0.337891 0.170898 0.074219
3 0.717285 0.280599 0.176758 0.066406