0 0.073730 0.059896 0.032227 0.080729
0 0.041504 0.070964 0.028320 0.071615
0 0.156738 0.828125 0.036133 0.078125
0 0.100586 0.807292 0.031250 0.083333
3 0.433105 0.698568 0.088867 0.282552
3 0.667969 0.274740 0.167969 0.096354
3 0.683594 0.330078 0.191406 0.100260
3 0.653320 0.382813 0.167969 0.083333
3 0.668945 0.438802 0.167969 0.075521
0 0.724121 0.962891 0.028320 0.074219
3 0.916016 0.820313 0.042969 0.226563
3 0.875000 0.822266 0.042969 0.230469
3 0.832520 0.801432 0.047852 0.269531
3 0.795410 0.787109 0.057617 0.235677
3 0.734863 0.812500 0.053711 0.221354
3 0.603516 0.773438 0.062500 0.223958
3 0.565918 0.747396 0.065430 0.226563
3 0.520020 0.732422 0.045898 0.220052
3 0.473633 0.732422 0.068359 0.235677
3 0.333008 0.091797 0.167969 0.115885
3 0.324219 0.141927 0.167969 0.106771
3 0.312500 0.201172 0.171875 0.095052
3 0.300781 0.248047 0.167969 0.100260
3 0.292480 0.303385 0.168945 0.093750
3 0.286133 0.359375 0.166016 0.096354
3 0.252441 0.406901 0.165039 0.105469
3 0.219238 0.458984 0.166992 0.092448
3 0.230957 0.522135 0.163086 0.101563