1 0.791992 0.575521 0.111328 0.161458
1 0.733398 0.694661 0.130859 0.134115
2 0.630371 0.815104 0.084961 0.093750
2 0.468750 0.695313 0.074219 0.114583
3 0.813477 0.478516 0.144531 0.240885
2 0.539551 0.209635 0.084961 0.111979
2 0.612305 0.462891 0.062500 0.102865
2 0.432129 0.339193 0.059570 0.092448
2 0.361816 0.283854 0.057617 0.091146
2 0.318848 0.254557 0.059570 0.097656
2 0.221191 0.515625 0.071289 0.109375
2 0.260254 0.538411 0.071289 0.115885
2 0.295410 0.564453 0.073242 0.113281
2 0.104004 0.632161 0.067383 0.115885
2 0.181641 0.697917 0.062500 0.098958
3 0.708496 0.915365 0.172852 0.169271