2 0.180664 0.101563 0.083984 0.067708
2 0.339355 0.059245 0.073242 0.102865
2 0.422852 0.181641 0.072266 0.108073
2 0.242676 0.192057 0.071289 0.105469
2 0.271973 0.222005 0.069336 0.105469
2 0.300781 0.264323 0.068359 0.101563
2 0.324219 0.312500 0.072266 0.104167
2 0.357422 0.355469 0.066406 0.101563
2 0.382813 0.394531 0.070313 0.104167
2 0.395508 0.536458 0.072266 0.101563
2 0.422363 0.565104 0.069336 0.098958
2 0.456055 0.591797 0.070313 0.100260
2 0.478516 0.487630 0.068359 0.102865
2 0.508789 0.521484 0.068359 0.095052
2 0.550781 0.545573 0.070313 0.098958
2 0.498047 0.625651 0.066406 0.102865
2 0.558594 0.608724 0.068359 0.095052
2 0.591309 0.647135 0.071289 0.106771
2 0.771484 0.855469 0.070313 0.101563
2 0.800781 0.898438 0.068359 0.101563
2 0.934570 0.226563 0.080078 0.085938
2 0.782715 0.418620 0.073242 0.095052
2 0.733398 0.498047 0.072266 0.105469
2 0.763672 0.542318 0.072266 0.095052
2 0.796875 0.585938 0.074219 0.104167
2 0.831543 0.613932 0.071289 0.097656
2 0.862305 0.656250 0.072266 0.106771
2 0.895020 0.690104 0.069336 0.101563
2 0.916016 0.731120 0.070313 0.100260
2 0.942383 0.772786 0.078125 0.092448
2 0.969727 0.814453 0.060547 0.095052
2 0.824707 0.429036 0.077148 0.100260
2 0.853027 0.470703 0.077148 0.097656
2 0.887207 0.509766 0.073242 0.105469
2 0.918457 0.550130 0.071289 0.097656
2 0.952637 0.591146 0.071289 0.101563
2 0.910156 0.363281 0.070313 0.101563
2 0.942871 0.405599 0.067383 0.097656