0 0.239746 0.231771 0.026367 0.070313
2 0.127930 0.369792 0.029297 0.070313
4 0.269531 0.515625 0.048828 0.161458
4 0.560059 0.485026 0.075195 0.147135
0 0.511230 0.565104 0.045898 0.044271
4 0.483398 0.602865 0.121094 0.059896
4 0.476074 0.690104 0.124023 0.062500
3 0.612305 0.229818 0.052734 0.207031
3 0.650391 0.275391 0.046875 0.235677
3 0.687988 0.258464 0.040039 0.170573
3 0.724609 0.281250 0.039063 0.151042
3 0.755371 0.288411 0.043945 0.207031
2 0.710449 0.490234 0.063477 0.048177
0 0.773926 0.752604 0.051758 0.039063
0 0.822266 0.803385 0.048828 0.033854
0 0.667969 0.763672 0.052734 0.040365
0 0.735840 0.594401 0.045898 0.035156
0 0.741699 0.651042 0.045898 0.036458
0 0.884766 0.625000 0.052734 0.039063
0 0.878418 0.686198 0.045898 0.033854
0 0.877930 0.749349 0.048828 0.037760
0 0.869141 0.815104 0.044922 0.033854
0 0.865234 0.848307 0.046875 0.035156
0 0.913574 0.853516 0.045898 0.035156
0 0.930176 0.632161 0.045898 0.037760
0 0.835938 0.613281 0.048828 0.039063
0 0.974609 0.770833 0.046875 0.039063
0 0.923340 0.761068 0.055664 0.045573
0 0.924805 0.723307 0.046875 0.040365
0 0.966309 0.699870 0.049805 0.040365
0 0.966309 0.509115 0.028320 0.065104
0 0.944336 0.444010 0.027344 0.070313
0 0.973633 0.448568 0.025391 0.066406
0 0.949707 0.376953 0.024414 0.066406
0 0.923340 0.378906 0.026367 0.070313
0 0.959473 0.862630 0.043945 0.035156