4 0.242188 0.255208 0.099609 0.158854
4 0.177246 0.313151 0.094727 0.154948
4 0.521484 0.207682 0.103516 0.180990
4 0.465820 0.267578 0.105469 0.188802
4 0.423340 0.288411 0.108398 0.191406
4 0.353516 0.416016 0.107422 0.194010
4 0.289063 0.477214 0.105469 0.178385
4 0.952148 0.520833 0.095703 0.177083
4 0.878418 0.548177 0.102539 0.190104
4 0.842285 0.575521 0.108398 0.192708
4 0.781738 0.636719 0.112305 0.190104
4 0.711914 0.600260 0.115234 0.187500
4 0.723633 0.710286 0.115234 0.175781
4 0.661133 0.688802 0.119141 0.195313
4 0.618652 0.697266 0.122070 0.199219
4 0.581543 0.727865 0.116211 0.192708
4 0.523438 0.795573 0.115234 0.192708
0 0.076172 0.776042 0.060547 0.054688