2 0.248535 0.080078 0.063477 0.087240
0 0.533203 0.344401 0.058594 0.071615
0 0.594238 0.396484 0.063477 0.074219
0 0.865234 0.638021 0.070313 0.080729
0 0.250488 0.412760 0.059570 0.067708
0 0.065430 0.454427 0.068359 0.083333
0 0.306641 0.472005 0.060547 0.076823
0 0.463867 0.503255 0.076172 0.063802
0 0.498535 0.531250 0.071289 0.057292
0 0.528320 0.568359 0.072266 0.069010
0 0.437500 0.600911 0.060547 0.074219
0 0.493652 0.662760 0.057617 0.083333
0 0.693848 0.717448 0.061523 0.067708
0 0.669922 0.847005 0.066406 0.087240
0 0.622070 0.657552 0.058594 0.057292