1 0.553223 0.079427 0.129883 0.111979
1 0.570313 0.125000 0.130859 0.104167
1 0.586914 0.165365 0.091797 0.093750
1 0.586914 0.235677 0.113281 0.109375
1 0.617188 0.289063 0.121094 0.122396
1 0.638184 0.341797 0.124023 0.110677
0 0.687012 0.079427 0.055664 0.065104
0 0.915039 0.169922 0.052734 0.084635
3 0.735352 0.612630 0.080078 0.290365
1 0.691406 0.601563 0.060547 0.184896
1 0.648926 0.576172 0.069336 0.175781
3 0.287109 0.304036 0.132813 0.253906
1 0.268555 0.419271 0.091797 0.161458
1 0.213867 0.455078 0.097656 0.167969
1 0.177734 0.486979 0.093750 0.174479
3 0.436523 0.809245 0.218750 0.079427
3 0.450684 0.867188 0.219727 0.085938