1 0.340820 0.052734 0.126953 0.105469
1 0.381836 0.122396 0.130859 0.125000
1 0.418457 0.177734 0.131836 0.118490
1 0.456055 0.262370 0.123047 0.118490
1 0.479004 0.311849 0.125977 0.110677
1 0.314453 0.501302 0.091797 0.169271
1 0.550293 0.434245 0.127930 0.115885
1 0.578125 0.498698 0.128906 0.122396
3 0.372070 0.868490 0.132813 0.263021
1 0.587402 0.563802 0.116211 0.101563
0 0.644043 0.583984 0.067383 0.071615
0 0.829590 0.425781 0.051758 0.078125
1 0.642578 0.647786 0.126953 0.118490
1 0.658203 0.695313 0.121094 0.101563
0 0.773926 0.653646 0.053711 0.062500
1 0.675781 0.737630 0.091797 0.092448
1 0.677246 0.808594 0.106445 0.101563
1 0.704102 0.866536 0.123047 0.115885
1 0.722656 0.918620 0.121094 0.113281