3 0.148926 0.277344 0.139648 0.273438
0 0.127441 0.354818 0.043945 0.084635
3 0.055176 0.263021 0.110352 0.273438
3 0.328125 0.724609 0.130859 0.259115
2 0.934570 0.807943 0.068359 0.069010
1 0.779785 0.742839 0.112305 0.105469
1 0.764160 0.686198 0.104492 0.109375
1 0.735352 0.624349 0.105469 0.105469
1 0.705566 0.572917 0.120117 0.119792
1 0.685547 0.514974 0.115234 0.126302
1 0.640625 0.427734 0.091797 0.102865
2 0.577148 0.292318 0.113281 0.100260
1 0.567383 0.234375 0.126953 0.106771
1 0.543945 0.143880 0.115234 0.110677