1 0.358398 0.055990 0.091797 0.091146
2 0.163574 0.109375 0.090820 0.062500
1 0.179688 0.165365 0.107422 0.067708
1 0.222656 0.240885 0.117188 0.085938
2 0.123535 0.207682 0.088867 0.069010
2 0.162109 0.276693 0.091797 0.074219
1 0.276367 0.391927 0.115234 0.091146
1 0.164551 0.339844 0.125977 0.096354
1 0.201660 0.425781 0.125977 0.093750
0 0.251465 0.506510 0.071289 0.067708
0 0.397461 0.139323 0.064453 0.067708
1 0.418457 0.185547 0.116211 0.118490
1 0.464355 0.300781 0.110352 0.101563
1 0.488281 0.346354 0.113281 0.109375
1 0.508789 0.406901 0.123047 0.115885
1 0.552246 0.539063 0.110352 0.101563
1 0.597168 0.660807 0.108398 0.102865
1 0.387695 0.684896 0.125000 0.096354
1 0.405762 0.753906 0.122070 0.085938
1 0.364746 0.796224 0.116211 0.100260
1 0.383301 0.871094 0.125977 0.101563
1 0.704102 0.873047 0.109375 0.097656