1 0.739746 0.642578 0.106445 0.123698
1 0.713379 0.587240 0.098633 0.119792
1 0.697754 0.543620 0.110352 0.126302
1 0.671387 0.505859 0.104492 0.118490
1 0.655273 0.451172 0.119141 0.123698
1 0.637695 0.397786 0.121094 0.113281
1 0.617676 0.348307 0.106445 0.113281
1 0.591797 0.307943 0.132813 0.126302
1 0.551270 0.268229 0.114258 0.114583
1 0.527832 0.220703 0.110352 0.108073
1 0.513672 0.167969 0.121094 0.114583
1 0.486816 0.127604 0.120117 0.127604
1 0.456055 0.075521 0.113281 0.111979
1 0.536621 0.792318 0.090820 0.167969
1 0.264648 0.433594 0.119141 0.127604
1 0.231445 0.352214 0.107422 0.115885
1 0.192383 0.242839 0.113281 0.128906
1 0.176758 0.184896 0.113281 0.122396