0 0.897461 0.271484 0.041016 0.100260
0 0.449707 0.337240 0.041992 0.098958
0 0.411621 0.337240 0.041992 0.101563
0 0.334961 0.352214 0.044922 0.095052
0 0.299805 0.367188 0.044922 0.098958
0 0.221191 0.378255 0.045898 0.097656
0 0.172852 0.364583 0.041016 0.096354
0 0.040039 0.756510 0.080078 0.054688
0 0.249023 0.598958 0.044922 0.109375
0 0.294922 0.598958 0.048828 0.096354
0 0.443359 0.675781 0.041016 0.098958
0 0.552246 0.667318 0.043945 0.102865
0 0.822754 0.604167 0.075195 0.054688
0 0.828125 0.655599 0.078125 0.058594
0 0.838379 0.751953 0.084961 0.055990