2 0.792969 0.134115 0.056641 0.145833
0 0.714844 0.719401 0.082031 0.069010
0 0.940918 0.453125 0.045898 0.098958
0 0.901367 0.456380 0.046875 0.105469
0 0.859375 0.456380 0.042969 0.100260
0 0.819824 0.458984 0.047852 0.108073
0 0.777832 0.466146 0.043945 0.104167
0 0.810547 0.365885 0.046875 0.104167
0 0.768066 0.369141 0.043945 0.097656
0 0.716797 0.130859 0.046875 0.100260
0 0.341309 0.230469 0.043945 0.098958
0 0.406738 0.440755 0.043945 0.097656
0 0.334473 0.568359 0.041992 0.102865
0 0.293945 0.591797 0.042969 0.095052
0 0.253418 0.591797 0.049805 0.102865
0 0.328613 0.453125 0.043945 0.098958
0 0.244629 0.482422 0.047852 0.102865
0 0.212402 0.591797 0.043945 0.110677
0 0.172363 0.587891 0.047852 0.102865
0 0.133301 0.593750 0.045898 0.106771
0 0.161621 0.485026 0.049805 0.115885
0 0.125488 0.495443 0.047852 0.105469
0 0.431152 0.216797 0.043945 0.105469
0 0.291992 0.125000 0.042969 0.096354
0 0.299805 0.238932 0.042969 0.102865
0 0.246094 0.131510 0.044922 0.101563
2 0.139160 0.268880 0.049805 0.121094
0 0.743164 0.925130 0.042969 0.108073
0 0.781738 0.911458 0.049805 0.111979
0 0.826172 0.911458 0.046875 0.104167
0 0.901367 0.911458 0.046875 0.104167
0 0.944336 0.906901 0.041016 0.095052