0 0.691406 0.106120 0.054688 0.102865
0 0.817871 0.307943 0.043945 0.092448
0 0.557617 0.376953 0.044922 0.095052
0 0.482910 0.309896 0.075195 0.070313
2 0.427734 0.393229 0.056641 0.122396
0 0.387695 0.410156 0.044922 0.088542
0 0.396484 0.605469 0.082031 0.067708
0 0.308594 0.620443 0.082031 0.063802
0 0.303223 0.425781 0.051758 0.101563
0 0.254395 0.438802 0.051758 0.101563
0 0.218262 0.449870 0.043945 0.092448
0 0.106934 0.479167 0.047852 0.114583
2 0.260742 0.199870 0.048828 0.113281
0 0.187012 0.209635 0.049805 0.096354