4 0.575684 0.194661 0.182617 0.199219
2 0.681641 0.206380 0.091797 0.105469
2 0.725586 0.425781 0.089844 0.106771
0 0.650391 0.357422 0.074219 0.079427
0 0.425781 0.196615 0.080078 0.096354
0 0.554199 0.451823 0.083008 0.075521
0 0.791016 0.641276 0.082031 0.092448
0 0.891602 0.619792 0.068359 0.083333
0 0.936523 0.842448 0.078125 0.101563
0 0.723633 0.854818 0.041016 0.110677
0 0.538574 0.570964 0.083008 0.079427
0 0.087402 0.589844 0.067383 0.119792
0 0.041992 0.858724 0.080078 0.095052
0 0.169434 0.785807 0.077148 0.063802
2 0.306152 0.680990 0.108398 0.104167
2 0.447266 0.536458 0.087891 0.088542
0 0.331055 0.574219 0.080078 0.075521