2 0.530273 0.132161 0.097656 0.084635
2 0.611816 0.169922 0.094727 0.084635
2 0.686035 0.215495 0.094727 0.084635
2 0.557617 0.277995 0.093750 0.084635
2 0.634766 0.336589 0.087891 0.084635
2 0.559570 0.356771 0.072266 0.122396
2 0.328125 0.403646 0.054688 0.122396
2 0.347168 0.518880 0.057617 0.118490
2 0.300293 0.526693 0.049805 0.123698
0 0.437988 0.600911 0.043945 0.092448
0 0.401855 0.615885 0.051758 0.101563
0 0.333008 0.634766 0.046875 0.105469
0 0.231934 0.658854 0.047852 0.104167
0 0.164063 0.671224 0.044922 0.089844
0 0.097168 0.688151 0.045898 0.089844
0 0.142090 0.776693 0.053711 0.105469