0 0.386230 0.233073 0.071289 0.117188
0 0.330078 0.166016 0.068359 0.108073
0 0.192383 0.229167 0.095703 0.067708
2 0.174316 0.287760 0.100586 0.062500
2 0.154785 0.527995 0.090820 0.055990
2 0.140137 0.759766 0.100586 0.069010
2 0.635742 0.486328 0.050781 0.136719
0 0.881836 0.580729 0.050781 0.132813
0 0.834961 0.591146 0.046875 0.119792
0 0.782227 0.598307 0.048828 0.110677
0 0.739746 0.597005 0.045898 0.108073
0 0.683594 0.608073 0.044922 0.125000
0 0.581543 0.515625 0.045898 0.119792
0 0.533203 0.503255 0.048828 0.126302
0 0.479980 0.513672 0.045898 0.131510
0 0.438965 0.509766 0.045898 0.113281
0 0.463379 0.625651 0.045898 0.108073
0 0.394043 0.642578 0.049805 0.123698
0 0.346191 0.638672 0.051758 0.123698
1 0.556641 0.681641 0.121094 0.071615
0 0.343262 0.511719 0.051758 0.119792
0 0.637207 0.617839 0.051758 0.123698
0 0.140625 0.591797 0.085938 0.058594
0 0.140625 0.644531 0.093750 0.062500
0 0.171387 0.467448 0.094727 0.065104
0 0.156738 0.344401 0.086914 0.063802