3 0.366699 0.268880 0.350586 0.425781
0 0.300781 0.486979 0.105469 0.135417
0 0.203613 0.641276 0.104492 0.139323
0 0.123535 0.784505 0.090820 0.121094
0 0.310059 0.619141 0.104492 0.136719
0 0.892578 0.867839 0.117188 0.110677
0 0.826660 0.741536 0.120117 0.089844
0 0.729980 0.877604 0.090820 0.156250
0 0.662109 0.902344 0.066406 0.156250
0 0.550293 0.848307 0.102539 0.139323
0 0.507324 0.777344 0.102539 0.111979
0 0.492188 0.690755 0.115234 0.082031
0 0.503906 0.593099 0.113281 0.089844
0 0.544434 0.516927 0.110352 0.119792
0 0.606445 0.463542 0.072266 0.132813
0 0.679199 0.449870 0.061523 0.136719
0 0.734863 0.490885 0.106445 0.130208
0 0.796875 0.559245 0.107422 0.115885
0 0.342285 0.936849 0.098633 0.118490
0 0.411133 0.805339 0.107422 0.128906