1 0.774902 0.133464 0.180664 0.240885
3 0.599121 0.174479 0.272461 0.346354
3 0.436035 0.205729 0.256836 0.375000
0 0.199219 0.366536 0.085938 0.121094
0 0.097168 0.386068 0.084961 0.105469
4 0.128906 0.843099 0.169922 0.264323
4 0.202148 0.864583 0.179688 0.270833
2 0.762207 0.637370 0.112305 0.066406
0 0.766113 0.714193 0.110352 0.055990
0 0.653809 0.712891 0.110352 0.058594
0 0.432617 0.867188 0.095703 0.059896
0 0.428711 0.935547 0.099609 0.066406
0 0.751953 0.939453 0.107422 0.063802
0 0.654297 0.932943 0.103516 0.063802