0 0.555664 0.156901 0.074219 0.123698
0 0.689941 0.102214 0.077148 0.123698
0 0.287109 0.072266 0.126953 0.074219
0 0.354004 0.236979 0.114258 0.080729
0 0.378418 0.315104 0.110352 0.070313
2 0.378418 0.478516 0.135742 0.154948
2 0.257324 0.578776 0.118164 0.139323
0 0.114258 0.694661 0.101563 0.105469
0 0.582031 0.615885 0.095703 0.132813
0 0.633789 0.746094 0.095703 0.122396
2 0.696289 0.882813 0.101563 0.135417
0 0.882324 0.595052 0.112305 0.119792
0 0.380371 0.783854 0.067383 0.145833
0 0.392090 0.951172 0.108398 0.097656
0 0.309082 0.830078 0.061523 0.131510
0 0.249512 0.874349 0.057617 0.123698
0 0.192383 0.928385 0.062500 0.135417