0 0.768066 0.177734 0.100586 0.108073
0 0.799316 0.242188 0.102539 0.117188
0 0.827637 0.310547 0.092773 0.113281
0 0.860840 0.388021 0.100586 0.109375
0 0.887207 0.460286 0.108398 0.118490
0 0.551270 0.358073 0.108398 0.119792
0 0.583496 0.413411 0.098633 0.102865
2 0.609863 0.492188 0.120117 0.127604
2 0.638184 0.580729 0.135742 0.140625
0 0.372559 0.354167 0.116211 0.127604
0 0.176270 0.537109 0.108398 0.128906
0 0.201660 0.608724 0.114258 0.134115
0 0.270996 0.726563 0.104492 0.122396
0 0.403809 0.405599 0.125977 0.149740
0 0.455566 0.538411 0.096680 0.115885
0 0.485840 0.599609 0.100586 0.123698
0 0.513672 0.656250 0.111328 0.135417
0 0.550781 0.729167 0.113281 0.117188
0 0.577637 0.794922 0.102539 0.123698
0 0.292480 0.804036 0.124023 0.152344
0 0.607910 0.871745 0.106445 0.136719
0 0.805176 0.918620 0.120117 0.131510
0 0.346191 0.945313 0.100586 0.109375