0 0.832520 0.087891 0.114258 0.131510
0 0.759766 0.194010 0.097656 0.127604
0 0.718750 0.257161 0.123047 0.141927
0 0.677734 0.315755 0.115234 0.141927
0 0.635742 0.381510 0.113281 0.148438
0 0.533691 0.270833 0.122070 0.156250
0 0.556152 0.166016 0.124023 0.141927
2 0.068848 0.279948 0.137695 0.161458
0 0.304199 0.399740 0.110352 0.138021
0 0.424805 0.530599 0.117188 0.141927
0 0.293457 0.641276 0.127930 0.157552
2 0.655762 0.902344 0.127930 0.158854
0 0.789551 0.927083 0.108398 0.130208
0 0.911621 0.887370 0.069336 0.160156