2 0.650879 0.228516 0.081055 0.173177
2 0.361816 0.628906 0.088867 0.190104
0 0.844727 0.615234 0.103516 0.084635
0 0.901855 0.701172 0.100586 0.069010
0 0.945801 0.845052 0.098633 0.075521
0 0.954102 0.913411 0.089844 0.074219
0 0.258301 0.817708 0.073242 0.145833
0 0.051758 0.386719 0.070313 0.148438
0 0.067383 0.196615 0.066406 0.140625
0 0.642090 0.421875 0.073242 0.140625
0 0.722168 0.884766 0.086914 0.115885
0 0.698242 0.812500 0.080078 0.111979
0 0.676758 0.735026 0.083984 0.118490
0 0.494141 0.087240 0.080078 0.106771
0 0.516113 0.150391 0.088867 0.123698
0 0.535645 0.233724 0.083008 0.136719