0 0.900879 0.334635 0.083008 0.093750
0 0.854980 0.386068 0.081055 0.097656
0 0.802246 0.418620 0.086914 0.105469
0 0.733887 0.456380 0.092773 0.100260
0 0.668457 0.488932 0.088867 0.100260
0 0.761230 0.841797 0.065430 0.128906
0 0.507324 0.634766 0.083008 0.087240
0 0.516602 0.729167 0.087891 0.083333
0 0.536133 0.823568 0.093750 0.084635
0 0.545898 0.906250 0.091797 0.088542
0 0.391602 0.901693 0.085938 0.100260
0 0.345703 0.813151 0.089844 0.076823
0 0.324707 0.741536 0.098633 0.082031
0 0.303223 0.656250 0.084961 0.080729
0 0.293945 0.567057 0.089844 0.089844
0 0.342285 0.438802 0.086914 0.098958
0 0.392578 0.395833 0.083984 0.109375
0 0.431152 0.347005 0.090820 0.102865
0 0.496582 0.308594 0.084961 0.085938
0 0.562012 0.266276 0.088867 0.097656
0 0.638672 0.240885 0.087891 0.083333
0 0.689941 0.195964 0.094727 0.082031
0 0.857422 0.098307 0.072266 0.105469
0 0.801758 0.065755 0.070313 0.102865
0 0.739258 0.057943 0.066406 0.115885
0 0.660645 0.063802 0.069336 0.106771
0 0.597168 0.069661 0.067383 0.118490
0 0.528809 0.094401 0.063477 0.126302
0 0.450195 0.117188 0.054688 0.106771
0 0.395020 0.119141 0.049805 0.110677
0 0.277832 0.162760 0.059570 0.122396
0 0.201172 0.220052 0.070313 0.122396
0 0.123535 0.294271 0.079102 0.106771
0 0.063965 0.363932 0.092773 0.079427
0 0.054199 0.522135 0.081055 0.065104
0 0.070801 0.658203 0.088867 0.058594
0 0.095703 0.792318 0.089844 0.069010
0 0.112305 0.865234 0.087891 0.082031
0 0.129395 0.928385 0.090820 0.085938