0 0.039063 0.049479 0.080078 0.062500
0 0.205078 0.035807 0.091797 0.069010
0 0.137207 0.577474 0.086914 0.061198
2 0.655762 0.107422 0.063477 0.136719
0 0.608398 0.121094 0.056641 0.106771
0 0.568848 0.151693 0.059570 0.118490
0 0.486816 0.189453 0.067383 0.126302
0 0.406250 0.247396 0.062500 0.111979
2 0.820801 0.874349 0.098633 0.095052
0 0.479980 0.945313 0.059570 0.109375
0 0.625488 0.917318 0.059570 0.118490
0 0.578613 0.894531 0.057617 0.114583
0 0.803711 0.485026 0.062500 0.113281
0 0.762695 0.514974 0.062500 0.123698
0 0.682129 0.550781 0.061523 0.125000
0 0.637207 0.569661 0.057617 0.121094
0 0.596680 0.585938 0.064453 0.119792
0 0.486328 0.649740 0.064453 0.117188
0 0.448242 0.675781 0.060547 0.119792
0 0.399414 0.687500 0.070313 0.130208
0 0.607910 0.451172 0.061523 0.131510
0 0.566895 0.473307 0.061523 0.123698
0 0.525879 0.498698 0.063477 0.127604