0 0.029785 0.766276 0.059570 0.108073
2 0.112793 0.724609 0.079102 0.126302
0 0.281250 0.741536 0.083984 0.092448
0 0.287598 0.800781 0.081055 0.101563
0 0.855957 0.903646 0.075195 0.093750
0 0.901367 0.801432 0.089844 0.079427
0 0.663574 0.722005 0.053711 0.113281
0 0.592285 0.697917 0.057617 0.096354
0 0.535645 0.696615 0.059570 0.111979
0 0.488770 0.571615 0.059570 0.117188
0 0.546387 0.563151 0.061523 0.115885
0 0.440430 0.410807 0.074219 0.131510
0 0.392090 0.278646 0.059570 0.109375
0 0.703125 0.040365 0.089844 0.080729
0 0.721191 0.092448 0.083008 0.080729
0 0.759766 0.203125 0.074219 0.083333
0 0.772949 0.251302 0.083008 0.085938
0 0.876465 0.165365 0.071289 0.111979
0 0.814453 0.356120 0.083984 0.082031
0 0.850098 0.462240 0.086914 0.080729