0 0.620605 0.207031 0.110352 0.119792
0 0.105469 0.451823 0.058594 0.148438
0 0.159180 0.508464 0.054688 0.144531
0 0.214844 0.563151 0.060547 0.134115
2 0.267090 0.627604 0.069336 0.153646
0 0.040527 0.641927 0.081055 0.130208
0 0.096191 0.762370 0.077148 0.115885
0 0.317383 0.673828 0.054688 0.128906
0 0.381836 0.736979 0.068359 0.138021
0 0.433105 0.791016 0.063477 0.141927
0 0.523926 0.807943 0.104492 0.082031
2 0.629395 0.369141 0.110352 0.134115
0 0.821289 0.427734 0.068359 0.139323
2 0.914551 0.623698 0.104492 0.096354
0 0.891602 0.765625 0.107422 0.075521
0 0.869629 0.839193 0.110352 0.082031
0 0.862793 0.929036 0.104492 0.092448
0 0.726074 0.877604 0.092773 0.114583
0 0.743164 0.788411 0.099609 0.118490
0 0.681641 0.948568 0.105469 0.102865