0 0.883301 0.197266 0.086914 0.126302
0 0.810547 0.195964 0.083984 0.134115
0 0.759766 0.234375 0.080078 0.127604
0 0.653809 0.236979 0.092773 0.140625
0 0.598633 0.256510 0.087891 0.127604
0 0.495605 0.270182 0.092773 0.147135
0 0.436523 0.302734 0.085938 0.131510
2 0.381348 0.326823 0.118164 0.177083
0 0.257813 0.250651 0.097656 0.128906
0 0.236328 0.330729 0.093750 0.127604
0 0.302246 0.858724 0.120117 0.121094
0 0.486816 0.893880 0.098633 0.113281
0 0.922852 0.359375 0.064453 0.143229
0 0.875488 0.337240 0.059570 0.132813
0 0.607910 0.430990 0.110352 0.114583
2 0.120117 0.344401 0.089844 0.118490
0 0.033203 0.131510 0.066406 0.117188
2 0.164551 0.385417 0.086914 0.125000
2 0.221680 0.432943 0.089844 0.121094
2 0.279785 0.487630 0.100586 0.128906
2 0.349609 0.542969 0.101563 0.151042
0 0.910156 0.585938 0.095703 0.078125
2 0.900391 0.662760 0.103516 0.088542
0 0.864746 0.895833 0.112305 0.078125