0 0.956543 0.078776 0.065430 0.123698
2 0.295410 0.283203 0.067383 0.165365
0 0.262695 0.619792 0.087891 0.085938
2 0.425293 0.445964 0.094727 0.095052
0 0.459473 0.555339 0.104492 0.092448
0 0.484375 0.614583 0.089844 0.101563
0 0.510742 0.671224 0.083984 0.084635
0 0.526367 0.739583 0.089844 0.078125
0 0.544434 0.804036 0.090820 0.082031
0 0.590332 0.919271 0.090820 0.075521
0 0.799805 0.880208 0.093750 0.085938
2 0.672363 0.522135 0.108398 0.101563
0 0.657227 0.453125 0.091797 0.085938
0 0.641113 0.397786 0.083008 0.082031
0 0.614258 0.343099 0.087891 0.095052
0 0.582520 0.222656 0.086914 0.088542