3 0.674805 0.441406 0.269531 0.179688
0 0.041992 0.535156 0.048828 0.098958
0 0.083984 0.513672 0.052734 0.092448
0 0.291016 0.406250 0.046875 0.098958
1 0.324707 0.385417 0.069336 0.148438
0 0.390625 0.364583 0.054688 0.106771
0 0.431641 0.348307 0.048828 0.097656
0 0.470215 0.319010 0.057617 0.106771
2 0.535156 0.280599 0.060547 0.128906
0 0.580078 0.274089 0.050781 0.108073
0 0.621582 0.235026 0.059570 0.118490
0 0.671875 0.219401 0.058594 0.115885
0 0.711426 0.194010 0.059570 0.111979
0 0.749023 0.164714 0.058594 0.113281
0 0.801270 0.138672 0.057617 0.108073
0 0.159180 0.480469 0.060547 0.098958