2 0.049805 0.479167 0.052734 0.169271
2 0.094727 0.479818 0.052734 0.144531
10 0.190430 0.486979 0.054688 0.153646
2 0.239746 0.483073 0.049805 0.153646
2 0.339844 0.486979 0.052734 0.145833
2 0.388672 0.488932 0.052734 0.162760
2 0.437500 0.485026 0.054688 0.141927
2 0.484863 0.496745 0.055664 0.157552
2 0.536621 0.499349 0.055664 0.162760
2 0.587402 0.497396 0.047852 0.151042
2 0.634277 0.498698 0.049805 0.145833
10 0.683105 0.511719 0.051758 0.177083
10 0.732910 0.510417 0.047852 0.174479
1 0.874023 0.877604 0.207031 0.091146
10 0.681152 0.768880 0.065430 0.243490
2 0.878906 0.592448 0.101563 0.067708
10 0.871094 0.455729 0.123047 0.075521
2 0.877441 0.387370 0.110352 0.076823
2 0.877930 0.319010 0.111328 0.067708
2 0.877441 0.191406 0.116211 0.072917
2 0.884766 0.125000 0.097656 0.075521
2 0.872559 0.054688 0.122070 0.067708