2 0.610840 0.237630 0.098633 0.131510
0 0.335938 0.947266 0.085938 0.105469
10 0.639160 0.923828 0.081055 0.152344
0 0.830566 0.855469 0.063477 0.135417
2 0.688477 0.352865 0.050781 0.140625
10 0.640137 0.391927 0.059570 0.171875
2 0.589355 0.421224 0.063477 0.186198
0 0.571777 0.268229 0.077148 0.119792
0 0.522461 0.280599 0.089844 0.126302
0 0.478516 0.313151 0.085938 0.118490
2 0.537109 0.427734 0.048828 0.173177
0 0.485840 0.462891 0.055664 0.152344
2 0.435059 0.508464 0.055664 0.178385
2 0.384766 0.513672 0.056641 0.162760
2 0.337891 0.524740 0.062500 0.153646
2 0.279785 0.573568 0.055664 0.175781
0 0.225098 0.578125 0.051758 0.151042
0 0.335449 0.384766 0.084961 0.115885
0 0.293457 0.406901 0.083008 0.115885
2 0.233398 0.414714 0.103516 0.165365