1 0.442871 0.152995 0.145508 0.128906
0 0.587891 0.466797 0.060547 0.118490
0 0.538574 0.481771 0.057617 0.119792
1 0.495117 0.490885 0.083984 0.169271
2 0.446289 0.522135 0.062500 0.132813
2 0.403320 0.547526 0.074219 0.141927
0 0.359863 0.639323 0.081055 0.111979
0 0.259766 0.331380 0.080078 0.108073
0 0.286621 0.399089 0.071289 0.102865
0 0.305664 0.453776 0.078125 0.105469
0 0.320801 0.517578 0.077148 0.100260
0 0.333984 0.580078 0.072266 0.097656
0 0.478027 0.895833 0.061523 0.109375
2 0.642090 0.774089 0.069336 0.134115
2 0.746582 0.736979 0.071289 0.125000
0 0.690430 0.752604 0.072266 0.125000