0 0.927734 0.107422 0.101563 0.110677
0 0.776367 0.429036 0.101563 0.118490
0 0.810547 0.202474 0.095703 0.110677
0 0.699219 0.284505 0.089844 0.113281
0 0.592773 0.381510 0.105469 0.117188
0 0.542969 0.526042 0.093750 0.106771
0 0.458008 0.680339 0.083984 0.128906
0 0.429688 0.608073 0.082031 0.098958
2 0.368164 0.761719 0.109375 0.125000
0 0.257813 0.847656 0.105469 0.111979
0 0.217773 0.781250 0.093750 0.119792
0 0.168945 0.722005 0.099609 0.121094
0 0.153320 0.627604 0.093750 0.111979
2 0.281250 0.528646 0.115234 0.135417
0 0.306152 0.622396 0.096680 0.119792
0 0.336914 0.680990 0.083984 0.104167
0 0.431641 0.503906 0.091797 0.104167
2 0.399414 0.433594 0.101563 0.111979
0 0.409668 0.330078 0.081055 0.095052
0 0.496094 0.259766 0.111328 0.128906