0 0.039063 0.137370 0.068359 0.183594
0 0.913086 0.619792 0.144531 0.104167
0 0.955566 0.364583 0.077148 0.213542
0 0.878906 0.351563 0.076172 0.177083
0 0.806152 0.358073 0.075195 0.203125
0 0.735840 0.342448 0.077148 0.171875
0 0.657715 0.354818 0.069336 0.209635
0 0.580078 0.364583 0.076172 0.197917
0 0.502441 0.358724 0.073242 0.201823
0 0.422852 0.371745 0.068359 0.194010
0 0.349609 0.371094 0.070313 0.210938
0 0.278320 0.364583 0.066406 0.190104
0 0.211914 0.363932 0.062500 0.194010
0 0.119629 0.376953 0.071289 0.180990