0 0.174316 0.406901 0.063477 0.131510
0 0.271484 0.414714 0.052734 0.100260
0 0.373047 0.805339 0.062500 0.113281
0 0.488281 0.705729 0.064453 0.088542
0 0.511230 0.651693 0.067383 0.095052
0 0.539551 0.534505 0.059570 0.082031
0 0.569824 0.429688 0.065430 0.104167
0 0.620605 0.261719 0.055664 0.091146
0 0.635742 0.203776 0.060547 0.097656
0 0.490723 0.183594 0.049805 0.109375
0 0.511719 0.087240 0.062500 0.111979
0 0.442383 0.186849 0.052734 0.100260
0 0.393066 0.182943 0.065430 0.123698
0 0.433105 0.065755 0.059570 0.113281
0 0.344238 0.151042 0.067383 0.125000