0 0.846191 0.063151 0.086914 0.105469
0 0.764160 0.154297 0.079102 0.113281
0 0.722656 0.488932 0.062500 0.108073
0 0.677734 0.512370 0.066406 0.110677
0 0.646484 0.548177 0.066406 0.119792
0 0.600586 0.571615 0.070313 0.122396
0 0.688965 0.245443 0.092773 0.105469
0 0.605469 0.312500 0.089844 0.098958
0 0.452148 0.486979 0.095703 0.093750
0 0.474121 0.546875 0.092773 0.098958
0 0.392578 0.603516 0.082031 0.095052
0 0.294922 0.660156 0.095703 0.096354
0 0.205078 0.647135 0.085938 0.085938
0 0.113770 0.621094 0.084961 0.091146
2 0.207031 0.563802 0.107422 0.106771
2 0.332520 0.560547 0.106445 0.110677
0 0.304688 0.503255 0.080078 0.110677