0 0.912109 0.199870 0.080078 0.082031
0 0.816406 0.378906 0.095703 0.085938
0 0.734375 0.490234 0.080078 0.074219
0 0.662109 0.511719 0.089844 0.067708
0 0.570801 0.541016 0.098633 0.079427
2 0.462402 0.578125 0.110352 0.096354
0 0.684082 0.423177 0.090820 0.083333
0 0.573730 0.451172 0.098633 0.089844
0 0.459473 0.494141 0.086914 0.082031
0 0.341797 0.541667 0.093750 0.091146
0 0.665039 0.293620 0.101563 0.087240
0 0.365234 0.404297 0.083984 0.087240
0 0.214844 0.544271 0.085938 0.088542
0 0.044434 0.717448 0.081055 0.078125
0 0.094238 0.619141 0.098633 0.092448
0 0.039551 0.529948 0.079102 0.083333