0 0.951172 0.205729 0.048828 0.140625
0 0.895020 0.207031 0.049805 0.132813
0 0.844238 0.199219 0.045898 0.135417
0 0.791504 0.216146 0.049805 0.135417
0 0.733887 0.226563 0.049805 0.135417
0 0.675781 0.228516 0.046875 0.131510
0 0.617188 0.228516 0.054688 0.152344
0 0.343262 0.234375 0.045898 0.127604
0 0.284668 0.251953 0.049805 0.126302
0 0.229492 0.248047 0.050781 0.154948
0 0.176270 0.260417 0.049805 0.145833
3 0.666992 0.604818 0.093750 0.522135
3 0.504395 0.625651 0.090820 0.532552
3 0.212402 0.647786 0.102539 0.529948