0 0.815918 0.233724 0.049805 0.152344
0 0.704590 0.246094 0.049805 0.132813
0 0.653809 0.261068 0.051758 0.154948
0 0.599609 0.267578 0.050781 0.144531
0 0.493164 0.272135 0.056641 0.135417
0 0.440430 0.261719 0.052734 0.130208
0 0.335449 0.287109 0.055664 0.147135
0 0.277344 0.282552 0.048828 0.143229
0 0.220703 0.281250 0.048828 0.138021
0 0.168457 0.287109 0.045898 0.144531
0 0.052734 0.300130 0.060547 0.154948
0 0.826172 0.717448 0.044922 0.151042
0 0.770508 0.725260 0.046875 0.135417
0 0.719727 0.569661 0.048828 0.147135
0 0.671875 0.729167 0.052734 0.151042
1 0.667969 0.596354 0.044922 0.122396
0 0.562012 0.593750 0.055664 0.138021
0 0.506836 0.589844 0.054688 0.138021
0 0.452637 0.589193 0.053711 0.131510
0 0.398926 0.604818 0.049805 0.139323
0 0.341797 0.602865 0.054688 0.135417
0 0.281250 0.603516 0.052734 0.154948
2 0.116699 0.626953 0.059570 0.154948
0 0.062012 0.640625 0.047852 0.135417