0 0.573730 0.047526 0.110352 0.069010
0 0.315430 0.067708 0.105469 0.059896
0 0.203125 0.072266 0.101563 0.063802
0 0.338867 0.138021 0.105469 0.067708
2 0.213379 0.139974 0.139648 0.084635
0 0.696777 0.035807 0.122070 0.071615
0 0.579590 0.115885 0.104492 0.072917
0 0.695313 0.108073 0.113281 0.070313
0 0.713867 0.183594 0.119141 0.072917
0 0.576172 0.187500 0.093750 0.059896
0 0.701172 0.255208 0.115234 0.070313
0 0.587402 0.260417 0.102539 0.067708
0 0.221680 0.220052 0.107422 0.067708
0 0.332520 0.285807 0.116211 0.063802
0 0.216309 0.300781 0.108398 0.078125
0 0.335938 0.365234 0.119141 0.071615
0 0.952148 0.182292 0.095703 0.078125
0 0.862305 0.807292 0.082031 0.145833
0 0.787598 0.813802 0.077148 0.130208
0 0.721191 0.823568 0.084961 0.139323
0 0.745605 0.643880 0.051758 0.141927
0 0.793457 0.647135 0.051758 0.148438
0 0.591797 0.641927 0.056641 0.148438
0 0.502930 0.840495 0.091797 0.149740
0 0.437500 0.843750 0.093750 0.143229
0 0.375977 0.841146 0.082031 0.127604
0 0.316406 0.844401 0.087891 0.144531
2 0.479004 0.638672 0.051758 0.149740
0 0.422363 0.654297 0.055664 0.139323
0 0.254883 0.664714 0.052734 0.154948