0 0.741211 0.059896 0.101563 0.104167
0 0.770020 0.117188 0.108398 0.111979
0 0.905762 0.100911 0.094727 0.105469
0 0.797363 0.176432 0.096680 0.115885
0 0.512207 0.130859 0.110352 0.118490
0 0.531250 0.209635 0.107422 0.119792
0 0.562012 0.279948 0.102539 0.111979
0 0.587402 0.348307 0.106445 0.102865
0 0.382813 0.241536 0.103516 0.115885
0 0.431641 0.369141 0.107422 0.115885
0 0.472656 0.496094 0.109375 0.111979
0 0.740234 0.802734 0.105469 0.115885
0 0.783691 0.945313 0.104492 0.104167
0 0.652832 0.949219 0.110352 0.101563
0 0.281250 0.667969 0.109375 0.109375
0 0.213379 0.465495 0.100586 0.108073