0 0.311035 0.104818 0.090820 0.102865
0 0.150391 0.818359 0.087891 0.095052
0 0.211914 0.863281 0.083984 0.091146
2 0.253418 0.927734 0.098633 0.113281
0 0.354980 0.853516 0.086914 0.100260
0 0.299316 0.725260 0.098633 0.096354
0 0.491211 0.569661 0.105469 0.097656
0 0.527344 0.633464 0.099609 0.108073
0 0.556152 0.707682 0.094727 0.105469
0 0.637695 0.559245 0.103516 0.110677
0 0.870605 0.488281 0.088867 0.098958
0 0.840332 0.420573 0.100586 0.106771
0 0.572754 0.395182 0.104492 0.108073
0 0.266602 0.628255 0.083984 0.089844