0 0.374512 0.099609 0.090820 0.128906
2 0.389160 0.214844 0.114258 0.169271
0 0.336426 0.401693 0.100586 0.076823
0 0.403320 0.354818 0.099609 0.087240
0 0.474609 0.297526 0.097656 0.087240
0 0.582520 0.375000 0.086914 0.125000
0 0.626953 0.430339 0.070313 0.105469
0 0.674316 0.468099 0.084961 0.126302
0 0.713867 0.518229 0.083984 0.122396
0 0.485352 0.526693 0.089844 0.071615
0 0.438477 0.605469 0.101563 0.101563
0 0.520508 0.736979 0.097656 0.109375
1 0.583008 0.866536 0.169922 0.253906
0 0.838379 0.673177 0.088867 0.132813