0 0.838867 0.164063 0.091797 0.125000
0 0.763672 0.276693 0.097656 0.136719
0 0.684082 0.396484 0.077148 0.121094
0 0.611816 0.511068 0.081055 0.115885
0 0.536621 0.630208 0.083008 0.117188
0 0.458008 0.748047 0.070313 0.105469
0 0.382813 0.859375 0.085938 0.122396
0 0.294434 0.775391 0.079102 0.097656
0 0.327637 0.721354 0.086914 0.117188
0 0.365234 0.666667 0.082031 0.114583
0 0.399902 0.609375 0.084961 0.104167
0 0.469238 0.498698 0.088867 0.122396
0 0.594238 0.301432 0.081055 0.108073
0 0.624512 0.247396 0.083008 0.109375