2 0.443359 0.088542 0.140625 0.106771
2 0.579590 0.261719 0.090820 0.171875
2 0.766602 0.346354 0.058594 0.187500
2 0.500000 0.350911 0.130859 0.084635
2 0.733398 0.794271 0.050781 0.190104
0 0.779785 0.898438 0.051758 0.125000
0 0.948242 0.608073 0.091797 0.072917
0 0.949219 0.702474 0.091797 0.066406
0 0.944336 0.778646 0.095703 0.070313
0 0.944824 0.863932 0.088867 0.069010
0 0.943359 0.962240 0.095703 0.067708
0 0.625488 0.475911 0.049805 0.110677
0 0.579102 0.462240 0.048828 0.130208
0 0.478027 0.465495 0.045898 0.131510
0 0.039063 0.788411 0.078125 0.105469
0 0.145996 0.592448 0.088867 0.106771
0 0.211914 0.484375 0.082031 0.093750
0 0.238281 0.424479 0.085938 0.101563
0 0.276855 0.369792 0.086914 0.093750
0 0.304199 0.319010 0.079102 0.098958
0 0.332520 0.263672 0.088867 0.110677
2 0.362305 0.211589 0.089844 0.100260
2 0.422852 0.457031 0.048828 0.151042