0 0.443848 0.156250 0.092773 0.109375
0 0.616699 0.219401 0.088867 0.105469
0 0.821289 0.486979 0.074219 0.109375
0 0.940430 0.904948 0.080078 0.106771
1 0.853516 0.826823 0.095703 0.216146
0 0.314453 0.559245 0.091797 0.074219
0 0.222656 0.551432 0.087891 0.069010
0 0.136230 0.354167 0.055664 0.132813
0 0.074707 0.447917 0.059570 0.125000
0 0.042969 0.515625 0.058594 0.135417
2 0.253906 0.612630 0.130859 0.082031
0 0.230957 0.674479 0.108398 0.075521
0 0.203125 0.734375 0.097656 0.072917
0 0.172852 0.796224 0.091797 0.076823
2 0.131836 0.856120 0.095703 0.082031
2 0.102539 0.911458 0.082031 0.080729