0 0.567871 0.245443 0.047852 0.095052
1 0.700195 0.662760 0.126953 0.203125
0 0.645996 0.456380 0.073242 0.100260
0 0.567871 0.426432 0.073242 0.108073
0 0.476563 0.394531 0.062500 0.111979
0 0.419922 0.501302 0.052734 0.093750
0 0.300293 0.662109 0.055664 0.092448
0 0.259277 0.685547 0.049805 0.087240
0 0.223633 0.711589 0.056641 0.102865
0 0.338867 0.294922 0.078125 0.095052
0 0.268555 0.368490 0.070313 0.096354
0 0.242676 0.409505 0.077148 0.092448
0 0.211426 0.453125 0.073242 0.083333
0 0.402344 0.205078 0.070313 0.087240
0 0.368164 0.246745 0.064453 0.079427