0 0.814941 0.102865 0.073242 0.096354
0 0.746582 0.088542 0.065430 0.085938
2 0.726074 0.229167 0.092773 0.125000
0 0.670410 0.200521 0.059570 0.085938
0 0.603027 0.318359 0.065430 0.087240
0 0.500488 0.250000 0.071289 0.085938
0 0.433105 0.215495 0.071289 0.100260
0 0.416016 0.427734 0.060547 0.084635
0 0.530762 0.402344 0.067383 0.088542
0 0.268066 0.815755 0.063477 0.082031
1 0.247559 0.478516 0.110352 0.136719
0 0.272461 0.619141 0.072266 0.095052
0 0.039551 0.878906 0.079102 0.088542
0 0.193359 0.892578 0.074219 0.092448
0 0.374512 0.689453 0.077148 0.100260
3 0.572266 0.444661 0.214844 0.269531