0 0.707520 0.138672 0.077148 0.079427
0 0.904785 0.218750 0.041992 0.083333
0 0.862305 0.354818 0.056641 0.105469
0 0.963867 0.484375 0.052734 0.093750
0 0.502441 0.395182 0.081055 0.082031
2 0.457520 0.359375 0.096680 0.093750
0 0.451172 0.288411 0.070313 0.079427
2 0.353516 0.353516 0.083984 0.074219
0 0.355957 0.428385 0.075195 0.078125
0 0.262207 0.484375 0.073242 0.078125
0 0.266113 0.412109 0.061523 0.066406
0 0.172852 0.464844 0.076172 0.070313
2 0.158203 0.542969 0.107422 0.091146
0 0.064453 0.513672 0.074219 0.063802