2 0.380371 0.120443 0.079102 0.121094
0 0.332520 0.177083 0.067383 0.091146
0 0.326660 0.291667 0.077148 0.062500
2 0.146484 0.429688 0.064453 0.117188
0 0.354492 0.356771 0.072266 0.049479
0 0.384277 0.416016 0.069336 0.050781
0 0.320313 0.494792 0.076172 0.052083
0 0.413574 0.474609 0.079102 0.053385
0 0.343262 0.548177 0.081055 0.054688
0 0.437500 0.533203 0.078125 0.050781
0 0.371094 0.613932 0.085938 0.063802
0 0.401855 0.679036 0.077148 0.055990
2 0.472168 0.596354 0.086914 0.059896
0 0.518555 0.707682 0.087891 0.063802
0 0.482422 0.851563 0.068359 0.059896
0 0.504883 0.915365 0.068359 0.049479
0 0.531738 0.964193 0.073242 0.053385
0 0.550293 0.774740 0.084961 0.054688
0 0.578125 0.833984 0.078125 0.050781
0 0.602051 0.892578 0.077148 0.048177