0 0.273926 0.399089 0.077148 0.084635
0 0.322266 0.309896 0.078125 0.078125
0 0.305664 0.353516 0.078125 0.084635
0 0.363281 0.229818 0.062500 0.076823
0 0.387207 0.183594 0.065430 0.067708
0 0.478027 0.262370 0.059570 0.087240
0 0.514160 0.279297 0.059570 0.097656
0 0.706543 0.389323 0.069336 0.067708
0 0.917969 0.623047 0.070313 0.058594
0 0.907227 0.675781 0.074219 0.065104
0 0.888184 0.720703 0.065430 0.058594
0 0.766113 0.473958 0.079102 0.075521
0 0.674316 0.479167 0.069336 0.065104
0 0.752441 0.523438 0.075195 0.067708
0 0.736816 0.573568 0.073242 0.071615
0 0.655762 0.580729 0.077148 0.070313
0 0.726074 0.621094 0.075195 0.072917
0 0.629395 0.678385 0.071289 0.067708
0 0.703125 0.718750 0.076172 0.062500
0 0.689453 0.764974 0.072266 0.066406
0 0.674805 0.814453 0.072266 0.055990
0 0.665527 0.869792 0.075195 0.072917
0 0.593262 0.830078 0.075195 0.066406