0 0.900879 0.090495 0.041992 0.100260
0 0.852539 0.111328 0.044922 0.092448
0 0.967285 0.169271 0.049805 0.093750
0 0.929199 0.199219 0.045898 0.098958
0 0.892090 0.205078 0.049805 0.110677
0 0.579590 0.505208 0.047852 0.111979
0 0.536133 0.526042 0.050781 0.106771
0 0.588379 0.261719 0.053711 0.101563
0 0.380859 0.316406 0.048828 0.109375
0 0.427246 0.298177 0.049805 0.109375
0 0.291992 0.361328 0.056641 0.110677
0 0.250000 0.371094 0.042969 0.096354
3 0.098633 0.546875 0.123047 0.351563
0 0.374512 0.587891 0.049805 0.113281