10 0.395020 0.202474 0.098633 0.082031
0 0.312500 0.294922 0.076172 0.069010
0 0.339355 0.388672 0.071289 0.069010
0 0.354004 0.436849 0.077148 0.063802
0 0.371094 0.494792 0.074219 0.057292
0 0.375000 0.552083 0.078125 0.067708
0 0.399902 0.658203 0.075195 0.066406
0 0.410156 0.714193 0.076172 0.069010
0 0.429199 0.769531 0.077148 0.072917
0 0.455078 0.879557 0.076172 0.066406
0 0.466309 0.945313 0.083008 0.070313
0 0.632324 0.340495 0.075195 0.058594
0 0.638184 0.389323 0.073242 0.059896
0 0.646973 0.442057 0.077148 0.058594
0 0.678711 0.540365 0.087891 0.067708
10 0.687500 0.601563 0.093750 0.083333