0 0.508301 0.100260 0.067383 0.093750
0 0.478516 0.134766 0.064453 0.092448
0 0.441406 0.167969 0.068359 0.098958
0 0.413086 0.206380 0.076172 0.105469
2 0.386230 0.248698 0.084961 0.106771
0 0.328613 0.300781 0.069336 0.104167
0 0.303223 0.251953 0.067383 0.095052
0 0.179199 0.446615 0.071289 0.106771
0 0.213379 0.472005 0.067383 0.100260
0 0.236328 0.524089 0.070313 0.105469
0 0.420898 0.733724 0.070313 0.108073
2 0.487793 0.758464 0.081055 0.134115
0 0.520996 0.802734 0.063477 0.105469
0 0.557129 0.837240 0.055664 0.085938
0 0.593750 0.867839 0.070313 0.100260
0 0.645508 0.938802 0.068359 0.101563