0 0.902344 0.221354 0.039063 0.104167
0 0.133301 0.220703 0.036133 0.100260
0 0.166016 0.218750 0.035156 0.109375
0 0.121582 0.312500 0.036133 0.096354
2 0.225098 0.213542 0.043945 0.114583
0 0.217773 0.315104 0.033203 0.088542
0 0.249512 0.315755 0.030273 0.089844
0 0.282227 0.313802 0.033203 0.088542
0 0.355469 0.223307 0.039063 0.097656
0 0.375000 0.305339 0.031250 0.092448
0 0.418945 0.220052 0.039063 0.101563
0 0.410645 0.311198 0.036133 0.096354
0 0.477051 0.307292 0.041992 0.101563
0 0.489258 0.216146 0.039063 0.093750
0 0.551270 0.218099 0.038086 0.087240
0 0.645508 0.218099 0.037109 0.105469
0 0.711914 0.222005 0.035156 0.095052
0 0.741211 0.219401 0.029297 0.089844
0 0.773438 0.218750 0.031250 0.096354
0 0.808594 0.214193 0.039063 0.108073
0 0.731445 0.307292 0.035156 0.093750
0 0.796387 0.314453 0.034180 0.097656
0 0.831055 0.306641 0.037109 0.105469
0 0.862305 0.307292 0.037109 0.091146
0 0.128906 0.520833 0.037109 0.091146
0 0.325195 0.509115 0.037109 0.101563
0 0.617676 0.519531 0.036133 0.104167
0 0.648926 0.509115 0.034180 0.085938
2 0.711914 0.515625 0.039063 0.111979
0 0.743164 0.519531 0.033203 0.091146
0 0.811523 0.511719 0.041016 0.101563
0 0.874023 0.525391 0.033203 0.092448
0 0.865723 0.634766 0.075195 0.050781
0 0.941406 0.759766 0.068359 0.050781
0 0.791504 0.745443 0.065430 0.050781
0 0.777344 0.630859 0.070313 0.050781
0 0.715820 0.748698 0.072266 0.052083
2 0.640137 0.630208 0.083008 0.054688
2 0.547852 0.633464 0.087891 0.058594
0 0.456055 0.639323 0.070313 0.049479
0 0.381836 0.638672 0.068359 0.048177
0 0.307617 0.639323 0.072266 0.049479
2 0.147949 0.647786 0.098633 0.058594
2 0.572754 0.692057 0.079102 0.053385
0 0.628906 0.746094 0.076172 0.054688
0 0.551270 0.745443 0.069336 0.050781
0 0.388184 0.757161 0.077148 0.048177
0 0.314941 0.758464 0.073242 0.045573
0 0.226074 0.761068 0.065430 0.042969
0 0.139648 0.764974 0.076172 0.050781