0 0.527344 0.046875 0.058594 0.093750
0 0.472656 0.121094 0.054688 0.093750
0 0.423828 0.220703 0.056641 0.100260
0 0.503418 0.358073 0.069336 0.101563
0 0.421387 0.498047 0.065430 0.097656
0 0.216309 0.574219 0.065430 0.106771
0 0.335449 0.655599 0.061523 0.097656
0 0.272949 0.765625 0.061523 0.096354
0 0.114746 0.764323 0.057617 0.096354
0 0.083984 0.812500 0.068359 0.101563
0 0.032227 0.910807 0.060547 0.097656
0 0.162109 0.945313 0.066406 0.098958
0 0.798340 0.272135 0.075195 0.085938
0 0.861328 0.342448 0.083984 0.091146
0 0.956543 0.434245 0.069336 0.079427