2 0.064941 0.145833 0.102539 0.065104
0 0.205566 0.087891 0.045898 0.105469
0 0.372070 0.041667 0.087891 0.062500
0 0.218750 0.312500 0.066406 0.062500
0 0.475586 0.138672 0.076172 0.089844
0 0.831543 0.164063 0.038086 0.117188
0 0.709961 0.207031 0.076172 0.101563
0 0.772461 0.279297 0.080078 0.097656
0 0.534668 0.357422 0.053711 0.102865
0 0.572266 0.393880 0.052734 0.115885
0 0.618652 0.429036 0.043945 0.110677
0 0.688965 0.499349 0.055664 0.126302
0 0.875488 0.626953 0.086914 0.076823
0 0.852539 0.680339 0.082031 0.071615
0 0.701660 0.962240 0.081055 0.067708
0 0.940918 0.909505 0.051758 0.097656