0 0.058594 0.091797 0.099609 0.063802
0 0.159668 0.110677 0.100586 0.075521
0 0.352051 0.310547 0.065430 0.113281
0 0.178711 0.360026 0.070313 0.115885
0 0.242676 0.502604 0.071289 0.117188
0 0.099121 0.768229 0.088867 0.098958
2 0.257324 0.682943 0.096680 0.134115
0 0.423340 0.561198 0.096680 0.101563
0 0.482422 0.638672 0.095703 0.110677
0 0.586914 0.475911 0.095703 0.092448
0 0.599121 0.388672 0.106445 0.102865
0 0.702148 0.384766 0.101563 0.105469
0 0.733887 0.442708 0.092773 0.096354
0 0.820801 0.373698 0.106445 0.101563
0 0.805176 0.293620 0.098633 0.105469
0 0.748047 0.264323 0.101563 0.111979
0 0.847656 0.191406 0.095703 0.096354
0 0.918945 0.213542 0.091797 0.093750
0 0.912598 0.309245 0.094727 0.102865