0 0.940918 0.102865 0.096680 0.083333
0 0.844727 0.151693 0.085938 0.076823
0 0.927734 0.272135 0.091797 0.078125
0 0.812012 0.322917 0.102539 0.085938
0 0.630371 0.251302 0.088867 0.085938
0 0.519531 0.310547 0.082031 0.084635
0 0.429688 0.385417 0.083984 0.083333
0 0.461426 0.496094 0.092773 0.083333
0 0.371582 0.542318 0.086914 0.079427
0 0.314453 0.500000 0.083984 0.080729
0 0.232422 0.609375 0.091797 0.091146
0 0.273438 0.429036 0.099609 0.089844
2 0.168945 0.484375 0.111328 0.114583
0 0.141113 0.653646 0.079102 0.075521
2 0.046875 0.699219 0.093750 0.098958