0 0.091309 0.309245 0.045898 0.118490
0 0.123047 0.513672 0.062500 0.108073
0 0.317383 0.699219 0.087891 0.072917
0 0.466309 0.279948 0.051758 0.111979
0 0.509277 0.306641 0.049805 0.108073
0 0.575684 0.333333 0.053711 0.125000
0 0.430664 0.451823 0.091797 0.078125
0 0.421387 0.511719 0.084961 0.072917
2 0.399414 0.572266 0.097656 0.082031
0 0.534668 0.563151 0.094727 0.082031
0 0.523438 0.636719 0.091797 0.075521
0 0.639648 0.604818 0.080078 0.066406
0 0.664063 0.682292 0.078125 0.059896
0 0.742676 0.639323 0.086914 0.070313
0 0.928223 0.818359 0.079102 0.053385