0 0.077148 0.184245 0.076172 0.066406
2 0.215820 0.602214 0.115234 0.100260
0 0.778809 0.298828 0.038086 0.097656
0 0.743652 0.309896 0.045898 0.101563
0 0.704102 0.324219 0.046875 0.111979
0 0.683105 0.217448 0.045898 0.104167
0 0.612305 0.243490 0.037109 0.098958
2 0.667969 0.337891 0.052734 0.113281
0 0.632813 0.353516 0.046875 0.100260
1 0.558594 0.374349 0.064453 0.170573
0 0.518555 0.382813 0.048828 0.111979
1 0.380859 0.434245 0.066406 0.160156
2 0.333984 0.445964 0.058594 0.157552
2 0.804688 0.578776 0.052734 0.113281
0 0.828125 0.694010 0.078125 0.062500
0 0.816895 0.748047 0.073242 0.066406
0 0.802734 0.793620 0.068359 0.058594
0 0.805176 0.852865 0.086914 0.067708
0 0.793945 0.901042 0.082031 0.057292
0 0.874023 0.952474 0.044922 0.095052