0 0.718262 0.251953 0.063477 0.154948
0 0.662598 0.263672 0.065430 0.157552
0 0.608887 0.281901 0.057617 0.144531
0 0.550781 0.291016 0.054688 0.136719
0 0.502441 0.319661 0.057617 0.152344
0 0.447266 0.327474 0.056641 0.144531
0 0.395020 0.352865 0.063477 0.148438
0 0.341309 0.364583 0.057617 0.148438
0 0.282227 0.382161 0.064453 0.149740
0 0.227539 0.400391 0.068359 0.165365
0 0.352051 0.736979 0.061523 0.145833
0 0.437012 0.893229 0.055664 0.138021
0 0.584961 0.846354 0.054688 0.119792
0 0.634277 0.832682 0.059570 0.147135
0 0.722168 0.811849 0.055664 0.126302
0 0.786133 0.783854 0.064453 0.143229