0 0.646484 0.146484 0.095703 0.095052
0 0.666992 0.207031 0.089844 0.085938
0 0.708496 0.322917 0.102539 0.101563
0 0.766602 0.477214 0.101563 0.100260
0 0.809082 0.589193 0.104492 0.100260
0 0.735352 0.736979 0.068359 0.119792
0 0.696289 0.776693 0.076172 0.123698
0 0.648438 0.792318 0.070313 0.123698
0 0.566895 0.845052 0.071289 0.130208
0 0.526367 0.863932 0.068359 0.118490
0 0.425781 0.611979 0.058594 0.117188
0 0.384766 0.650391 0.078125 0.139323
0 0.311523 0.682943 0.064453 0.115885
0 0.231445 0.734375 0.068359 0.114583
0 0.192871 0.768880 0.067383 0.118490
0 0.147949 0.783854 0.075195 0.130208
0 0.105957 0.809896 0.071289 0.119792
0 0.074219 0.844401 0.070313 0.126302
0 0.031250 0.697266 0.062500 0.121094
0 0.139160 0.627604 0.071289 0.114583
0 0.213379 0.568359 0.069336 0.123698
0 0.255859 0.539714 0.076172 0.147135
10 0.302734 0.517578 0.076172 0.149740
0 0.375977 0.460938 0.066406 0.127604
0 0.084961 0.349609 0.062500 0.110677