14 0.411621 0.104818 0.112305 0.071615
14 0.551758 0.143229 0.113281 0.070313
14 0.401367 0.224609 0.109375 0.071615
14 0.545898 0.202474 0.123047 0.076823
14 0.533203 0.259115 0.111328 0.065104
14 0.400879 0.292969 0.098633 0.065104
14 0.533691 0.315755 0.118164 0.076823
14 0.390625 0.352214 0.115234 0.063802
14 0.529297 0.381510 0.132813 0.075521
14 0.384766 0.408854 0.113281 0.067708
14 0.379395 0.471354 0.118164 0.067708
14 0.511230 0.499349 0.104492 0.063802
14 0.371094 0.526693 0.117188 0.074219
14 0.513672 0.559245 0.126953 0.069010
14 0.362305 0.589844 0.123047 0.070313
14 0.496094 0.621094 0.103516 0.057292
14 0.373535 0.647135 0.096680 0.065104
14 0.497070 0.677734 0.123047 0.063802
14 0.361328 0.709635 0.113281 0.067708
14 0.492676 0.737630 0.122070 0.058594
14 0.360840 0.775391 0.096680 0.061198
14 0.484375 0.787760 0.109375 0.059896
14 0.348145 0.830729 0.104492 0.067708
14 0.469238 0.902995 0.094727 0.066406
14 0.337402 0.891276 0.116211 0.069010
14 0.329102 0.952474 0.115234 0.058594
14 0.468262 0.962891 0.104492 0.066406