14 0.593262 0.048828 0.120117 0.055990
14 0.586914 0.095052 0.107422 0.065104
14 0.457031 0.145182 0.085938 0.061198
14 0.576660 0.149740 0.108398 0.057292
14 0.574219 0.198568 0.099609 0.061198
14 0.444824 0.193359 0.108398 0.055990
14 0.440430 0.246745 0.099609 0.063802
14 0.570313 0.296224 0.109375 0.055990
14 0.549805 0.343099 0.087891 0.055990
14 0.441406 0.298828 0.087891 0.055990
14 0.434082 0.361328 0.098633 0.069010
14 0.428223 0.415365 0.106445 0.065104
14 0.552246 0.452474 0.104492 0.058594
14 0.416504 0.473307 0.108398 0.058594
14 0.546875 0.496745 0.105469 0.058594
14 0.535645 0.550781 0.096680 0.059896
14 0.416016 0.531250 0.105469 0.059896
14 0.409180 0.593750 0.099609 0.054688
14 0.532715 0.600911 0.096680 0.063802
14 0.530762 0.647786 0.094727 0.058594
14 0.526855 0.703125 0.112305 0.054688
14 0.398926 0.695964 0.106445 0.058594
14 0.398438 0.758464 0.099609 0.058594
14 0.518555 0.743490 0.097656 0.057292
14 0.508301 0.848958 0.092773 0.072917
14 0.400391 0.805990 0.095703 0.057292
14 0.382324 0.863932 0.108398 0.058594
14 0.377441 0.927083 0.106445 0.062500
14 0.375488 0.973958 0.092773 0.052083