14 0.396484 0.036458 0.128906 0.072917
14 0.228027 0.079427 0.143555 0.075521
14 0.396973 0.113932 0.137695 0.066406
14 0.216797 0.155599 0.167969 0.074219
14 0.390137 0.184896 0.124023 0.067708
14 0.231934 0.233724 0.129883 0.074219
14 0.398926 0.262370 0.131836 0.074219
14 0.224121 0.308594 0.137695 0.080729
14 0.404297 0.335286 0.144531 0.066406
14 0.229004 0.384766 0.129883 0.063802
14 0.390625 0.408854 0.125000 0.070313
14 0.393555 0.486328 0.130859 0.076823
14 0.227539 0.465495 0.132813 0.061198
14 0.220703 0.533203 0.162109 0.089844
14 0.235840 0.614583 0.137695 0.083333
14 0.213867 0.691406 0.154297 0.085938
14 0.384766 0.728516 0.125000 0.071615
14 0.237305 0.767578 0.130859 0.069010
14 0.214355 0.846354 0.155273 0.088542
14 0.401367 0.899089 0.140625 0.076823
14 0.231934 0.926432 0.135742 0.066406
14 0.364746 0.966146 0.090820 0.052083