14 0.448242 0.031901 0.126953 0.061198
14 0.278809 0.044922 0.151367 0.076823
14 0.445313 0.098307 0.134766 0.066406
14 0.281250 0.123047 0.150391 0.079427
14 0.455078 0.175130 0.123047 0.061198
14 0.447266 0.251953 0.136719 0.071615
14 0.273926 0.197917 0.153320 0.080729
14 0.276855 0.274089 0.153320 0.071615
14 0.452637 0.324870 0.137695 0.069010
14 0.277832 0.350911 0.151367 0.076823
14 0.438965 0.394531 0.122070 0.065104
14 0.437012 0.462240 0.118164 0.070313
14 0.447266 0.541016 0.134766 0.069010
14 0.281250 0.583984 0.154297 0.082031
14 0.446777 0.697266 0.127930 0.082031
14 0.288086 0.662760 0.138672 0.075521
14 0.445801 0.774089 0.135742 0.069010
14 0.284180 0.738281 0.150391 0.080729
14 0.279297 0.813151 0.156250 0.079427
14 0.450684 0.848958 0.129883 0.072917
14 0.284180 0.895833 0.144531 0.080729
14 0.272949 0.964844 0.168945 0.070313
14 0.454102 0.929036 0.136719 0.074219