14 0.232422 0.224609 0.074219 0.053385
14 0.248535 0.263021 0.065430 0.057292
14 0.343262 0.270182 0.079102 0.050781
14 0.267090 0.374349 0.065430 0.048177
14 0.371582 0.462891 0.067383 0.050781
14 0.288574 0.490234 0.063477 0.053385
14 0.297363 0.520182 0.057617 0.045573
14 0.379395 0.530599 0.065430 0.048177
14 0.303711 0.589844 0.058594 0.041667
14 0.390137 0.598958 0.071289 0.052083
14 0.390137 0.634766 0.055664 0.042969
14 0.406250 0.699870 0.070313 0.045573
14 0.577637 0.822266 0.094727 0.050781