14 0.581543 0.160156 0.040039 0.091146
14 0.526367 0.175781 0.044922 0.101563
14 0.509766 0.194010 0.041016 0.098958
14 0.472168 0.192708 0.040039 0.117188
14 0.417480 0.236979 0.040039 0.098958
14 0.392090 0.251302 0.049805 0.098958
14 0.364746 0.261068 0.038086 0.097656
14 0.341309 0.275391 0.036133 0.102865
14 0.307129 0.272786 0.041992 0.118490
14 0.286621 0.300781 0.045898 0.101563
14 0.472656 0.302734 0.070313 0.063802
14 0.484863 0.332682 0.077148 0.061198
14 0.505859 0.365234 0.078125 0.063802
14 0.413574 0.414714 0.067383 0.053385
14 0.422363 0.449870 0.069336 0.063802
14 0.433594 0.487630 0.064453 0.058594
14 0.445313 0.516927 0.062500 0.057292
14 0.451172 0.558594 0.074219 0.065104
14 0.460449 0.594401 0.073242 0.066406
14 0.470703 0.629557 0.076172 0.071615
14 0.483398 0.658854 0.060547 0.057292
14 0.488281 0.699870 0.070313 0.063802
14 0.501465 0.730469 0.061523 0.054688
14 0.515625 0.768229 0.066406 0.057292
14 0.567871 0.723307 0.043945 0.095052
14 0.387695 0.871745 0.039063 0.102865
14 0.354004 0.865885 0.034180 0.080729
14 0.506348 0.402995 0.077148 0.058594
14 0.518555 0.436198 0.078125 0.067708
14 0.524902 0.473958 0.065430 0.054688
14 0.537109 0.511719 0.072266 0.059896
14 0.548340 0.585286 0.057617 0.055990
14 0.556641 0.621745 0.050781 0.048177
14 0.256836 0.343750 0.033203 0.078125