14 0.445801 0.240885 0.086914 0.065104
14 0.474121 0.353516 0.096680 0.079427
14 0.358398 0.413411 0.074219 0.066406
14 0.368652 0.468750 0.084961 0.083333
14 0.380859 0.525391 0.082031 0.074219
14 0.393555 0.581380 0.083984 0.082031
14 0.411133 0.647135 0.089844 0.078125
14 0.691895 0.715495 0.055664 0.147135
14 0.734375 0.693359 0.054688 0.162760
14 0.495117 0.405599 0.115234 0.092448
14 0.503418 0.465495 0.100586 0.084635
14 0.516113 0.523438 0.094727 0.080729
14 0.528809 0.584635 0.088867 0.075521
14 0.547852 0.633464 0.107422 0.100260