0 0.308105 0.070313 0.081055 0.111979
0 0.242676 0.082682 0.079102 0.139323
0 0.165527 0.106120 0.069336 0.144531
0 0.198242 0.548828 0.103516 0.095052
0 0.927246 0.373047 0.104492 0.102865
0 0.945801 0.751302 0.057617 0.122396
0 0.886230 0.773438 0.059570 0.119792
0 0.728027 0.240885 0.071289 0.127604
0 0.667969 0.269531 0.070313 0.148438
0 0.617188 0.294271 0.068359 0.127604
0 0.560547 0.312500 0.060547 0.132813
0 0.504395 0.341146 0.067383 0.153646
2 0.443848 0.339844 0.063477 0.158854
0 0.389160 0.382161 0.067383 0.139323
0 0.335449 0.398438 0.071289 0.145833
0 0.042480 0.603516 0.077148 0.157552
2 0.103027 0.630859 0.069336 0.180990
0 0.156250 0.667318 0.074219 0.123698
0 0.213379 0.701823 0.075195 0.145833
0 0.270996 0.740885 0.073242 0.138021
0 0.323242 0.768880 0.076172 0.149740
0 0.375000 0.804688 0.076172 0.132813
0 0.429688 0.837891 0.080078 0.141927
0 0.576172 0.876302 0.068359 0.151042
0 0.649902 0.857422 0.063477 0.139323
0 0.705078 0.825521 0.064453 0.130208
0 0.767090 0.806641 0.057617 0.118490
0 0.828613 0.777995 0.073242 0.152344
0 0.727051 0.451823 0.075195 0.140625
2 0.658203 0.469401 0.068359 0.154948
0 0.587402 0.468099 0.071289 0.154948
0 0.531738 0.486979 0.059570 0.127604
0 0.475586 0.544922 0.070313 0.141927