1 0.093262 0.147135 0.147461 0.145833
0 0.645508 0.204427 0.052734 0.096354
0 0.602051 0.236328 0.053711 0.095052
2 0.557617 0.244141 0.056641 0.100260
0 0.683594 0.348307 0.044922 0.100260
0 0.638184 0.350911 0.055664 0.113281
1 0.606934 0.388672 0.071289 0.121094
4 0.732910 0.537760 0.100586 0.265625
0 0.699219 0.630859 0.044922 0.105469
0 0.833984 0.562500 0.076172 0.070313
0 0.870605 0.700521 0.079102 0.072917
0 0.776855 0.740234 0.045898 0.092448
0 0.795410 0.840495 0.045898 0.105469
0 0.898926 0.829427 0.083008 0.072917