4 0.525391 0.169271 0.173828 0.153646
0 0.292969 0.208333 0.074219 0.075521
0 0.164063 0.281901 0.072266 0.079427
0 0.128906 0.314453 0.076172 0.082031
0 0.090332 0.341146 0.079102 0.098958
0 0.810059 0.097005 0.077148 0.089844
0 0.679688 0.160807 0.074219 0.076823
0 0.955566 0.302083 0.071289 0.049479
0 0.881836 0.317708 0.082031 0.067708
0 0.795410 0.345052 0.073242 0.062500
0 0.716309 0.361979 0.071289 0.054688
0 0.740234 0.472656 0.076172 0.065104
0 0.487305 0.569010 0.070313 0.065104
0 0.132324 0.804688 0.083008 0.085938