2 0.837402 0.069661 0.053711 0.131510
0 0.929688 0.074870 0.093750 0.069010
0 0.374023 0.349609 0.044922 0.131510
0 0.330078 0.362630 0.050781 0.115885
0 0.284180 0.378906 0.060547 0.135417
0 0.239746 0.408854 0.041992 0.114583
0 0.193359 0.384766 0.046875 0.121094
0 0.148926 0.396484 0.049805 0.128906
0 0.103027 0.394531 0.043945 0.117188
0 0.045410 0.401693 0.047852 0.131510
0 0.472656 0.453776 0.085938 0.084635
0 0.581543 0.536458 0.084961 0.122396
0 0.307129 0.657552 0.083008 0.070313
2 0.330566 0.746745 0.090820 0.058594
2 0.350586 0.514974 0.115234 0.097656
0 0.229492 0.550781 0.078125 0.065104
0 0.129395 0.567708 0.100586 0.062500