0 0.039551 0.084635 0.047852 0.138021
0 0.092285 0.082682 0.051758 0.121094
0 0.144043 0.071615 0.057617 0.140625
0 0.198242 0.060547 0.044922 0.121094
0 0.021973 0.397135 0.043945 0.111979
0 0.076172 0.373047 0.050781 0.126302
0 0.125977 0.369141 0.042969 0.110677
0 0.171387 0.348958 0.041992 0.109375
0 0.217773 0.335286 0.046875 0.113281
0 0.280762 0.326172 0.051758 0.126302
0 0.621094 0.158203 0.046875 0.147135
0 0.703125 0.069010 0.042969 0.122396
0 0.697754 0.222656 0.047852 0.140625
0 0.701660 0.389974 0.049805 0.144531
0 0.622559 0.474609 0.041992 0.134115
0 0.709473 0.543620 0.040039 0.110677
0 0.614746 0.626302 0.040039 0.117188
0 0.526367 0.571615 0.089844 0.070313
0 0.522461 0.634766 0.097656 0.076823
0 0.528809 0.703776 0.104492 0.084635
0 0.520508 0.847005 0.089844 0.074219
0 0.613281 0.861979 0.042969 0.119792
0 0.654785 0.878906 0.038086 0.111979
0 0.708008 0.895182 0.039063 0.118490
0 0.707520 0.731120 0.043945 0.141927
0 0.798340 0.718099 0.045898 0.131510
0 0.943848 0.552734 0.081055 0.100260