0 0.731445 0.074219 0.044922 0.085938
0 0.116699 0.238281 0.049805 0.088542
0 0.679199 0.098958 0.047852 0.093750
0 0.641602 0.123698 0.048828 0.098958
0 0.390137 0.242839 0.045898 0.079427
0 0.320801 0.280599 0.051758 0.097656
0 0.251465 0.313151 0.043945 0.089844
0 0.207520 0.339844 0.047852 0.098958
0 0.260742 0.548828 0.042969 0.087240
0 0.292969 0.530599 0.046875 0.079427
0 0.325195 0.511068 0.042969 0.082031
0 0.344238 0.447917 0.041992 0.080729
0 0.375977 0.434896 0.046875 0.091146
0 0.406250 0.406901 0.039063 0.079427
0 0.445801 0.401693 0.043945 0.100260
0 0.487793 0.389323 0.043945 0.091146
0 0.526855 0.397786 0.040039 0.087240
0 0.606934 0.337240 0.045898 0.083333
0 0.677734 0.307943 0.044922 0.092448
0 0.777344 0.255208 0.046875 0.088542
0 0.814453 0.236328 0.041016 0.084635
0 0.869141 0.206380 0.042969 0.089844
0 0.879395 0.302083 0.034180 0.088542
0 0.827148 0.490885 0.070313 0.054688
0 0.739258 0.529297 0.066406 0.055990
0 0.661621 0.565104 0.069336 0.065104
0 0.510254 0.479818 0.047852 0.097656
0 0.428223 0.501302 0.045898 0.101563
0 0.518066 0.722005 0.038086 0.082031
0 0.484863 0.732422 0.045898 0.089844
0 0.449707 0.747396 0.043945 0.091146
0 0.403320 0.762370 0.046875 0.092448
0 0.362793 0.785807 0.036133 0.082031
2 0.326660 0.780599 0.049805 0.100260
0 0.367676 0.532552 0.045898 0.091146
0 0.345215 0.593099 0.043945 0.082031
0 0.314453 0.615234 0.042969 0.087240
0 0.324707 0.927734 0.047852 0.087240