1 0.293945 0.343750 0.140625 0.200521
0 0.384277 0.500651 0.047852 0.105469
0 0.349121 0.507161 0.045898 0.100260
0 0.344727 0.748698 0.039063 0.088542
0 0.395996 0.854818 0.040039 0.084635
0 0.389160 0.726563 0.047852 0.111979
0 0.431641 0.845703 0.037109 0.092448
0 0.474121 0.832682 0.043945 0.100260
0 0.509277 0.772135 0.043945 0.096354
0 0.484863 0.667318 0.047852 0.100260
0 0.459473 0.548828 0.047852 0.102865
0 0.432129 0.432943 0.043945 0.102865
0 0.498535 0.186849 0.049805 0.100260
0 0.520020 0.292318 0.043945 0.087240
0 0.550781 0.422526 0.044922 0.095052
0 0.576660 0.543620 0.045898 0.092448
0 0.640137 0.832031 0.047852 0.101563
0 0.556641 0.127604 0.074219 0.072917
0 0.576660 0.175130 0.069336 0.069010
0 0.587891 0.222656 0.072266 0.072917
0 0.609375 0.273438 0.070313 0.067708
0 0.629883 0.339193 0.074219 0.074219
0 0.647949 0.399089 0.067383 0.069010
0 0.664063 0.438151 0.068359 0.069010
0 0.670410 0.490234 0.065430 0.063802
0 0.688477 0.531250 0.064453 0.062500
0 0.693359 0.575521 0.062500 0.062500
0 0.725098 0.614583 0.065430 0.072917
0 0.741211 0.654948 0.074219 0.072917
0 0.750488 0.698568 0.061523 0.063802
0 0.765137 0.758464 0.069336 0.074219
0 0.787109 0.790365 0.072266 0.065104
0 0.793457 0.841797 0.077148 0.071615
0 0.817383 0.882161 0.060547 0.066406
0 0.825195 0.933594 0.070313 0.067708
0 0.833984 0.972656 0.068359 0.054688
0 0.731934 0.126302 0.073242 0.080729
0 0.747070 0.171875 0.072266 0.075521
0 0.766602 0.220052 0.076172 0.083333
0 0.785156 0.260417 0.080078 0.080729
0 0.802246 0.309245 0.077148 0.071615
0 0.811035 0.354818 0.071289 0.061198
0 0.827148 0.397135 0.068359 0.067708
0 0.842773 0.441406 0.080078 0.070313
0 0.864258 0.529948 0.066406 0.070313
0 0.887207 0.567057 0.077148 0.071615
0 0.898926 0.612630 0.059570 0.058594
2 0.907715 0.659505 0.081055 0.076823
2 0.923340 0.702474 0.084961 0.084635
0 0.940430 0.742839 0.066406 0.071615
0 0.958008 0.785807 0.066406 0.069010
0 0.967285 0.834635 0.065430 0.070313
0 0.932617 0.173177 0.068359 0.065104
0 0.947266 0.214193 0.072266 0.069010
0 0.953613 0.264323 0.073242 0.075521
0 0.968750 0.305990 0.062500 0.070313