0 0.072754 0.388672 0.071289 0.063802
0 0.077637 0.438802 0.067383 0.057292
0 0.115723 0.576172 0.073242 0.063802
2 0.127441 0.673828 0.081055 0.069010
0 0.127930 0.734375 0.083984 0.075521
0 0.387207 0.149740 0.075195 0.085938
0 0.411621 0.250651 0.079102 0.061198
0 0.413574 0.299479 0.073242 0.054688
0 0.434570 0.403646 0.082031 0.059896
2 0.455078 0.506510 0.078125 0.065104
10 0.505371 0.759766 0.055664 0.115885
1 0.518555 0.237630 0.070313 0.139323
0 0.575195 0.500651 0.052734 0.110677
2 0.688477 0.352214 0.054688 0.136719
2 0.700684 0.470052 0.057617 0.096354
2 0.719727 0.548828 0.072266 0.095052
2 0.742676 0.602865 0.086914 0.104167
2 0.760254 0.693359 0.073242 0.092448
2 0.772461 0.757161 0.072266 0.084635
10 0.792969 0.847656 0.095703 0.072917
10 0.815430 0.923828 0.082031 0.076823