2 0.176270 0.141276 0.051758 0.095052
2 0.216797 0.253255 0.056641 0.108073
0 0.115723 0.901042 0.059570 0.080729
0 0.152344 0.873698 0.060547 0.067708
0 0.196777 0.852865 0.073242 0.088542
0 0.260742 0.828125 0.078125 0.088542
0 0.286621 0.796224 0.067383 0.076823
0 0.322754 0.770182 0.071289 0.079427
4 0.341797 0.559896 0.140625 0.281250
4 0.469238 0.486979 0.125977 0.242188
4 0.526855 0.474609 0.124023 0.261719
4 0.568359 0.408854 0.144531 0.304688
4 0.623047 0.370443 0.119141 0.251302
4 0.402344 0.167969 0.140625 0.286458