0 0.220215 0.135417 0.077148 0.104167
0 0.202148 0.341797 0.068359 0.095052
0 0.036133 0.601563 0.072266 0.085938
2 0.056641 0.388672 0.097656 0.141927
2 0.541016 0.373698 0.076172 0.098958
10 0.617676 0.270833 0.092773 0.125000
0 0.672363 0.062500 0.061523 0.104167
0 0.730469 0.059245 0.070313 0.097656
0 0.953125 0.448568 0.064453 0.089844
0 0.976074 0.474609 0.047852 0.092448
2 0.703125 0.599609 0.087891 0.134115
2 0.682617 0.660807 0.068359 0.113281
0 0.393555 0.548177 0.066406 0.085938
2 0.358398 0.707682 0.082031 0.084635