2 0.887207 0.201172 0.053711 0.134115
0 0.812012 0.436198 0.075195 0.093750
0 0.718262 0.573568 0.065430 0.089844
0 0.724121 0.789063 0.071289 0.091146
0 0.644043 0.684245 0.059570 0.087240
0 0.528809 0.927734 0.067383 0.087240
10 0.522949 0.691406 0.094727 0.148438
2 0.313965 0.173177 0.073242 0.085938
2 0.291016 0.212891 0.076172 0.089844
2 0.271973 0.261719 0.073242 0.078125
2 0.253418 0.307292 0.090820 0.101563
2 0.231934 0.360677 0.088867 0.101563
10 0.203613 0.395833 0.102539 0.109375
2 0.189941 0.444010 0.084961 0.098958
0 0.173340 0.496745 0.075195 0.076823
2 0.145508 0.533854 0.089844 0.101563
0 0.136230 0.587891 0.059570 0.069010
2 0.100098 0.615885 0.092773 0.104167
0 0.092773 0.669922 0.068359 0.076823
0 0.364746 0.234375 0.055664 0.098958
0 0.329590 0.319010 0.055664 0.088542
0 0.290039 0.404948 0.052734 0.091146
0 0.254883 0.483073 0.056641 0.088542
0 0.404297 0.370443 0.066406 0.074219
0 0.385254 0.439453 0.073242 0.069010
0 0.353027 0.504557 0.071289 0.053385
0 0.328125 0.564453 0.072266 0.055990
0 0.306152 0.613281 0.073242 0.054688
0 0.280273 0.668620 0.070313 0.053385
0 0.254883 0.725260 0.070313 0.046875
0 0.229980 0.780599 0.071289 0.050781