2 0.153320 0.116536 0.048828 0.144531
0 0.077637 0.353516 0.065430 0.097656
0 0.287598 0.186849 0.051758 0.097656
2 0.365234 0.624349 0.085938 0.108073
0 0.445801 0.693359 0.036133 0.102865
0 0.483887 0.740885 0.038086 0.083333
0 0.534668 0.761719 0.049805 0.098958
0 0.785645 0.473958 0.071289 0.083333
0 0.746094 0.512370 0.068359 0.071615
0 0.876465 0.555339 0.081055 0.087240
2 0.834473 0.588542 0.075195 0.085938
0 0.922363 0.666667 0.065430 0.070313
0 0.958008 0.623698 0.074219 0.085938
0 0.901855 0.750000 0.071289 0.072917