2 0.820313 0.083984 0.085938 0.108073
1 0.639160 0.302734 0.161133 0.227865
0 0.610352 0.635417 0.072266 0.098958
0 0.736816 0.692708 0.086914 0.059896
0 0.683594 0.765625 0.082031 0.062500
0 0.647949 0.821615 0.079102 0.052083
0 0.643555 0.879557 0.074219 0.050781
0 0.642090 0.936198 0.079102 0.059896
0 0.408203 0.639323 0.056641 0.083333
0 0.299805 0.783203 0.064453 0.095052
0 0.284668 0.713542 0.063477 0.088542
0 0.236328 0.784505 0.060547 0.087240
2 0.315430 0.447917 0.076172 0.106771
10 0.146973 0.514323 0.071289 0.104167
0 0.254395 0.538411 0.049805 0.076823