0 0.029785 0.177083 0.057617 0.070313
0 0.041016 0.262370 0.060547 0.092448
0 0.077148 0.225911 0.060547 0.095052
2 0.145508 0.883464 0.080078 0.134115
2 0.186035 0.835286 0.086914 0.144531
0 0.593750 0.488281 0.066406 0.093750
0 0.627930 0.468099 0.058594 0.095052
0 0.686523 0.399089 0.060547 0.095052
0 0.345703 0.179688 0.060547 0.088542
2 0.490723 0.295573 0.057617 0.091146
0 0.547852 0.236328 0.062500 0.095052
0 0.673828 0.139323 0.056641 0.096354
0 0.769043 0.065104 0.061523 0.109375
0 0.810547 0.291667 0.060547 0.093750