0 0.076172 0.549479 0.076172 0.098958
0 0.241211 0.790365 0.074219 0.104167
0 0.468262 0.328125 0.106445 0.080729
0 0.597656 0.205078 0.060547 0.115885
0 0.487793 0.831380 0.086914 0.126302
0 0.460938 0.521484 0.076172 0.092448
0 0.606934 0.358073 0.059570 0.085938
0 0.648438 0.327474 0.066406 0.102865
0 0.698730 0.316406 0.075195 0.135417
0 0.745605 0.270833 0.059570 0.122396
0 0.785645 0.239583 0.063477 0.135417
0 0.692871 0.441406 0.065430 0.125000
0 0.740723 0.427083 0.061523 0.111979
0 0.774414 0.387370 0.056641 0.121094
0 0.824219 0.354167 0.054688 0.114583
0 0.781738 0.530599 0.059570 0.105469
0 0.832031 0.633464 0.070313 0.115885
0 0.869629 0.591797 0.061523 0.118490
0 0.933105 0.395182 0.047852 0.113281
0 0.944336 0.524740 0.046875 0.109375
0 0.906250 0.536458 0.054688 0.130208
0 0.883789 0.416016 0.056641 0.131510
0 0.843262 0.475911 0.055664 0.113281