0 0.340332 0.098958 0.088867 0.080729
0 0.312012 0.169271 0.098633 0.096354
0 0.272461 0.225260 0.085938 0.083333
0 0.250977 0.292318 0.101563 0.102865
0 0.178223 0.429036 0.083008 0.092448
0 0.143066 0.716797 0.086914 0.102865
0 0.247070 0.802083 0.085938 0.096354
0 0.349609 0.899740 0.083984 0.098958
0 0.719238 0.946615 0.088867 0.101563
0 0.699707 0.756510 0.083008 0.104167
0 0.674805 0.822917 0.078125 0.098958
0 0.629395 0.875000 0.083008 0.093750
0 0.592285 0.225260 0.088867 0.109375
0 0.564941 0.272135 0.075195 0.083333
0 0.508301 0.350260 0.092773 0.101563
0 0.473633 0.418620 0.082031 0.102865
0 0.521484 0.570964 0.095703 0.100260
0 0.435059 0.483073 0.096680 0.104167
0 0.480469 0.645182 0.078125 0.095052
0 0.440430 0.695313 0.080078 0.096354
0 0.388184 0.563151 0.092773 0.110677
0 0.367188 0.617188 0.078125 0.098958
0 0.324707 0.683594 0.083008 0.101563
0 0.395996 0.751953 0.079102 0.108073
0 0.388672 0.036458 0.083984 0.072917