0 0.058594 0.073568 0.060547 0.136719
0 0.102051 0.083984 0.065430 0.126302
0 0.152832 0.101563 0.057617 0.119792
0 0.200684 0.122396 0.051758 0.119792
0 0.247070 0.131510 0.054688 0.135417
0 0.298340 0.152344 0.057617 0.135417
0 0.341797 0.167318 0.058594 0.131510
0 0.385742 0.196615 0.058594 0.119792
0 0.457031 0.235677 0.068359 0.135417
0 0.656250 0.296224 0.060547 0.121094
0 0.692871 0.326823 0.059570 0.117188
2 0.743164 0.332682 0.060547 0.139323
0 0.789063 0.332031 0.060547 0.130208
1 0.832520 0.804688 0.125977 0.283854