0 0.118164 0.103516 0.109375 0.089844
0 0.129883 0.180339 0.123047 0.097656
0 0.146973 0.324219 0.116211 0.078125
0 0.160645 0.452474 0.112305 0.082031
0 0.161133 0.531250 0.119141 0.075521
10 0.264160 0.749349 0.067383 0.178385
0 0.318359 0.773438 0.054688 0.130208
0 0.372070 0.781250 0.052734 0.153646
0 0.517090 0.800781 0.065430 0.161458
0 0.720703 0.821615 0.058594 0.151042
0 0.931641 0.852865 0.056641 0.153646
0 0.894531 0.372396 0.058594 0.135417
0 0.931641 0.536458 0.062500 0.156250
0 0.829590 0.511068 0.051758 0.162760
0 0.835938 0.347005 0.054688 0.154948
0 0.778809 0.354818 0.051758 0.154948
0 0.715332 0.494792 0.055664 0.143229
0 0.563965 0.463542 0.047852 0.145833
0 0.457031 0.444661 0.054688 0.147135
0 0.631836 0.309896 0.054688 0.143229
0 0.580566 0.311849 0.047852 0.157552
2 0.484863 0.283854 0.059570 0.161458
2 0.419434 0.284505 0.061523 0.152344