0 0.079102 0.070964 0.103516 0.076823
0 0.071777 0.367188 0.110352 0.070313
0 0.320313 0.150391 0.109375 0.074219
0 0.323730 0.236328 0.116211 0.071615
0 0.446289 0.290365 0.111328 0.070313
0 0.325195 0.369792 0.119141 0.075521
0 0.311035 0.507161 0.096680 0.069010
0 0.313965 0.660156 0.114258 0.070313
0 0.444336 0.667969 0.113281 0.072917
0 0.590332 0.409505 0.094727 0.123698
0 0.697266 0.071615 0.097656 0.078125
0 0.821289 0.190104 0.083984 0.072917
0 0.814941 0.316406 0.112305 0.067708
0 0.807617 0.388672 0.111328 0.076823
0 0.675293 0.531901 0.108398 0.076823
0 0.662598 0.756510 0.090820 0.078125
0 0.818848 0.470052 0.118164 0.072917
0 0.803711 0.615234 0.097656 0.071615
0 0.791504 0.690755 0.098633 0.069010
0 0.794922 0.833333 0.103516 0.070313
0 0.773926 0.976563 0.114258 0.046875