2 0.094238 0.532552 0.065430 0.078125
0 0.252441 0.492839 0.063477 0.071615
2 0.262695 0.538411 0.070313 0.082031
0 0.293945 0.617839 0.064453 0.071615
0 0.349609 0.574870 0.058594 0.092448
0 0.375000 0.615234 0.070313 0.092448
0 0.386719 0.678385 0.062500 0.096354
0 0.507813 0.387370 0.033203 0.105469
0 0.543457 0.361979 0.040039 0.114583
0 0.578125 0.339844 0.033203 0.106771
0 0.614258 0.306641 0.033203 0.102865
0 0.647949 0.287760 0.043945 0.106771
0 0.683594 0.261719 0.046875 0.109375
0 0.829590 0.281901 0.065430 0.084635
0 0.871582 0.349609 0.071289 0.089844
2 0.842773 0.379557 0.076172 0.095052
0 0.798828 0.423177 0.074219 0.093750
0 0.773438 0.451823 0.068359 0.072917
2 0.738281 0.470703 0.074219 0.084635
0 0.688477 0.496094 0.070313 0.078125
0 0.617676 0.546875 0.083008 0.075521
0 0.320801 0.693359 0.071289 0.079427