0 0.062500 0.111328 0.089844 0.079427
0 0.160645 0.322266 0.086914 0.082031
2 0.848145 0.412109 0.092773 0.082031
0 0.884766 0.604818 0.078125 0.071615
0 0.886719 0.664063 0.082031 0.091146
0 0.788086 0.622396 0.070313 0.070313
0 0.698242 0.585286 0.078125 0.082031
0 0.609375 0.539714 0.080078 0.084635
0 0.402832 0.436849 0.081055 0.092448
0 0.936523 0.800781 0.044922 0.114583
0 0.890625 0.789063 0.048828 0.117188
0 0.854004 0.761719 0.041992 0.106771
0 0.815918 0.738281 0.041992 0.111979
0 0.777832 0.722005 0.045898 0.113281
0 0.740723 0.705729 0.047852 0.106771
0 0.701172 0.685547 0.046875 0.108073
0 0.546387 0.616536 0.045898 0.115885
0 0.470703 0.570313 0.048828 0.122396
0 0.428711 0.548828 0.042969 0.110677
0 0.389648 0.524089 0.037109 0.095052
0 0.353516 0.514323 0.044922 0.114583
0 0.318359 0.492839 0.042969 0.113281
0 0.279785 0.477214 0.049805 0.108073
0 0.237793 0.452474 0.047852 0.115885
0 0.203613 0.436198 0.041992 0.096354
0 0.167480 0.425781 0.047852 0.106771