0 0.926758 0.126953 0.083984 0.061198
0 0.577148 0.299479 0.068359 0.070313
0 0.509277 0.320964 0.073242 0.069010
0 0.439941 0.350260 0.065430 0.067708
0 0.372070 0.378255 0.070313 0.066406
0 0.317871 0.400391 0.061523 0.055990
0 0.255859 0.425781 0.072266 0.065104
0 0.126953 0.466146 0.066406 0.067708
0 0.050293 0.502604 0.071289 0.065104
0 0.327637 0.240234 0.077148 0.074219
4 0.886719 0.572917 0.074219 0.333333
4 0.843262 0.589193 0.071289 0.324219
4 0.745117 0.622396 0.068359 0.325521
4 0.640625 0.660807 0.083984 0.329427
4 0.547852 0.695313 0.068359 0.328125