0 0.277832 0.070964 0.041992 0.087240
0 0.296875 0.146484 0.054688 0.089844
0 0.314941 0.231120 0.041992 0.089844
0 0.355469 0.430339 0.044922 0.084635
0 0.381836 0.568359 0.044922 0.092448
0 0.396484 0.654297 0.041016 0.089844
0 0.415527 0.736328 0.040039 0.082031
0 0.432617 0.813802 0.048828 0.109375
0 0.455566 0.904297 0.051758 0.118490
0 0.534180 0.184896 0.048828 0.091146
0 0.569336 0.334635 0.044922 0.091146
0 0.583496 0.414063 0.041992 0.085938
0 0.597656 0.498047 0.044922 0.095052
0 0.620605 0.598307 0.045898 0.105469