0 0.701172 0.039063 0.052734 0.078125
0 0.638184 0.202474 0.055664 0.082031
0 0.633301 0.302083 0.063477 0.091146
0 0.877441 0.352214 0.055664 0.082031
0 0.826172 0.363281 0.054688 0.085938
0 0.754395 0.555339 0.055664 0.089844
0 0.810547 0.546875 0.052734 0.091146
0 0.944824 0.600260 0.053711 0.085938
0 0.956055 0.917318 0.052734 0.092448
2 0.897949 0.913411 0.051758 0.089844
0 0.554199 0.766927 0.055664 0.083333
0 0.061035 0.626953 0.061523 0.061198
0 0.054199 0.714844 0.069336 0.062500
0 0.056641 0.800130 0.064453 0.055990