14 0.439453 0.102214 0.109375 0.071615
14 0.430176 0.147135 0.118164 0.072917
14 0.437988 0.201172 0.098633 0.055990
14 0.436523 0.241536 0.091797 0.055990
14 0.434082 0.284505 0.102539 0.055990
14 0.431152 0.328776 0.112305 0.058594
14 0.435059 0.373698 0.104492 0.057292
14 0.439941 0.427734 0.104492 0.058594
14 0.441406 0.472656 0.101563 0.065104
14 0.457520 0.559896 0.088867 0.049479
14 0.457520 0.598958 0.094727 0.072917
14 0.466309 0.642578 0.096680 0.048177
14 0.452637 0.723307 0.129883 0.082031
14 0.479492 0.764323 0.113281 0.067708
14 0.466797 0.823568 0.150391 0.069010
14 0.466309 0.869792 0.151367 0.065104
14 0.456055 0.917318 0.160156 0.053385
14 0.477051 0.966797 0.139648 0.066406