0 0.715820 0.126302 0.048828 0.122396
0 0.192871 0.360677 0.047852 0.138021
0 0.116211 0.360026 0.048828 0.128906
0 0.037109 0.458333 0.044922 0.114583
0 0.270996 0.378906 0.041992 0.125000
0 0.089844 0.701823 0.037109 0.096354
0 0.047852 0.723307 0.037109 0.123698
0 0.260742 0.733724 0.042969 0.139323
0 0.461426 0.754557 0.047852 0.134115
0 0.342285 0.731771 0.047852 0.135417
0 0.702637 0.779948 0.053711 0.132813
0 0.812500 0.779948 0.037109 0.109375
0 0.659180 0.512370 0.044922 0.126302
0 0.582031 0.506510 0.050781 0.138021
0 0.734863 0.516276 0.053711 0.126302
0 0.784668 0.403646 0.045898 0.106771