14 0.140137 0.332031 0.143555 0.125000
14 0.190430 0.423828 0.125000 0.113281
14 0.381836 0.505859 0.085938 0.095052
14 0.413086 0.542318 0.119141 0.105469
14 0.409668 0.606120 0.086914 0.082031
14 0.443359 0.641927 0.123047 0.109375
14 0.457031 0.707031 0.107422 0.111979
14 0.553223 0.925781 0.129883 0.125000
14 0.525391 0.300781 0.130859 0.151042
14 0.656738 0.160807 0.067383 0.071615
14 0.684570 0.199870 0.064453 0.069010
14 0.697266 0.236328 0.070313 0.079427
14 0.718750 0.272786 0.068359 0.084635
14 0.766602 0.359375 0.080078 0.093750
14 0.801758 0.432943 0.083984 0.102865
14 0.824219 0.470703 0.078125 0.102865
14 0.843262 0.518880 0.096680 0.128906
14 0.874023 0.558594 0.093750 0.111979
14 0.928223 0.635417 0.094727 0.111979
14 0.950195 0.675781 0.078125 0.088542