14 0.199707 0.062500 0.106445 0.125000
14 0.236328 0.083984 0.089844 0.110677
14 0.262695 0.116536 0.076172 0.100260
14 0.285156 0.159505 0.082031 0.108073
14 0.308594 0.207031 0.087891 0.111979
14 0.333984 0.236979 0.078125 0.098958
14 0.354004 0.279948 0.086914 0.114583
14 0.377930 0.318359 0.083984 0.115885
14 0.437500 0.445313 0.109375 0.145833
14 0.467285 0.477865 0.098633 0.122396
14 0.483398 0.531250 0.107422 0.119792
14 0.516113 0.572917 0.106445 0.132813
14 0.541504 0.619792 0.104492 0.140625
14 0.568848 0.662760 0.104492 0.135417
14 0.601074 0.707031 0.090820 0.111979
14 0.635254 0.735026 0.069336 0.110677
14 0.754395 0.741536 0.073242 0.108073