0 0.635254 0.114583 0.073242 0.065104
0 0.555664 0.074219 0.078125 0.078125
0 0.276367 0.096354 0.083984 0.067708
0 0.317383 0.226563 0.076172 0.065104
0 0.307617 0.266276 0.076172 0.066406
0 0.233398 0.460938 0.083984 0.072917
0 0.490723 0.253906 0.077148 0.072917
0 0.555664 0.343750 0.078125 0.072917
0 0.471191 0.354818 0.077148 0.069010
2 0.468750 0.583333 0.078125 0.078125
2 0.434082 0.667318 0.077148 0.079427
2 0.406250 0.764323 0.074219 0.070313
2 0.491211 0.755859 0.083984 0.084635
0 0.451172 0.627604 0.082031 0.078125
0 0.538086 0.619792 0.072266 0.065104
0 0.525879 0.666016 0.081055 0.076823
0 0.505859 0.705729 0.068359 0.072917
0 0.767090 0.739583 0.075195 0.072917
0 0.740234 0.783203 0.078125 0.074219
0 0.731445 0.825521 0.074219 0.067708
0 0.713867 0.865885 0.078125 0.075521
0 0.697266 0.910156 0.070313 0.067708
2 0.693359 0.960286 0.082031 0.071615
0 0.923828 0.825521 0.078125 0.078125
0 0.907715 0.870443 0.083008 0.074219
2 0.901367 0.910807 0.076172 0.076823
0 0.370117 0.570313 0.042969 0.109375