1 0.117188 0.313802 0.070313 0.174479
0 0.172363 0.699870 0.063477 0.102865
0 0.133789 0.801432 0.058594 0.115885
0 0.330566 0.923828 0.071289 0.092448
2 0.532227 0.877604 0.062500 0.098958
0 0.537109 0.729818 0.052734 0.087240
0 0.601074 0.614583 0.063477 0.091146
0 0.625488 0.681641 0.061523 0.095052
0 0.049316 0.500000 0.043945 0.106771
0 0.714355 0.632813 0.057617 0.101563
0 0.769531 0.721354 0.058594 0.104167
0 0.838867 0.182292 0.060547 0.101563
0 0.660645 0.501953 0.055664 0.087240
0 0.768555 0.523438 0.058594 0.104167
2 0.841797 0.376953 0.066406 0.105469
0 0.959473 0.128255 0.059570 0.089844