0 0.956543 0.368490 0.071289 0.059896
2 0.839844 0.410156 0.085938 0.078125
0 0.547363 0.098307 0.036133 0.108073
0 0.680176 0.255859 0.069336 0.061198
0 0.526367 0.350260 0.039063 0.104167
0 0.536621 0.227865 0.043945 0.114583
0 0.282227 0.081380 0.039063 0.097656
0 0.327148 0.445313 0.039063 0.114583
0 0.536133 0.735677 0.072266 0.083333
0 0.224609 0.109375 0.035156 0.101563
0 0.264160 0.511068 0.041992 0.102865
0 0.305176 0.792318 0.041992 0.100260
0 0.317383 0.912109 0.044922 0.102865
0 0.177246 0.333333 0.036133 0.114583
0 0.236816 0.800781 0.038086 0.098958
0 0.160156 0.626302 0.044922 0.101563
0 0.204590 0.515625 0.038086 0.098958
0 0.124512 0.329427 0.041992 0.096354
0 0.766602 0.559896 0.068359 0.062500
0 0.161133 0.134766 0.035156 0.105469
0 0.116211 0.189453 0.042969 0.097656