2 0.163086 0.449219 0.083984 0.070313
2 0.192871 0.585286 0.067383 0.063802
2 0.271484 0.843750 0.054688 0.117188
2 0.352539 0.389323 0.058594 0.114583
2 0.517090 0.323568 0.077148 0.074219
2 0.561035 0.490885 0.081055 0.075521
2 0.491211 0.571615 0.033203 0.106771
2 0.536621 0.733073 0.083008 0.106771
2 0.396973 0.839844 0.081055 0.083333
2 0.618652 0.680339 0.079102 0.074219
0 0.708984 0.535156 0.074219 0.078125
0 0.693359 0.408854 0.068359 0.065104
0 0.663574 0.337891 0.075195 0.079427
0 0.629883 0.214844 0.070313 0.075521
0 0.649902 0.292969 0.071289 0.080729
2 0.450195 0.364583 0.050781 0.104167
0 0.456543 0.522135 0.045898 0.104167
0 0.402344 0.630859 0.048828 0.105469
0 0.337891 0.607422 0.068359 0.074219
0 0.344727 0.652995 0.072266 0.076823
0 0.619141 0.175781 0.068359 0.075521
0 0.589844 0.587240 0.068359 0.070313
0 0.609375 0.133464 0.068359 0.074219
0 0.509766 0.045573 0.048828 0.091146
0 0.481934 0.063802 0.045898 0.106771
0 0.452637 0.073568 0.049805 0.102865
0 0.423340 0.085286 0.057617 0.105469
0 0.054688 0.229818 0.041016 0.121094
0 0.023926 0.233073 0.040039 0.098958
0 0.289551 0.419922 0.067383 0.069010