0 0.304199 0.171224 0.051758 0.108073
2 0.218750 0.367839 0.066406 0.139323
2 0.352051 0.881510 0.067383 0.164063
2 0.743164 0.558594 0.101563 0.098958
2 0.878418 0.686849 0.059570 0.152344
2 0.839844 0.705729 0.066406 0.151042
0 0.629883 0.757161 0.044922 0.089844
0 0.526367 0.777344 0.052734 0.111979
0 0.743652 0.792318 0.045898 0.092448
0 0.464355 0.609375 0.041992 0.085938
0 0.265137 0.533854 0.071289 0.065104
0 0.276855 0.580729 0.073242 0.054688
0 0.290527 0.625651 0.067383 0.055990
0 0.311035 0.680990 0.077148 0.065104