0 0.110352 0.377604 0.064453 0.065104
0 0.438965 0.348958 0.036133 0.088542
0 0.482422 0.587891 0.035156 0.095052
0 0.554199 0.585286 0.036133 0.097656
0 0.486328 0.398438 0.035156 0.104167
0 0.643066 0.129557 0.034180 0.089844
4 0.884766 0.628906 0.101563 0.307292
0 0.715820 0.402995 0.041016 0.102865
0 0.602539 0.671875 0.041016 0.106771
0 0.730957 0.257813 0.041992 0.098958
0 0.604980 0.180339 0.038086 0.100260
0 0.557617 0.454427 0.035156 0.093750
0 0.536621 0.839193 0.038086 0.082031
0 0.661621 0.835286 0.041992 0.097656