0 0.104492 0.338542 0.083984 0.078125
2 0.094727 0.412109 0.103516 0.095052
0 0.224609 0.831380 0.044922 0.115885
0 0.275391 0.830729 0.050781 0.117188
0 0.314941 0.860026 0.047852 0.110677
0 0.315918 0.429036 0.073242 0.069010
0 0.343262 0.323568 0.083008 0.063802
0 0.483398 0.453125 0.072266 0.065104
0 0.973633 0.280599 0.048828 0.115885
0 0.955566 0.146484 0.040039 0.115885
0 0.851074 0.352865 0.047852 0.127604
0 0.824219 0.230469 0.044922 0.119792
0 0.676758 0.114583 0.048828 0.111979
0 0.481445 0.386068 0.078125 0.061198
0 0.399414 0.078776 0.076172 0.095052
0 0.510254 0.802083 0.065430 0.098958