14 0.255859 0.740885 0.072266 0.054688
14 0.452148 0.914063 0.074219 0.052083
14 0.451172 0.849609 0.240234 0.115885
14 0.446777 0.738281 0.284180 0.122396
14 0.856934 0.701823 0.264648 0.143229
14 0.857422 0.815104 0.236328 0.119792
14 0.919434 0.307943 0.041992 0.113281
14 0.851563 0.312500 0.035156 0.085938
14 0.744629 0.309896 0.040039 0.101563
14 0.666016 0.318359 0.044922 0.108073
14 0.706055 0.318359 0.037109 0.115885
14 0.631836 0.315755 0.041016 0.102865
14 0.541992 0.322917 0.041016 0.114583
14 0.454590 0.341797 0.041992 0.110677
14 0.418945 0.332031 0.041016 0.098958
2 0.341309 0.355469 0.047852 0.127604
0 0.256836 0.345703 0.044922 0.110677
0 0.140137 0.361979 0.040039 0.109375
0 0.182129 0.360677 0.038086 0.098958
2 0.043945 0.390625 0.048828 0.132813