14 0.146484 0.766927 0.089844 0.348958
14 0.425293 0.666667 0.059570 0.177083
14 0.558105 0.791016 0.094727 0.386719
14 0.731934 0.591797 0.237305 0.147135
14 0.768066 0.485026 0.260742 0.102865
0 0.956055 0.064453 0.039063 0.108073
0 0.919922 0.072266 0.039063 0.105469
2 0.872070 0.074870 0.044922 0.128906
0 0.834961 0.068359 0.035156 0.105469
0 0.766602 0.074870 0.035156 0.092448
0 0.729004 0.080729 0.036133 0.088542
0 0.612793 0.080078 0.041992 0.095052
0 0.536621 0.094401 0.040039 0.105469
0 0.497559 0.097656 0.038086 0.106771
0 0.385742 0.119792 0.044922 0.109375
0 0.345703 0.121745 0.044922 0.121094
0 0.309082 0.116536 0.040039 0.095052
0 0.274902 0.109375 0.038086 0.088542
0 0.244141 0.115885 0.042969 0.106771
0 0.203613 0.121745 0.041992 0.121094
0 0.166992 0.123047 0.042969 0.108073