14 0.065430 0.158854 0.056641 0.114583
14 0.097168 0.169922 0.057617 0.131510
14 0.133301 0.197917 0.065430 0.135417
14 0.169922 0.232422 0.054688 0.115885
14 0.205078 0.246745 0.064453 0.139323
14 0.238281 0.270833 0.066406 0.127604
14 0.270508 0.287760 0.080078 0.140625
14 0.375977 0.346354 0.070313 0.138021
14 0.516602 0.421224 0.074219 0.149740
14 0.552734 0.451823 0.066406 0.140625
14 0.629883 0.497396 0.076172 0.148438
14 0.703613 0.556641 0.061523 0.113281
14 0.739746 0.574219 0.077148 0.138021
14 0.881836 0.664714 0.072266 0.136719
14 0.850098 0.621745 0.071289 0.136719
14 0.070801 0.392578 0.069336 0.154948
14 0.125488 0.412760 0.061523 0.140625
14 0.168945 0.468750 0.083984 0.192708
14 0.214844 0.479167 0.074219 0.151042
14 0.257813 0.503906 0.066406 0.140625
14 0.299805 0.529297 0.074219 0.175781
14 0.349609 0.552083 0.072266 0.171875
14 0.396973 0.595703 0.081055 0.188802
14 0.491211 0.673177 0.083984 0.197917
14 0.588867 0.719401 0.103516 0.220052
14 0.684082 0.756510 0.081055 0.153646
14 0.764160 0.817708 0.075195 0.151042
14 0.810547 0.844401 0.083984 0.170573
14 0.906738 0.902995 0.081055 0.147135