0 0.376953 0.807292 0.082031 0.075521
0 0.565918 0.191406 0.088867 0.075521
0 0.543945 0.240885 0.087891 0.080729
0 0.528809 0.299479 0.086914 0.078125
0 0.412598 0.685547 0.092773 0.089844
0 0.395020 0.735026 0.083008 0.076823
0 0.770020 0.213542 0.081055 0.078125
0 0.747070 0.261068 0.080078 0.076823
0 0.720703 0.350911 0.089844 0.092448
0 0.694336 0.449219 0.083984 0.078125
0 0.679688 0.495443 0.085938 0.074219
0 0.664063 0.546875 0.087891 0.083333
0 0.641113 0.642578 0.075195 0.074219
0 0.620605 0.692057 0.084961 0.076823