1 0.696289 0.335938 0.066406 0.169271
1 0.684082 0.931641 0.081055 0.136719
0 0.664063 0.387370 0.037109 0.105469
0 0.634277 0.401042 0.036133 0.091146
2 0.600098 0.409505 0.051758 0.108073
2 0.535156 0.423828 0.042969 0.113281
2 0.505859 0.433594 0.046875 0.104167
0 0.442383 0.439453 0.044922 0.097656
2 0.375000 0.462240 0.050781 0.104167
2 0.338379 0.467448 0.041992 0.101563
2 0.312988 0.482422 0.041992 0.097656
2 0.280273 0.483073 0.042969 0.106771
2 0.245117 0.491536 0.041016 0.100260
0 0.211914 0.490885 0.041016 0.098958
2 0.182617 0.501302 0.044922 0.101563
0 0.152344 0.520833 0.050781 0.106771