1 0.287598 0.441406 0.083008 0.164063
0 0.105957 0.879557 0.061523 0.121094
0 0.201660 0.496745 0.051758 0.110677
0 0.355469 0.185547 0.050781 0.108073
0 0.327637 0.300781 0.057617 0.114583
0 0.248047 0.599609 0.054688 0.121094
0 0.206543 0.730469 0.055664 0.127604
0 0.173340 0.840495 0.055664 0.126302
0 0.794434 0.106771 0.077148 0.072917
0 0.780273 0.158203 0.076172 0.066406
0 0.766602 0.199870 0.064453 0.058594
0 0.670898 0.219401 0.087891 0.074219
0 0.931641 0.321615 0.074219 0.072917
0 0.743652 0.314453 0.077148 0.074219
0 0.647949 0.319661 0.075195 0.076823
0 0.729980 0.365885 0.077148 0.065104
0 0.716797 0.414714 0.078125 0.076823
0 0.697266 0.463542 0.089844 0.072917
0 0.689453 0.514974 0.082031 0.069010
0 0.678711 0.566406 0.083984 0.070313
0 0.644531 0.664063 0.082031 0.072917
0 0.880371 0.516927 0.079102 0.080729
0 0.545898 0.680339 0.091797 0.084635
0 0.512207 0.843750 0.088867 0.080729
0 0.609863 0.473958 0.081055 0.080729