14 0.475098 0.770182 0.043945 0.115885
14 0.386719 0.856120 0.060547 0.134115
14 0.181641 0.807292 0.076172 0.205729
14 0.090820 0.749349 0.064453 0.152344
14 0.451172 0.705729 0.041016 0.088542
14 0.419434 0.675781 0.051758 0.109375
14 0.383301 0.662109 0.059570 0.121094
14 0.313965 0.654948 0.051758 0.106771
14 0.278809 0.643880 0.043945 0.105469
14 0.138672 0.575521 0.048828 0.125000
14 0.103027 0.572266 0.041992 0.115885
14 0.066895 0.570313 0.041992 0.096354
14 0.938965 0.148438 0.051758 0.122396
14 0.904297 0.158854 0.046875 0.122396
14 0.839355 0.154297 0.043945 0.126302
14 0.809570 0.170573 0.035156 0.130208
14 0.775391 0.180339 0.039063 0.118490
14 0.735352 0.190104 0.042969 0.119792
14 0.697754 0.203776 0.034180 0.128906
14 0.662598 0.200521 0.043945 0.125000
14 0.630859 0.205729 0.039063 0.132813
14 0.600098 0.208333 0.036133 0.127604
14 0.572266 0.200521 0.039063 0.130208
14 0.538086 0.190104 0.035156 0.138021
14 0.503418 0.193359 0.036133 0.123698
14 0.413574 0.182292 0.043945 0.119792
14 0.389648 0.154948 0.037109 0.125000
14 0.355957 0.147135 0.038086 0.119792
14 0.329102 0.131510 0.035156 0.125000
14 0.293945 0.125651 0.039063 0.113281
14 0.258301 0.128255 0.036133 0.126302
14 0.229004 0.113281 0.034180 0.119792
14 0.190918 0.112630 0.038086 0.115885
14 0.155762 0.107422 0.038086 0.123698
14 0.124512 0.091146 0.038086 0.111979
14 0.093750 0.072917 0.039063 0.117188
14 0.057617 0.078776 0.042969 0.121094