14 0.439453 0.058594 0.117188 0.117188
14 0.408691 0.116536 0.112305 0.115885
14 0.372559 0.235677 0.092773 0.096354
14 0.334961 0.294271 0.099609 0.106771
14 0.295898 0.349609 0.142578 0.152344
14 0.141113 0.330729 0.198242 0.200521
14 0.454102 0.602865 0.167969 0.169271
14 0.664063 0.777995 0.121094 0.152344
14 0.820801 0.904297 0.114258 0.126302
14 0.557617 0.194661 0.123047 0.115885
14 0.530273 0.252604 0.111328 0.106771
14 0.474609 0.328776 0.066406 0.074219
14 0.465332 0.387370 0.088867 0.105469
14 0.786133 0.363281 0.095703 0.101563
14 0.928711 0.072266 0.076172 0.079427
14 0.916992 0.108073 0.066406 0.067708
14 0.893555 0.142578 0.074219 0.074219