14 0.482910 0.116536 0.092773 0.095052
14 0.456543 0.158203 0.077148 0.074219
14 0.338379 0.057943 0.106445 0.110677
14 0.444824 0.211589 0.088867 0.089844
14 0.315430 0.107422 0.091797 0.087240
14 0.411621 0.248047 0.083008 0.084635
14 0.292480 0.162760 0.110352 0.109375
14 0.398438 0.293620 0.085938 0.074219
14 0.265625 0.214193 0.117188 0.123698
14 0.342773 0.433594 0.091797 0.098958
14 0.208984 0.371745 0.080078 0.097656
14 0.325195 0.481120 0.097656 0.079427
14 0.193359 0.423828 0.097656 0.092448
14 0.290527 0.557292 0.090820 0.072917
14 0.224609 0.706380 0.072266 0.069010
14 0.109375 0.583333 0.121094 0.114583
14 0.082520 0.639974 0.110352 0.108073
14 0.049805 0.753906 0.099609 0.106771
14 0.162109 0.898438 0.123047 0.114583
14 0.134766 0.953776 0.109375 0.092448
14 0.518555 0.026693 0.080078 0.053385
14 0.818359 0.103516 0.111328 0.102865
14 0.783203 0.207031 0.089844 0.088542
14 0.770996 0.258464 0.075195 0.074219
14 0.886719 0.317708 0.078125 0.075521
14 0.840332 0.418620 0.075195 0.076823
14 0.723145 0.374349 0.073242 0.076823
14 0.669922 0.479167 0.070313 0.072917
14 0.650391 0.527995 0.070313 0.066406
14 0.632813 0.567708 0.076172 0.075521
14 0.599121 0.643229 0.077148 0.078125
14 0.681152 0.731771 0.053711 0.062500
14 0.525391 0.792969 0.076172 0.075521
14 0.514160 0.828125 0.063477 0.065104
14 0.492676 0.858724 0.065430 0.066406