14 0.398438 0.116536 0.128906 0.118490
14 0.541504 0.225260 0.108398 0.111979
14 0.497559 0.317057 0.073242 0.079427
14 0.333008 0.244792 0.132813 0.127604
14 0.469238 0.360026 0.088867 0.092448
14 0.443359 0.396484 0.082031 0.074219
14 0.431641 0.451172 0.083984 0.087240
14 0.312012 0.310547 0.129883 0.126302
14 0.404785 0.497396 0.094727 0.093750
14 0.257324 0.432292 0.118164 0.125000
14 0.385254 0.542318 0.086914 0.089844
14 0.368652 0.587240 0.077148 0.080729
14 0.331543 0.679688 0.092773 0.091146
14 0.308105 0.725260 0.075195 0.072917
14 0.296875 0.775391 0.085938 0.089844
14 0.191406 0.615885 0.103516 0.111979
14 0.166504 0.668620 0.092773 0.084635
14 0.146484 0.720703 0.105469 0.108073
14 0.116211 0.771484 0.113281 0.121094
14 0.062988 0.927083 0.079102 0.096354
14 0.263184 0.811849 0.083008 0.076823
14 0.249023 0.854818 0.087891 0.079427
14 0.892090 0.111328 0.149414 0.134115
14 0.844238 0.219401 0.151367 0.152344
14 0.871094 0.511719 0.060547 0.080729
14 0.813965 0.422526 0.059570 0.066406
14 0.775391 0.447266 0.101563 0.092448
14 0.736816 0.538411 0.092773 0.089844
14 0.723633 0.589193 0.089844 0.092448
14 0.666504 0.680990 0.110352 0.104167
14 0.631836 0.782552 0.089844 0.091146
14 0.732422 0.899089 0.080078 0.074219
14 0.621094 0.830729 0.074219 0.075521
14 0.569824 0.947266 0.073242 0.082031