14 0.215332 0.227214 0.038086 0.102865
14 0.309570 0.210286 0.044922 0.105469
14 0.350098 0.210286 0.041992 0.087240
14 0.497559 0.710286 0.038086 0.095052
14 0.540039 0.865234 0.070313 0.058594
14 0.455566 0.894531 0.049805 0.065104
14 0.548340 0.671224 0.049805 0.089844
14 0.604980 0.814453 0.055664 0.097656
14 0.639648 0.796224 0.054688 0.118490
14 0.671387 0.587891 0.059570 0.102865
14 0.728516 0.733073 0.056641 0.114583
14 0.791016 0.698568 0.058594 0.118490
14 0.845215 0.649740 0.055664 0.114583
14 0.726563 0.531250 0.066406 0.135417
14 0.792480 0.515625 0.045898 0.088542
14 0.819824 0.485677 0.053711 0.104167
14 0.881348 0.453776 0.059570 0.108073
14 0.882324 0.639974 0.057617 0.121094
14 0.912598 0.619792 0.053711 0.106771