14 0.150391 0.086589 0.064453 0.108073
14 0.183105 0.119141 0.065430 0.110677
14 0.235840 0.171224 0.059570 0.095052
14 0.296875 0.225260 0.058594 0.106771
14 0.326660 0.240885 0.053711 0.083333
14 0.347656 0.264323 0.058594 0.088542
14 0.377441 0.287760 0.053711 0.096354
14 0.464355 0.390625 0.077148 0.122396
14 0.650879 0.564453 0.067383 0.102865
14 0.395508 0.069661 0.101563 0.139323
14 0.422852 0.107422 0.085938 0.147135
14 0.450684 0.150391 0.077148 0.118490
14 0.546875 0.237630 0.078125 0.134115
14 0.610352 0.313151 0.062500 0.097656
14 0.638184 0.341146 0.071289 0.101563
14 0.667969 0.361979 0.078125 0.114583
14 0.699707 0.387370 0.075195 0.126302
14 0.738281 0.407552 0.095703 0.143229
14 0.796387 0.475911 0.084961 0.131510
14 0.826172 0.505208 0.080078 0.130208
14 0.854004 0.547526 0.073242 0.113281
14 0.884277 0.569010 0.071289 0.111979