0 0.603516 0.035156 0.056641 0.046875
0 0.603516 0.190755 0.037109 0.084635
0 0.574219 0.174479 0.035156 0.075521
0 0.545410 0.172526 0.030273 0.079427
0 0.494141 0.169922 0.029297 0.084635
2 0.356934 0.138672 0.032227 0.084635
0 0.332520 0.141927 0.028320 0.072917
14 0.341797 0.622396 0.070313 0.348958
14 0.854980 0.690755 0.041992 0.110677
14 0.784180 0.574219 0.035156 0.117188
14 0.759766 0.934245 0.048828 0.115885
14 0.505371 0.443359 0.075195 0.248698
14 0.615723 0.598958 0.098633 0.390625
14 0.033691 0.601563 0.059570 0.088542
14 0.027832 0.648438 0.055664 0.085938
14 0.026367 0.699219 0.052734 0.088542
14 0.024414 0.756510 0.048828 0.078125
14 0.194824 0.815104 0.094727 0.369792