0 0.478027 0.065755 0.063477 0.069010
0 0.496582 0.110026 0.073242 0.076823
0 0.352539 0.313151 0.064453 0.074219
0 0.518555 0.203125 0.070313 0.070313
0 0.544922 0.242839 0.082031 0.087240
0 0.573730 0.337891 0.067383 0.069010
0 0.592285 0.380208 0.073242 0.075521
0 0.443359 0.576172 0.074219 0.079427
0 0.473145 0.670573 0.079102 0.072917
0 0.612793 0.475260 0.069336 0.070313
0 0.625977 0.523438 0.074219 0.070313
0 0.636719 0.571615 0.078125 0.067708
0 0.687500 0.765625 0.080078 0.072917
0 0.698730 0.811198 0.077148 0.067708
0 0.513184 0.811198 0.077148 0.070313
0 0.484375 0.711589 0.082031 0.079427