0 0.452637 0.203125 0.069336 0.101563
0 0.479980 0.236328 0.067383 0.105469
0 0.508789 0.271484 0.072266 0.097656
0 0.536621 0.308594 0.061523 0.093750
0 0.614746 0.413411 0.077148 0.113281
0 0.650391 0.446615 0.072266 0.101563
0 0.563477 0.702474 0.087891 0.110677
0 0.534180 0.884115 0.082031 0.111979
0 0.614746 0.777995 0.071289 0.100260
0 0.590820 0.953125 0.074219 0.093750
0 0.704590 0.508464 0.065430 0.097656
0 0.733398 0.538411 0.076172 0.108073
0 0.762207 0.583984 0.075195 0.100260
0 0.822754 0.649089 0.077148 0.115885