0 0.488770 0.087891 0.045898 0.110677
0 0.242188 0.119141 0.074219 0.074219
0 0.541504 0.176432 0.040039 0.108073
0 0.578125 0.185547 0.033203 0.100260
0 0.614258 0.189453 0.033203 0.100260
0 0.652832 0.192057 0.040039 0.115885
0 0.690430 0.204427 0.035156 0.101563
0 0.731445 0.204427 0.041016 0.096354
0 0.757813 0.433594 0.042969 0.104167
0 0.717773 0.438802 0.039063 0.098958
0 0.354004 0.411458 0.075195 0.093750
0 0.366699 0.469401 0.073242 0.092448
0 0.384766 0.532552 0.072266 0.085938
0 0.388672 0.596354 0.070313 0.088542
0 0.372559 0.767578 0.077148 0.082031
0 0.366211 0.821615 0.074219 0.078125
0 0.364746 0.876302 0.071289 0.085938