0 0.113770 0.397135 0.043945 0.111979
0 0.118652 0.501953 0.034180 0.113281
0 0.121094 0.768229 0.039063 0.122396
0 0.112793 0.283854 0.036133 0.117188
0 0.589844 0.253906 0.066406 0.049479
0 0.594727 0.307292 0.076172 0.052083
0 0.592773 0.361979 0.074219 0.046875
0 0.587891 0.413411 0.072266 0.048177
0 0.584473 0.503906 0.077148 0.049479
0 0.589844 0.559896 0.076172 0.054688
0 0.588867 0.611979 0.074219 0.046875
0 0.586914 0.658854 0.074219 0.046875
0 0.586914 0.761068 0.068359 0.050781
0 0.588867 0.945964 0.074219 0.058594
0 0.706055 0.312500 0.062500 0.070313
0 0.692871 0.351563 0.067383 0.078125
0 0.675293 0.393880 0.071289 0.076823
0 0.662109 0.643880 0.044922 0.105469
0 0.654297 0.739583 0.041016 0.104167
0 0.945313 0.349609 0.064453 0.102865
0 0.918945 0.381510 0.054688 0.078125
0 0.865723 0.458333 0.065430 0.083333
0 0.838867 0.501302 0.064453 0.075521
0 0.821777 0.546875 0.067383 0.075521
0 0.811523 0.590495 0.064453 0.063802
0 0.797852 0.639974 0.066406 0.061198
0 0.784180 0.790365 0.064453 0.052083
0 0.779785 0.840495 0.075195 0.055990
0 0.784668 0.886719 0.071289 0.057292
0 0.788086 0.936849 0.076172 0.058594
0 0.866211 0.184245 0.050781 0.074219