0 0.634277 0.065104 0.086914 0.104167
2 0.679688 0.687500 0.087891 0.085938
0 0.720215 0.889974 0.083008 0.079427
0 0.886719 0.301432 0.082031 0.097656
0 0.714355 0.324870 0.065430 0.102865
0 0.682129 0.359375 0.065430 0.101563
0 0.615723 0.418620 0.059570 0.095052
0 0.549316 0.484375 0.077148 0.111979
0 0.353516 0.671224 0.064453 0.097656
0 0.322754 0.705078 0.071289 0.102865
0 0.288574 0.734375 0.071289 0.111979
0 0.254395 0.767578 0.067383 0.102865
0 0.194824 0.837240 0.071289 0.111979
0 0.085449 0.915365 0.063477 0.104167