0 0.474121 0.080729 0.067383 0.109375
0 0.175293 0.838542 0.084961 0.078125
0 0.458984 0.900391 0.083984 0.082031
0 0.732910 0.806641 0.077148 0.076823
0 0.710449 0.700521 0.077148 0.078125
0 0.681641 0.604167 0.082031 0.078125
0 0.495117 0.613932 0.083984 0.079427
0 0.904297 0.307943 0.083984 0.076823
0 0.882813 0.205078 0.087891 0.076823
0 0.655762 0.453125 0.077148 0.078125
0 0.638672 0.395182 0.068359 0.074219
0 0.634277 0.344401 0.081055 0.074219
0 0.708984 0.263672 0.082031 0.076823
0 0.683105 0.104818 0.081055 0.071615
0 0.599121 0.132161 0.075195 0.069010
0 0.321289 0.173177 0.080078 0.070313
0 0.134766 0.236328 0.080078 0.074219
0 0.158691 0.294922 0.083008 0.076823
0 0.078613 0.326823 0.083008 0.075521
0 0.098633 0.466146 0.078125 0.067708
0 0.120605 0.516927 0.065430 0.062500
0 0.201172 0.492839 0.082031 0.076823
0 0.207520 0.548828 0.088867 0.079427
0 0.414063 0.192708 0.083984 0.080729
0 0.418945 0.249349 0.072266 0.074219
0 0.431641 0.303385 0.080078 0.075521
0 0.362305 0.384766 0.082031 0.069010
0 0.437988 0.355469 0.079102 0.070313
0 0.449707 0.404948 0.077148 0.072917
0 0.458008 0.454427 0.085938 0.075521