0 0.861816 0.061198 0.083008 0.070313
0 0.875488 0.162109 0.083008 0.069010
0 0.889160 0.274089 0.077148 0.069010
0 0.955078 0.572917 0.083984 0.072917
0 0.760742 0.185547 0.052734 0.121094
0 0.663574 0.128255 0.081055 0.071615
0 0.581055 0.153646 0.078125 0.065104
0 0.598633 0.208984 0.082031 0.076823
0 0.512207 0.260417 0.049805 0.109375
0 0.621582 0.310547 0.075195 0.058594
0 0.399414 0.216797 0.087891 0.071615
0 0.408691 0.272135 0.071289 0.065104
0 0.340820 0.299479 0.072266 0.067708
0 0.627930 0.360677 0.078125 0.070313
0 0.710449 0.382813 0.079102 0.070313
0 0.630371 0.416016 0.083008 0.074219
0 0.742676 0.492839 0.079102 0.076823
0 0.494141 0.460938 0.080078 0.075521
0 0.367188 0.453125 0.064453 0.065104
0 0.770996 0.643880 0.083008 0.076823
0 0.779297 0.695313 0.082031 0.070313
0 0.151855 0.305339 0.077148 0.074219
0 0.152344 0.359375 0.076172 0.067708
0 0.165039 0.410156 0.083984 0.078125
0 0.176758 0.461589 0.083984 0.079427
0 0.203125 0.561198 0.085938 0.085938
0 0.242188 0.777344 0.082031 0.078125
0 0.262695 0.877604 0.082031 0.070313
0 0.271484 0.932943 0.080078 0.069010
0 0.383789 0.557292 0.082031 0.070313
0 0.469238 0.526693 0.079102 0.071615
0 0.391602 0.612630 0.074219 0.069010
0 0.417969 0.712240 0.076172 0.075521
0 0.428711 0.761068 0.076172 0.071615
0 0.436523 0.815104 0.074219 0.072917
0 0.450684 0.863932 0.077148 0.069010
0 0.449707 0.919271 0.081055 0.070313
0 0.462402 0.971354 0.081055 0.057292
0 0.580078 0.657552 0.074219 0.080729
0 0.533203 0.835938 0.076172 0.070313
0 0.540527 0.888672 0.073242 0.074219
0 0.553711 0.940755 0.078125 0.076823
0 0.748535 0.970703 0.084961 0.058594
0 0.832031 0.960286 0.068359 0.063802
0 0.726074 0.888672 0.088867 0.074219
0 0.712891 0.829427 0.083984 0.078125
0 0.787598 0.751302 0.071289 0.070313
0 0.500000 0.735677 0.062500 0.062500