14 0.888672 0.086589 0.087891 0.053385
14 0.568848 0.165365 0.235352 0.130208
14 0.862793 0.215495 0.124023 0.071615
14 0.693848 0.296224 0.125977 0.066406
14 0.708496 0.348958 0.114258 0.062500
14 0.848633 0.278646 0.087891 0.065104
14 0.861328 0.340495 0.099609 0.058594
14 0.873047 0.385417 0.105469 0.062500
14 0.710449 0.417969 0.122070 0.067708
14 0.704102 0.475260 0.128906 0.078125
14 0.869629 0.439453 0.084961 0.058594
14 0.727539 0.539063 0.123047 0.075521
14 0.892578 0.563802 0.101563 0.070313
14 0.732422 0.597656 0.126953 0.070313
14 0.900879 0.678385 0.100586 0.067708
14 0.737793 0.662760 0.133789 0.072917
14 0.211914 0.745443 0.121094 0.066406
14 0.221191 0.595052 0.176758 0.075521
14 0.163574 0.401693 0.108398 0.066406
14 0.160645 0.335286 0.108398 0.063802