14 0.918457 0.033203 0.061523 0.058594
14 0.939453 0.078776 0.078125 0.053385
14 0.936035 0.123047 0.098633 0.061198
14 0.942383 0.161458 0.097656 0.059896
14 0.949707 0.210286 0.090820 0.055990
14 0.873535 0.339844 0.055664 0.085938
14 0.856934 0.361328 0.038086 0.069010
14 0.834473 0.378255 0.051758 0.084635
14 0.792480 0.421875 0.047852 0.085938
14 0.725098 0.499349 0.040039 0.066406
14 0.680176 0.525391 0.051758 0.084635
14 0.661133 0.539714 0.050781 0.084635
14 0.640137 0.561849 0.049805 0.089844
14 0.617676 0.581380 0.049805 0.089844
14 0.594238 0.608073 0.047852 0.083333
0 0.919434 0.501302 0.045898 0.049479
0 0.686523 0.710286 0.041016 0.050781
0 0.469727 0.931641 0.037109 0.050781
0 0.755371 0.873047 0.041992 0.042969
14 0.556641 0.639974 0.052734 0.092448
14 0.515625 0.678385 0.062500 0.096354
14 0.494629 0.703776 0.047852 0.084635
14 0.451172 0.739583 0.050781 0.096354
14 0.433594 0.766276 0.052734 0.087240
14 0.392090 0.805339 0.051758 0.084635
14 0.371094 0.830729 0.056641 0.096354
14 0.346680 0.843099 0.052734 0.087240
14 0.326172 0.873047 0.044922 0.084635
14 0.305664 0.886068 0.054688 0.087240
14 0.257813 0.937500 0.046875 0.080729
14 0.181152 0.859375 0.055664 0.065104
14 0.156738 0.809245 0.053711 0.066406
14 0.166504 0.834635 0.055664 0.062500
14 0.090332 0.698568 0.041992 0.053385
14 0.082520 0.664714 0.055664 0.061198
14 0.189941 0.598958 0.047852 0.080729
14 0.213379 0.580078 0.051758 0.087240
14 0.261230 0.518880 0.040039 0.066406
14 0.287109 0.507813 0.052734 0.080729
14 0.306641 0.485677 0.041016 0.088542
14 0.324707 0.467448 0.041992 0.078125
14 0.344727 0.454427 0.050781 0.088542
14 0.362305 0.430339 0.044922 0.082031
14 0.381836 0.414063 0.048828 0.088542
14 0.401855 0.397135 0.041992 0.083333
14 0.423340 0.378906 0.055664 0.093750
14 0.503418 0.294271 0.043945 0.075521
14 0.526367 0.279297 0.050781 0.097656
14 0.543945 0.255208 0.042969 0.078125
14 0.567383 0.245443 0.048828 0.097656
14 0.590820 0.221354 0.054688 0.085938
14 0.651855 0.160807 0.057617 0.082031
14 0.673340 0.138672 0.049805 0.082031
14 0.694336 0.110677 0.044922 0.085938
14 0.604004 0.056641 0.047852 0.063802
14 0.558105 0.091146 0.055664 0.093750
14 0.536621 0.111328 0.053711 0.089844
14 0.473145 0.167969 0.053711 0.096354
14 0.457031 0.196615 0.046875 0.078125
14 0.433594 0.208333 0.052734 0.088542
14 0.409668 0.229167 0.057617 0.088542
14 0.383789 0.244792 0.070313 0.106771
14 0.360352 0.269531 0.062500 0.101563
14 0.264160 0.361328 0.057617 0.095052
14 0.216309 0.404948 0.067383 0.117188
14 0.190918 0.425781 0.069336 0.111979
14 0.166504 0.457031 0.063477 0.104167
14 0.116699 0.538411 0.038086 0.058594
14 0.075195 0.572917 0.039063 0.054688
14 0.041504 0.594401 0.051758 0.074219