0 0.885742 0.968099 0.064453 0.063802
2 0.854492 0.460938 0.105469 0.072917
2 0.838867 0.606771 0.080078 0.091146
0 0.779785 0.639974 0.073242 0.087240
0 0.740234 0.673177 0.064453 0.085938
0 0.700684 0.693359 0.063477 0.089844
0 0.426270 0.691406 0.045898 0.101563
0 0.390137 0.577474 0.069336 0.082031
0 0.335938 0.641276 0.035156 0.082031
0 0.270508 0.597005 0.041016 0.087240
0 0.069336 0.171224 0.064453 0.089844
0 0.077148 0.229818 0.062500 0.087240
0 0.086426 0.285156 0.055664 0.085938
0 0.115723 0.373047 0.047852 0.095052
0 0.183594 0.491536 0.041016 0.089844
0 0.239746 0.572266 0.040039 0.089844