0 0.949707 0.049479 0.071289 0.052083
0 0.659180 0.057943 0.056641 0.079427
0 0.406250 0.044271 0.062500 0.088542
0 0.358398 0.112630 0.058594 0.087240
0 0.305664 0.172526 0.060547 0.074219
0 0.235352 0.275391 0.062500 0.074219
0 0.214355 0.315755 0.065430 0.084635
0 0.170410 0.384766 0.067383 0.084635
0 0.143066 0.414063 0.063477 0.078125
0 0.120605 0.446615 0.069336 0.085938
0 0.510742 0.235026 0.062500 0.082031
0 0.489258 0.270833 0.064453 0.088542
0 0.439941 0.333333 0.057617 0.078125
0 0.414063 0.363932 0.064453 0.087240
0 0.365234 0.426432 0.064453 0.082031
0 0.345703 0.462240 0.064453 0.085938
0 0.324707 0.503906 0.055664 0.075521
0 0.299316 0.533854 0.059570 0.075521
2 0.692383 0.455078 0.074219 0.050781
2 0.597656 0.579427 0.076172 0.093750
2 0.570801 0.618490 0.073242 0.093750
1 0.500977 0.701172 0.070313 0.180990
1 0.436523 0.842448 0.056641 0.153646
1 0.386719 0.902344 0.062500 0.179688