2 0.183105 0.145182 0.047852 0.115885
2 0.225586 0.134115 0.048828 0.109375
2 0.273438 0.127604 0.046875 0.098958
2 0.319824 0.121094 0.043945 0.091146
2 0.368164 0.108724 0.044922 0.089844
2 0.409668 0.098307 0.045898 0.092448
2 0.458496 0.085286 0.041992 0.092448
2 0.503418 0.072266 0.047852 0.100260
2 0.545898 0.053385 0.046875 0.106771
2 0.591309 0.048177 0.047852 0.096354
2 0.722656 0.276693 0.052734 0.128906
2 0.673340 0.287109 0.051758 0.134115
2 0.628906 0.299479 0.048828 0.140625
2 0.583008 0.310547 0.048828 0.139323
2 0.535645 0.322266 0.051758 0.141927
2 0.492188 0.334635 0.050781 0.138021
2 0.446289 0.345703 0.046875 0.136719
2 0.398926 0.356120 0.049805 0.136719
2 0.353516 0.363281 0.054688 0.132813
2 0.309570 0.382813 0.050781 0.138021
2 0.263672 0.394531 0.048828 0.140625
2 0.217773 0.404297 0.058594 0.136719
2 0.750488 0.519531 0.049805 0.117188
2 0.706055 0.526693 0.048828 0.118490
2 0.660156 0.540365 0.054688 0.114583
2 0.616211 0.549479 0.046875 0.111979
2 0.568359 0.560547 0.046875 0.115885
2 0.522949 0.571615 0.045898 0.117188
2 0.479980 0.586589 0.051758 0.115885
2 0.434082 0.597005 0.049805 0.115885
2 0.391113 0.605469 0.047852 0.109375
2 0.343262 0.617839 0.049805 0.113281
2 0.301270 0.632161 0.045898 0.113281
2 0.791504 0.772786 0.051758 0.134115
2 0.742676 0.782552 0.047852 0.135417
2 0.695313 0.794922 0.048828 0.139323
2 0.653320 0.807943 0.048828 0.139323
2 0.605957 0.816406 0.051758 0.148438
2 0.563477 0.829427 0.050781 0.140625
2 0.515137 0.837891 0.053711 0.131510
2 0.469727 0.850911 0.050781 0.134115
2 0.425293 0.861979 0.047852 0.138021
2 0.379883 0.875000 0.052734 0.135417
2 0.333008 0.888021 0.058594 0.138021
2 0.289551 0.897135 0.051758 0.135417