0 0.289551 0.123047 0.057617 0.048177
2 0.308594 0.223958 0.072266 0.062500
0 0.312988 0.271484 0.071289 0.055990
0 0.318848 0.330078 0.063477 0.045573
0 0.326660 0.370443 0.061523 0.050781
0 0.331055 0.412760 0.064453 0.052083
0 0.339355 0.477865 0.059570 0.044271
0 0.349121 0.518880 0.067383 0.050781
0 0.383789 0.725911 0.060547 0.048177
0 0.523926 0.421224 0.038086 0.076823
0 0.851074 0.354167 0.040039 0.080729
2 0.730957 0.127604 0.071289 0.054688
2 0.663574 0.144531 0.067383 0.057292
2 0.592773 0.165365 0.074219 0.052083
0 0.630371 0.533854 0.061523 0.054688
0 0.574707 0.589844 0.071289 0.052083
0 0.573242 0.637370 0.068359 0.061198
0 0.587402 0.721354 0.065430 0.057292
0 0.594238 0.763672 0.069336 0.055990
0 0.658203 0.762370 0.064453 0.045573
0 0.666992 0.794922 0.070313 0.048177
0 0.771484 0.734375 0.064453 0.046875
0 0.771973 0.772135 0.063477 0.049479
0 0.792480 0.537760 0.061523 0.046875
0 0.740234 0.593099 0.060547 0.053385
0 0.812988 0.625651 0.069336 0.048177
0 0.818359 0.665365 0.068359 0.054688
0 0.819824 0.703776 0.063477 0.055990
0 0.726563 0.550130 0.066406 0.048177
0 0.799805 0.574219 0.066406 0.059896