14 0.959961 0.153646 0.068359 0.054688
14 0.887207 0.175781 0.065430 0.054688
14 0.837402 0.207031 0.034180 0.093750
14 0.742188 0.242188 0.039063 0.096354
14 0.791016 0.386719 0.076172 0.052083
14 0.687500 0.258464 0.035156 0.084635
14 0.621094 0.272786 0.031250 0.082031
14 0.545898 0.309896 0.037109 0.080729
14 0.521484 0.314453 0.037109 0.071615
14 0.618164 0.463542 0.083984 0.065104
14 0.374023 0.367839 0.052734 0.058594
14 0.330566 0.388672 0.036133 0.079427
14 0.278320 0.422526 0.035156 0.095052
14 0.251953 0.436198 0.035156 0.093750
14 0.230957 0.447917 0.038086 0.088542
14 0.208984 0.463542 0.042969 0.096354
14 0.110352 0.505859 0.048828 0.108073
14 0.051758 0.531901 0.046875 0.105469
14 0.534180 0.503255 0.083984 0.069010
14 0.447266 0.547526 0.085938 0.066406
14 0.333008 0.594401 0.123047 0.105469
14 0.200684 0.666016 0.077148 0.058594
14 0.102051 0.716146 0.063477 0.059896
14 0.912598 0.526042 0.043945 0.091146
14 0.959961 0.634766 0.035156 0.089844
14 0.942871 0.807943 0.092773 0.066406
14 0.857910 0.677734 0.036133 0.095052