0 0.580078 0.052734 0.080078 0.063802
0 0.574707 0.110677 0.086914 0.070313
0 0.564453 0.158854 0.066406 0.054688
0 0.564941 0.221354 0.071289 0.054688
0 0.564453 0.275391 0.083984 0.061198
0 0.560059 0.331380 0.083008 0.058594
0 0.556152 0.386068 0.088867 0.058594
0 0.543457 0.444661 0.075195 0.061198
0 0.546875 0.499349 0.080078 0.055990
0 0.544434 0.553385 0.069336 0.057292
0 0.540527 0.608724 0.079102 0.058594
0 0.547852 0.659505 0.093750 0.055990
0 0.551758 0.711589 0.082031 0.061198
0 0.549316 0.768229 0.081055 0.057292
2 0.264160 0.801432 0.049805 0.126302
0 0.559570 0.820313 0.076172 0.062500
0 0.562988 0.878255 0.083008 0.055990
0 0.560547 0.925781 0.080078 0.062500
4 0.737305 0.635417 0.068359 0.299479
0 0.753418 0.811849 0.081055 0.061198
0 0.755371 0.917969 0.086914 0.067708
0 0.839355 0.770182 0.081055 0.055990
0 0.841797 0.821615 0.078125 0.062500
0 0.843750 0.878255 0.068359 0.053385
0 0.851563 0.930339 0.078125 0.058594