14 0.706543 0.086589 0.145508 0.123698
14 0.739258 0.131510 0.130859 0.122396
14 0.802734 0.311849 0.125000 0.115885
14 0.824707 0.358724 0.131836 0.115885
14 0.843262 0.415365 0.135742 0.114583
14 0.865234 0.473307 0.125000 0.115885
14 0.881348 0.537109 0.143555 0.126302
14 0.896973 0.591797 0.147461 0.113281
14 0.913574 0.647786 0.149414 0.128906
14 0.427246 0.383464 0.057617 0.162760
14 0.043945 0.298177 0.087891 0.088542
14 0.078125 0.417318 0.103516 0.063802
14 0.179688 0.365234 0.052734 0.183594
14 0.265625 0.376953 0.052734 0.165365
14 0.346680 0.379557 0.042969 0.170573
14 0.383789 0.377604 0.050781 0.182292
14 0.112793 0.578125 0.047852 0.182292
14 0.235352 0.570964 0.046875 0.157552
14 0.313477 0.585938 0.050781 0.177083
14 0.396973 0.593099 0.047852 0.178385
14 0.440430 0.587891 0.041016 0.170573
14 0.484375 0.588542 0.044922 0.166667