14 0.948730 0.083984 0.075195 0.167969
14 0.793457 0.174479 0.083008 0.145833
14 0.753418 0.202474 0.086914 0.154948
14 0.873535 0.880859 0.061523 0.131510
14 0.805664 0.925781 0.050781 0.130208
14 0.776367 0.936198 0.064453 0.127604
14 0.642578 0.067057 0.066406 0.121094
14 0.610352 0.093750 0.058594 0.109375
14 0.574707 0.107422 0.063477 0.123698
14 0.540039 0.122396 0.066406 0.119792
14 0.517578 0.151693 0.056641 0.115885
14 0.488281 0.171875 0.064453 0.117188
14 0.678223 0.259115 0.081055 0.171875
14 0.640625 0.277995 0.070313 0.160156
14 0.603516 0.301432 0.062500 0.147135
14 0.567871 0.315104 0.067383 0.132813
14 0.535645 0.342448 0.069336 0.140625
14 0.286133 0.056641 0.095703 0.087240
14 0.302246 0.102865 0.096680 0.085938
14 0.315918 0.139323 0.090820 0.096354
14 0.144043 0.091797 0.102539 0.097656
14 0.163574 0.130859 0.092773 0.089844
14 0.168945 0.189453 0.109375 0.097656
14 0.189941 0.225911 0.100586 0.105469
14 0.210938 0.272786 0.103516 0.100260
14 0.232910 0.319010 0.096680 0.104167
14 0.248047 0.360677 0.099609 0.104167
14 0.262695 0.402344 0.099609 0.098958
14 0.399902 0.483724 0.096680 0.069010
14 0.279297 0.486979 0.085938 0.057292
14 0.270508 0.535156 0.099609 0.065104
14 0.394043 0.569661 0.092773 0.055990
14 0.404297 0.615885 0.115234 0.067708
14 0.267578 0.676432 0.093750 0.053385
14 0.395996 0.667969 0.098633 0.067708
14 0.398438 0.717448 0.111328 0.062500
14 0.262207 0.725911 0.102539 0.061198
14 0.385742 0.766927 0.107422 0.062500
14 0.262695 0.771484 0.095703 0.058594
14 0.386719 0.827474 0.111328 0.061198
14 0.261230 0.820313 0.084961 0.049479
14 0.384277 0.870443 0.094727 0.061198
14 0.260742 0.867188 0.095703 0.049479
14 0.376465 0.915365 0.084961 0.065104
14 0.261719 0.906901 0.089844 0.045573
14 0.375000 0.972656 0.089844 0.054688
14 0.256836 0.949870 0.093750 0.058594