14 0.635254 0.089193 0.059570 0.126302
14 0.609863 0.124349 0.065430 0.144531
14 0.578613 0.146484 0.065430 0.136719
14 0.545898 0.164714 0.062500 0.126302
14 0.441406 0.231120 0.062500 0.134115
14 0.404297 0.250000 0.062500 0.127604
14 0.377441 0.287109 0.069336 0.139323
14 0.275879 0.141276 0.065430 0.131510
14 0.244141 0.169922 0.064453 0.123698
14 0.312012 0.328776 0.065430 0.152344
14 0.273926 0.347005 0.061523 0.134115
14 0.208496 0.193359 0.071289 0.136719
14 0.141113 0.238932 0.084961 0.144531
14 0.204590 0.399740 0.067383 0.138021
14 0.140625 0.439453 0.072266 0.131510
14 0.106445 0.475911 0.068359 0.154948
14 0.077637 0.493490 0.075195 0.153646
14 0.041016 0.513672 0.072266 0.141927
14 0.054688 0.315104 0.052734 0.104167
14 0.920410 0.492839 0.088867 0.178385
14 0.879883 0.520833 0.082031 0.161458
14 0.840820 0.542969 0.076172 0.161458
14 0.798828 0.582031 0.070313 0.148438
14 0.770020 0.604818 0.081055 0.162760
14 0.688477 0.669271 0.066406 0.143229
14 0.909668 0.735677 0.081055 0.164063
14 0.833008 0.786458 0.074219 0.148438
14 0.757813 0.853516 0.082031 0.160156
14 0.710449 0.871094 0.065430 0.148438
14 0.680664 0.909505 0.082031 0.170573
14 0.647461 0.679688 0.076172 0.164063
14 0.608398 0.707031 0.078125 0.164063
14 0.569336 0.744141 0.074219 0.149740
14 0.495605 0.786458 0.081055 0.171875
14 0.451172 0.810547 0.093750 0.167969
14 0.375977 0.868490 0.091797 0.158854
14 0.327637 0.884766 0.075195 0.167969
14 0.300781 0.927083 0.062500 0.145833