0 0.653809 0.159505 0.053711 0.152344
0 0.605469 0.164714 0.050781 0.144531
0 0.554199 0.164063 0.051758 0.153646
0 0.503418 0.156250 0.051758 0.148438
0 0.454590 0.156901 0.051758 0.144531
0 0.403809 0.154948 0.053711 0.166667
0 0.353027 0.160807 0.051758 0.160156
0 0.303223 0.157552 0.055664 0.158854
0 0.156250 0.155599 0.054688 0.160156
0 0.659668 0.328125 0.057617 0.148438
0 0.605957 0.331380 0.049805 0.144531
0 0.552246 0.330729 0.051758 0.153646
0 0.503906 0.321615 0.048828 0.143229
0 0.452637 0.340495 0.057617 0.165365
0 0.404785 0.330078 0.053711 0.134115
0 0.361328 0.326172 0.052734 0.144531
0 0.306152 0.326823 0.049805 0.125000
0 0.258789 0.337891 0.050781 0.149740
0 0.204102 0.330729 0.050781 0.153646
0 0.158691 0.330078 0.043945 0.154948
0 0.609863 0.703125 0.051758 0.132813
0 0.560059 0.710286 0.055664 0.152344
0 0.505371 0.700521 0.053711 0.161458
0 0.458496 0.703776 0.049805 0.139323
0 0.409180 0.703125 0.050781 0.145833
0 0.358887 0.718750 0.057617 0.145833
0 0.309082 0.719401 0.049805 0.147135
0 0.260254 0.707031 0.053711 0.164063
0 0.211914 0.714193 0.052734 0.149740
0 0.156738 0.709635 0.053711 0.143229
0 0.612793 0.893229 0.055664 0.164063
0 0.562500 0.873047 0.052734 0.157552
0 0.512695 0.878906 0.054688 0.132813
0 0.460938 0.865885 0.052734 0.145833
0 0.414063 0.895182 0.052734 0.144531
0 0.360352 0.889974 0.048828 0.131510
0 0.310059 0.876953 0.049805 0.144531
0 0.260742 0.884115 0.050781 0.145833
0 0.208496 0.878255 0.053711 0.147135
0 0.160645 0.889323 0.049805 0.127604