3 0.838379 0.203125 0.241211 0.151042
0 0.608398 0.182943 0.060547 0.071615
0 0.535156 0.231120 0.074219 0.079427
0 0.388184 0.164714 0.059570 0.076823
0 0.043457 0.443359 0.069336 0.055990
1 0.140137 0.544271 0.133789 0.072917
0 0.188965 0.757813 0.069336 0.054688
0 0.385742 0.225260 0.066406 0.075521
0 0.447754 0.322917 0.051758 0.080729
2 0.458008 0.464844 0.080078 0.062500
0 0.565918 0.551432 0.071289 0.055990
0 0.511719 0.602214 0.064453 0.053385
2 0.696289 0.600260 0.082031 0.070313
0 0.716797 0.660156 0.062500 0.059896
0 0.925781 0.686198 0.066406 0.067708
0 0.849121 0.810547 0.069336 0.069010