0 0.933594 0.428385 0.037109 0.088542
0 0.807129 0.430990 0.028320 0.080729
0 0.256348 0.245443 0.067383 0.042969
0 0.326660 0.250651 0.067383 0.045573
0 0.276367 0.288411 0.066406 0.053385
2 0.260254 0.367188 0.069336 0.049479
0 0.070801 0.569661 0.067383 0.042969
2 0.046875 0.649089 0.066406 0.053385
0 0.101074 0.684245 0.061523 0.050781
0 0.205566 0.683594 0.069336 0.049479
0 0.266113 0.566406 0.065430 0.046875
0 0.197754 0.563151 0.065430 0.042969
2 0.489258 0.561849 0.072266 0.045573
2 0.662109 0.559245 0.068359 0.048177
2 0.740723 0.561849 0.081055 0.050781
2 0.609863 0.349609 0.067383 0.048177
0 0.705078 0.348958 0.062500 0.044271
0 0.932129 0.678385 0.071289 0.052083
0 0.860352 0.677083 0.068359 0.052083
0 0.790527 0.680339 0.069336 0.053385
0 0.718750 0.671875 0.070313 0.049479
0 0.637695 0.677734 0.068359 0.050781
0 0.572266 0.682943 0.076172 0.053385
0 0.504883 0.680990 0.070313 0.049479
0 0.428711 0.682943 0.064453 0.050781
0 0.352539 0.686198 0.070313 0.046875
0 0.281250 0.689453 0.060547 0.045573