4 0.575684 0.180990 0.088867 0.247396
0 0.637207 0.276693 0.041992 0.102865
0 0.620117 0.372396 0.044922 0.101563
0 0.600586 0.481120 0.044922 0.108073
0 0.583984 0.565104 0.042969 0.098958
0 0.567383 0.651042 0.048828 0.098958
0 0.470703 0.305339 0.062500 0.063802
0 0.439453 0.489583 0.064453 0.059896
0 0.428711 0.535807 0.062500 0.053385
0 0.414551 0.587891 0.071289 0.061198
0 0.412109 0.637370 0.062500 0.053385
0 0.403809 0.677734 0.063477 0.058594
0 0.391113 0.725911 0.065430 0.061198
0 0.388672 0.771484 0.064453 0.055990
0 0.378906 0.823568 0.064453 0.063802
0 0.259277 0.674479 0.063477 0.078125
0 0.250000 0.725911 0.064453 0.076823
0 0.238770 0.764974 0.067383 0.084635
0 0.228027 0.808594 0.067383 0.085938
0 0.221191 0.861979 0.067383 0.080729
0 0.351563 0.917318 0.066406 0.066406
2 0.354492 0.964844 0.074219 0.062500
0 0.206055 0.953776 0.062500 0.076823