0 0.948730 0.184245 0.086914 0.063802
0 0.362793 0.260417 0.084961 0.059896
0 0.298340 0.416016 0.096680 0.061198
0 0.402832 0.429688 0.079102 0.057292
0 0.376953 0.504557 0.093750 0.063802
0 0.066895 0.720703 0.086914 0.069010
0 0.081055 0.785156 0.083984 0.067708
2 0.578613 0.772786 0.057617 0.144531
0 0.538574 0.777344 0.055664 0.127604
0 0.501465 0.784505 0.045898 0.123698
0 0.459961 0.787760 0.048828 0.125000
0 0.426270 0.801432 0.045898 0.115885
0 0.385742 0.803385 0.048828 0.119792
0 0.343750 0.815755 0.050781 0.121094
0 0.307617 0.829427 0.046875 0.111979
0 0.271484 0.852214 0.044922 0.115885
0 0.229980 0.845052 0.045898 0.117188
2 0.193848 0.854818 0.047852 0.110677
0 0.154297 0.861328 0.046875 0.105469
0 0.119629 0.888021 0.047852 0.125000
0 0.077637 0.895182 0.047852 0.108073