0 0.951172 0.046224 0.062500 0.092448
0 0.916504 0.070313 0.071289 0.114583
0 0.881836 0.097656 0.070313 0.111979
0 0.850098 0.130859 0.063477 0.105469
0 0.729980 0.221354 0.051758 0.109375
0 0.689941 0.231771 0.055664 0.117188
0 0.598633 0.263672 0.048828 0.121094
0 0.559082 0.280599 0.051758 0.115885
0 0.516113 0.281901 0.053711 0.118490
0 0.474609 0.294271 0.050781 0.104167
0 0.437988 0.305339 0.049805 0.123698
0 0.201172 0.375651 0.044922 0.102865
0 0.161133 0.387370 0.054688 0.118490
0 0.979492 0.488932 0.041016 0.121094
0 0.939941 0.500000 0.049805 0.117188
0 0.898926 0.501953 0.051758 0.121094
0 0.857910 0.511068 0.049805 0.128906
0 0.815918 0.531901 0.055664 0.113281
0 0.773438 0.532552 0.046875 0.119792
0 0.730957 0.537109 0.051758 0.121094
0 0.696289 0.561849 0.048828 0.105469
0 0.654785 0.553385 0.055664 0.101563
0 0.580078 0.578776 0.048828 0.118490
0 0.438965 0.602865 0.051758 0.098958
0 0.395996 0.611328 0.053711 0.131510
0 0.350098 0.623698 0.051758 0.117188
0 0.305664 0.618490 0.048828 0.111979
0 0.262695 0.636068 0.052734 0.115885
0 0.222168 0.645833 0.047852 0.125000
0 0.181152 0.637370 0.051758 0.123698
0 0.139648 0.650391 0.050781 0.108073
0 0.100098 0.667318 0.051758 0.115885
0 0.057617 0.677083 0.048828 0.125000