0 0.666016 0.205729 0.052734 0.114583
0 0.585449 0.218099 0.051758 0.115885
0 0.514648 0.230469 0.050781 0.104167
0 0.407715 0.266276 0.051758 0.126302
0 0.336914 0.277344 0.052734 0.122396
0 0.824707 0.572266 0.081055 0.092448
0 0.618164 0.492839 0.048828 0.118490
0 0.511719 0.509766 0.048828 0.113281
0 0.488281 0.621745 0.050781 0.110677
0 0.364746 0.537109 0.051758 0.121094
0 0.287109 0.563802 0.048828 0.114583
0 0.378906 0.649740 0.052734 0.117188
0 0.302246 0.667969 0.047852 0.117188
0 0.889648 0.787760 0.054688 0.117188
0 0.843750 0.789063 0.054688 0.125000
0 0.764160 0.811198 0.053711 0.127604
0 0.729004 0.824219 0.053711 0.130208
0 0.694824 0.828776 0.051758 0.121094
0 0.614746 0.846354 0.051758 0.122396
0 0.541016 0.873047 0.048828 0.108073
0 0.504395 0.880208 0.049805 0.119792
0 0.426758 0.893880 0.050781 0.121094
0 0.386230 0.897135 0.047852 0.130208
0 0.343262 0.906250 0.051758 0.130208