0 0.722168 0.057292 0.086914 0.078125
0 0.737305 0.171224 0.074219 0.071615
0 0.750000 0.225260 0.078125 0.067708
0 0.754395 0.268880 0.086914 0.069010
0 0.769043 0.413411 0.083008 0.071615
0 0.775391 0.462891 0.082031 0.066406
0 0.784180 0.515625 0.080078 0.065104
0 0.792480 0.570313 0.086914 0.067708
0 0.803223 0.619792 0.081055 0.065104
0 0.810547 0.674479 0.089844 0.070313
0 0.816895 0.737630 0.088867 0.069010
0 0.503418 0.188802 0.051758 0.114583
0 0.467773 0.189453 0.048828 0.126302
0 0.293945 0.343099 0.048828 0.121094
0 0.367188 0.330078 0.046875 0.115885
0 0.405273 0.329427 0.044922 0.111979
0 0.447266 0.315104 0.048828 0.119792
0 0.518066 0.296875 0.051758 0.122396
0 0.560059 0.288411 0.047852 0.126302
0 0.592773 0.515625 0.046875 0.111979
0 0.553223 0.522135 0.051758 0.119792
0 0.479980 0.555990 0.049805 0.117188
0 0.366699 0.586589 0.053711 0.134115
0 0.325195 0.589844 0.046875 0.114583
0 0.225586 0.716797 0.054688 0.121094
0 0.304199 0.703776 0.051758 0.128906
0 0.376465 0.686849 0.047852 0.105469
0 0.415039 0.669271 0.054688 0.130208
0 0.493164 0.661458 0.048828 0.122396
0 0.532227 0.641927 0.048828 0.109375
0 0.567871 0.633464 0.051758 0.123698
0 0.607422 0.628906 0.050781 0.125000
0 0.754395 0.826823 0.049805 0.125000
0 0.716309 0.850911 0.051758 0.113281
2 0.678711 0.855469 0.046875 0.122396
0 0.640625 0.863281 0.058594 0.127604
0 0.603516 0.867188 0.048828 0.104167
0 0.524414 0.901042 0.048828 0.111979
2 0.448730 0.916016 0.051758 0.121094
0 0.409180 0.921875 0.054688 0.125000
2 0.374023 0.934245 0.048828 0.123698
0 0.333496 0.947266 0.049805 0.105469