0 0.728516 0.162760 0.072266 0.065104
0 0.205078 0.067057 0.083984 0.055990
0 0.645508 0.274089 0.089844 0.069010
0 0.210449 0.229818 0.071289 0.061198
0 0.472656 0.282552 0.089844 0.072917
0 0.388184 0.282552 0.084961 0.059896
0 0.390625 0.336589 0.089844 0.063802
0 0.204590 0.280599 0.065430 0.055990
0 0.206055 0.326172 0.085938 0.069010
0 0.110840 0.368490 0.090820 0.078125
0 0.109375 0.429688 0.074219 0.072917
0 0.097656 0.487630 0.091797 0.076823
0 0.205078 0.504557 0.089844 0.069010
0 0.102051 0.544271 0.086914 0.067708
0 0.109375 0.612630 0.087891 0.076823
0 0.107910 0.669922 0.083008 0.069010
0 0.112305 0.735026 0.074219 0.076823
0 0.110352 0.788411 0.072266 0.063802
0 0.214355 0.839193 0.090820 0.063802
0 0.211426 0.782552 0.083008 0.065104
0 0.208984 0.666016 0.085938 0.061198
0 0.470703 0.444010 0.091797 0.065104
0 0.660645 0.432943 0.081055 0.061198
0 0.652832 0.542318 0.094727 0.058594
0 0.655762 0.589844 0.079102 0.062500
0 0.739746 0.647786 0.094727 0.061198
0 0.472168 0.600911 0.088867 0.058594
0 0.392578 0.708984 0.087891 0.058594