0 0.633789 0.057943 0.078125 0.058594
0 0.628906 0.108724 0.082031 0.061198
0 0.637695 0.156250 0.087891 0.059896
0 0.642578 0.255859 0.083984 0.061198
0 0.639160 0.311849 0.077148 0.066406
0 0.645996 0.365234 0.083008 0.066406
0 0.648438 0.466797 0.080078 0.058594
0 0.652344 0.516927 0.083984 0.062500
0 0.648438 0.563802 0.074219 0.062500
0 0.655762 0.616536 0.084961 0.063802
0 0.661133 0.669922 0.087891 0.069010
0 0.658203 0.718750 0.080078 0.062500
0 0.843750 0.740885 0.089844 0.057292
0 0.854492 0.789714 0.082031 0.053385
0 0.658203 0.764323 0.080078 0.059896
0 0.666992 0.822917 0.080078 0.057292
3 0.387695 0.514974 0.078125 0.397135
1 0.294922 0.769531 0.076172 0.250000
3 0.205078 0.529297 0.078125 0.391927
2 0.124512 0.436198 0.047852 0.164063