0 0.820313 0.091146 0.089844 0.078125
0 0.733887 0.117839 0.096680 0.087240
0 0.648926 0.154948 0.086914 0.072917
0 0.552246 0.184245 0.084961 0.082031
1 0.645020 0.290365 0.145508 0.130208
1 0.875977 0.546875 0.154297 0.143229
0 0.777344 0.731771 0.062500 0.109375
0 0.739258 0.757813 0.078125 0.125000
0 0.694824 0.780599 0.069336 0.108073
0 0.739746 0.843750 0.083008 0.088542
0 0.553223 0.892578 0.063477 0.134115
0 0.505371 0.733724 0.061523 0.121094
0 0.421387 0.317057 0.092773 0.087240
1 0.767090 0.436849 0.209961 0.147135
0 0.339844 0.380859 0.089844 0.105469
1 0.125488 0.328125 0.176758 0.130208