1 0.421875 0.197266 0.156250 0.160156
2 0.478516 0.369141 0.097656 0.186198
2 0.470703 0.488281 0.105469 0.174479
2 0.381348 0.457682 0.102539 0.173177
2 0.355957 0.541016 0.108398 0.167969
2 0.081543 0.274740 0.077148 0.195313
2 0.057617 0.582031 0.056641 0.184896
0 0.888184 0.109375 0.071289 0.130208
0 0.835938 0.095052 0.054688 0.125000
0 0.809570 0.218750 0.060547 0.125000
0 0.850098 0.346354 0.051758 0.138021
0 0.790527 0.333984 0.061523 0.128906
0 0.783203 0.452474 0.054688 0.126302
0 0.840820 0.460286 0.054688 0.123698
0 0.827637 0.582682 0.061523 0.136719
0 0.772949 0.695313 0.051758 0.122396
0 0.827148 0.705729 0.050781 0.132813