0 0.095703 0.376953 0.064453 0.128906
0 0.135254 0.346354 0.055664 0.135417
0 0.181641 0.337240 0.044922 0.127604
0 0.228516 0.324219 0.054688 0.119792
0 0.141602 0.648438 0.056641 0.127604
0 0.179688 0.633464 0.054688 0.134115
0 0.230469 0.624349 0.050781 0.110677
0 0.270508 0.613932 0.054688 0.121094
0 0.166504 0.779297 0.051758 0.115885
0 0.207520 0.750000 0.053711 0.125000
0 0.244629 0.731771 0.049805 0.114583
0 0.287598 0.723307 0.061523 0.134115
0 0.382324 0.695313 0.063477 0.130208
0 0.575684 0.642578 0.088867 0.108073
0 0.661621 0.572917 0.086914 0.098958
0 0.934082 0.349609 0.096680 0.089844
0 0.580566 0.326172 0.098633 0.089844
0 0.665039 0.285807 0.093750 0.079427
0 0.950684 0.406901 0.098633 0.084635