0 0.843262 0.253906 0.063477 0.132813
0 0.775879 0.544922 0.063477 0.131510
0 0.617188 0.203776 0.056641 0.113281
0 0.489258 0.238281 0.060547 0.127604
0 0.410156 0.251302 0.064453 0.138021
0 0.249512 0.308594 0.051758 0.138021
0 0.201172 0.314453 0.056641 0.126302
0 0.160645 0.322917 0.053711 0.114583
0 0.139648 0.454427 0.052734 0.130208
0 0.179199 0.436849 0.061523 0.118490
0 0.223633 0.431641 0.046875 0.113281
0 0.266113 0.429688 0.051758 0.125000
0 0.306152 0.413411 0.049805 0.141927
0 0.349121 0.400391 0.051758 0.115885
0 0.426758 0.365885 0.052734 0.117188
0 0.468750 0.348958 0.058594 0.132813
0 0.510742 0.347656 0.058594 0.132813
0 0.557617 0.335286 0.054688 0.126302