0 0.082031 0.298828 0.072266 0.131510
0 0.125000 0.279297 0.066406 0.115885
0 0.168457 0.266276 0.063477 0.092448
0 0.220215 0.270833 0.059570 0.125000
0 0.271484 0.253255 0.054688 0.108073
0 0.365234 0.251953 0.064453 0.105469
0 0.408203 0.240885 0.064453 0.114583
0 0.456055 0.246094 0.076172 0.125000
0 0.501465 0.231771 0.065430 0.125000
0 0.548340 0.224609 0.073242 0.128906
0 0.589844 0.221354 0.062500 0.114583
0 0.643066 0.208333 0.065430 0.114583
0 0.697754 0.227214 0.069336 0.123698
0 0.746094 0.210286 0.064453 0.108073
0 0.795898 0.208984 0.068359 0.113281
0 0.846191 0.208333 0.063477 0.111979
0 0.890137 0.204427 0.067383 0.122396
0 0.710938 0.451823 0.066406 0.135417
0 0.665039 0.439453 0.064453 0.108073
0 0.617188 0.449219 0.072266 0.130208
0 0.567383 0.473958 0.056641 0.114583
0 0.525391 0.589193 0.066406 0.126302
0 0.526855 0.453776 0.069336 0.121094
0 0.477051 0.464844 0.059570 0.117188
0 0.427246 0.469401 0.077148 0.131510
0 0.417480 0.613932 0.069336 0.118490
0 0.367676 0.624349 0.067383 0.126302
0 0.311523 0.640625 0.078125 0.132813
0 0.270996 0.632161 0.067383 0.123698
0 0.230469 0.617839 0.070313 0.121094
0 0.339844 0.475911 0.076172 0.128906
0 0.294922 0.471354 0.070313 0.122396