14 0.287109 0.148438 0.261719 0.190104
0 0.189941 0.839844 0.055664 0.106771
0 0.365723 0.438802 0.069336 0.127604
0 0.677734 0.278646 0.064453 0.125000
0 0.794434 0.212240 0.057617 0.127604
0 0.781738 0.523438 0.071289 0.130208
0 0.818848 0.660807 0.061523 0.121094
0 0.733887 0.688802 0.071289 0.125000
0 0.657227 0.585938 0.066406 0.117188
0 0.571289 0.776693 0.068359 0.121094
0 0.504883 0.678385 0.058594 0.119792
0 0.462402 0.702474 0.059570 0.123698
0 0.385742 0.740885 0.064453 0.114583
0 0.492676 0.805339 0.061523 0.126302
0 0.448242 0.822266 0.062500 0.141927
0 0.413574 0.856771 0.057617 0.114583
0 0.372070 0.873047 0.066406 0.128906
0 0.296387 0.911458 0.059570 0.111979