0 0.785645 0.072266 0.077148 0.100260
0 0.864746 0.160156 0.077148 0.093750
0 0.387207 0.079427 0.092773 0.111979
0 0.299316 0.164714 0.081055 0.102865
0 0.399414 0.260417 0.087891 0.104167
0 0.400391 0.434245 0.078125 0.115885
0 0.227051 0.643229 0.077148 0.101563
0 0.073242 0.815755 0.080078 0.110677
0 0.381836 0.835938 0.072266 0.114583
0 0.558105 0.464193 0.092773 0.108073
0 0.580566 0.513021 0.086914 0.091146
0 0.604004 0.580729 0.096680 0.091146
0 0.619629 0.708333 0.077148 0.070313
0 0.583984 0.893880 0.093750 0.087240