3 0.536133 0.132161 0.201172 0.123698
1 0.177246 0.415365 0.114258 0.111979
1 0.170410 0.479818 0.118164 0.105469
1 0.161133 0.610677 0.119141 0.125000
0 0.821289 0.144531 0.035156 0.085938
0 0.864258 0.627604 0.066406 0.052083
0 0.856934 0.671875 0.055664 0.046875
0 0.851074 0.708333 0.049805 0.041667
0 0.850098 0.762370 0.063477 0.053385
0 0.848145 0.815755 0.069336 0.058594
0 0.846680 0.864583 0.058594 0.046875
0 0.970215 0.843750 0.055664 0.049479
0 0.949707 0.893880 0.057617 0.061198
0 0.828613 0.964193 0.069336 0.063802