1 0.122070 0.246745 0.105469 0.069010
1 0.576660 0.171875 0.139648 0.091146
1 0.741211 0.212240 0.101563 0.078125
1 0.571289 0.225911 0.132813 0.087240
0 0.770020 0.054036 0.073242 0.055990
1 0.533691 0.875651 0.127930 0.087240
1 0.415527 0.834635 0.120117 0.091146
0 0.906250 0.042969 0.066406 0.057292
0 0.899902 0.078776 0.061523 0.058594
0 0.894043 0.160807 0.057617 0.050781
0 0.877930 0.234375 0.074219 0.062500
1 0.698242 0.320964 0.134766 0.095052
0 0.703125 0.384766 0.066406 0.061198
0 0.558105 0.345703 0.067383 0.061198
0 0.489746 0.331380 0.075195 0.066406
0 0.605957 0.416667 0.059570 0.057292
0 0.477051 0.410156 0.061523 0.052083
0 0.464844 0.448568 0.064453 0.048177
2 0.460449 0.491536 0.079102 0.063802
2 0.647461 0.486979 0.080078 0.065104
0 0.705078 0.542969 0.064453 0.057292
0 0.554199 0.574219 0.061523 0.052083
0 0.547852 0.633464 0.074219 0.055990
0 0.682617 0.626953 0.068359 0.061198
2 0.450195 0.651042 0.070313 0.052083
0 0.468262 0.556641 0.065430 0.050781
2 0.432617 0.746745 0.064453 0.053385
2 0.727051 0.777995 0.065430 0.069010
0 0.700684 0.878906 0.071289 0.054688
0 0.345215 0.923177 0.061523 0.052083
0 0.405762 0.936849 0.067383 0.066406