0 0.240234 0.440104 0.052734 0.151042
0 0.290527 0.625651 0.051758 0.121094
0 0.504883 0.111328 0.052734 0.131510
0 0.505859 0.278646 0.048828 0.143229
0 0.557129 0.548177 0.053711 0.125000
0 0.597168 0.542969 0.045898 0.135417
0 0.601074 0.707682 0.049805 0.121094
0 0.738281 0.558594 0.052734 0.117188
0 0.734863 0.703776 0.049805 0.128906
0 0.776855 0.696615 0.055664 0.125000
0 0.909668 0.696615 0.047852 0.125000
0 0.959473 0.701172 0.045898 0.126302
0 0.946777 0.264323 0.045898 0.122396
0 0.862793 0.259766 0.051758 0.121094
0 0.773926 0.267578 0.053711 0.128906
0 0.547852 0.273438 0.054688 0.138021
0 0.548340 0.111328 0.055664 0.126302
0 0.640625 0.106120 0.048828 0.134115
0 0.684082 0.108073 0.047852 0.132813
0 0.733398 0.106771 0.050781 0.132813
0 0.779297 0.108073 0.044922 0.111979
0 0.820313 0.103516 0.050781 0.126302
0 0.911133 0.090495 0.044922 0.123698