0 0.242188 0.589844 0.054688 0.135417
0 0.601563 0.160156 0.052734 0.125000
0 0.649414 0.146484 0.052734 0.134115
0 0.692871 0.140625 0.047852 0.125000
0 0.781738 0.138672 0.045898 0.128906
0 0.871582 0.133464 0.057617 0.134115
0 0.962402 0.136068 0.049805 0.128906
0 0.958008 0.275391 0.054688 0.126302
0 0.878906 0.271484 0.052734 0.115885
0 0.739258 0.282552 0.050781 0.130208
0 0.980957 0.576823 0.038086 0.127604
0 0.658203 0.574219 0.048828 0.122396
0 0.605957 0.718750 0.049805 0.117188
0 0.704102 0.728516 0.052734 0.108073
0 0.750977 0.736328 0.041016 0.126302