0 0.941895 0.512370 0.055664 0.141927
0 0.752441 0.537760 0.045898 0.125000
0 0.704102 0.541016 0.052734 0.121094
0 0.612793 0.557943 0.055664 0.136719
0 0.515137 0.569661 0.055664 0.136719
0 0.420410 0.582031 0.053711 0.151042
0 0.321777 0.597656 0.053711 0.132813
0 0.275391 0.604818 0.056641 0.131510
0 0.178223 0.624349 0.057617 0.134115
0 0.128418 0.617188 0.061523 0.138021
0 0.695801 0.242839 0.047852 0.105469
0 0.648438 0.253906 0.054688 0.143229
0 0.552734 0.259115 0.052734 0.119792
0 0.412598 0.270833 0.053711 0.125000
0 0.363770 0.298177 0.059570 0.125000
0 0.310547 0.292318 0.056641 0.126302