0 0.041504 0.324870 0.073242 0.050781
0 0.036133 0.375000 0.072266 0.049479
0 0.188477 0.616536 0.074219 0.063802
0 0.490723 0.210938 0.051758 0.096354
0 0.457520 0.278646 0.038086 0.091146
0 0.449707 0.409505 0.075195 0.053385
0 0.435547 0.508464 0.074219 0.055990
0 0.427734 0.550781 0.074219 0.059896
0 0.435059 0.609375 0.075195 0.065104
2 0.548828 0.474609 0.066406 0.154948
0 0.588379 0.483724 0.051758 0.097656
0 0.679688 0.501953 0.060547 0.092448
0 0.664063 0.555990 0.064453 0.085938
0 0.650391 0.627604 0.058594 0.085938
0 0.605469 0.611979 0.042969 0.093750
0 0.896484 0.596354 0.062500 0.096354
0 0.841309 0.591797 0.061523 0.087240
2 0.364258 0.893229 0.085938 0.067708
0 0.565918 0.580078 0.049805 0.089844