1 0.668457 0.218099 0.059570 0.225260
0 0.554199 0.274740 0.081055 0.054688
0 0.474609 0.276693 0.070313 0.084635
0 0.323730 0.268880 0.069336 0.066406
0 0.334961 0.468099 0.078125 0.069010
0 0.484375 0.329427 0.070313 0.078125
2 0.564453 0.366536 0.082031 0.053385
0 0.484863 0.451172 0.065430 0.074219
0 0.483887 0.509766 0.071289 0.074219
0 0.555664 0.468750 0.066406 0.067708
0 0.338867 0.628255 0.074219 0.074219
0 0.499023 0.616536 0.076172 0.084635
0 0.509766 0.662109 0.066406 0.069010
0 0.507813 0.726563 0.072266 0.075521
0 0.343262 0.685547 0.071289 0.074219