0 0.520996 0.800130 0.041992 0.100260
2 0.366699 0.820313 0.045898 0.101563
1 0.834473 0.281250 0.116211 0.072917
2 0.327637 0.830729 0.040039 0.098958
0 0.288574 0.830729 0.040039 0.104167
0 0.788574 0.107422 0.038086 0.092448
0 0.753418 0.105469 0.036133 0.085938
0 0.716309 0.107422 0.040039 0.095052
2 0.678223 0.120443 0.041992 0.110677
0 0.560547 0.131510 0.042969 0.088542
0 0.486328 0.139323 0.037109 0.088542
0 0.411133 0.147135 0.041016 0.088542
0 0.335449 0.156901 0.043945 0.100260
0 0.301270 0.167318 0.040039 0.102865
0 0.151855 0.191406 0.043945 0.104167
0 0.112793 0.182943 0.034180 0.082031
0 0.073730 0.198568 0.043945 0.102865
0 0.035156 0.195313 0.041016 0.093750