0 0.218262 0.067708 0.043945 0.093750
0 0.200195 0.154948 0.039063 0.085938
0 0.171875 0.250651 0.041016 0.097656
0 0.144043 0.355469 0.045898 0.093750
2 0.103516 0.531901 0.052734 0.108073
0 0.072266 0.652995 0.048828 0.100260
0 0.051758 0.749349 0.042969 0.095052
0 0.023438 0.869141 0.046875 0.092448
0 0.416016 0.181641 0.074219 0.063802
0 0.627930 0.098958 0.070313 0.065104
0 0.452637 0.294922 0.057617 0.079427
0 0.386719 0.285156 0.070313 0.059896
0 0.368164 0.345703 0.076172 0.074219
0 0.356445 0.397135 0.082031 0.080729
0 0.943359 0.067708 0.048828 0.096354
0 0.601563 0.210938 0.042969 0.085938
0 0.687988 0.242188 0.045898 0.080729
0 0.726074 0.261719 0.043945 0.083333
0 0.962402 0.587240 0.049805 0.101563
0 0.883301 0.559245 0.055664 0.097656
0 0.552246 0.422526 0.049805 0.097656
0 0.534180 0.514974 0.046875 0.097656
0 0.591797 0.451172 0.050781 0.102865
0 0.632324 0.451823 0.045898 0.093750
0 0.676270 0.470703 0.049805 0.105469
0 0.838867 0.563802 0.046875 0.088542
2 0.801758 0.529948 0.052734 0.098958
0 0.756836 0.520182 0.050781 0.092448
0 0.714355 0.487630 0.040039 0.097656
0 0.341309 0.694010 0.049805 0.091146
0 0.384277 0.708984 0.047852 0.100260
0 0.424805 0.728516 0.046875 0.102865
2 0.466309 0.747396 0.053711 0.101563
0 0.512207 0.774740 0.045898 0.098958
0 0.644043 0.714844 0.083008 0.080729
2 0.778809 0.873698 0.055664 0.117188
2 0.875000 0.912760 0.054688 0.117188
0 0.927734 0.941406 0.048828 0.101563
0 0.901367 0.688151 0.046875 0.095052
0 0.862305 0.657552 0.044922 0.088542
0 0.777344 0.641927 0.048828 0.106771
0 0.730469 0.611328 0.048828 0.092448
0 0.694336 0.591146 0.046875 0.091146
0 0.654785 0.581380 0.045898 0.097656
0 0.613281 0.555339 0.042969 0.100260
0 0.571777 0.542969 0.041992 0.093750