0 0.137695 0.234375 0.072266 0.117188
0 0.247070 0.121745 0.068359 0.105469
0 0.364258 0.363281 0.068359 0.119792
0 0.510742 0.671224 0.076172 0.123698
0 0.278320 0.877604 0.066406 0.114583
0 0.306641 0.938802 0.064453 0.111979
0 0.809082 0.563151 0.061523 0.113281
1 0.610352 0.139974 0.085938 0.162760
2 0.490234 0.210938 0.105469 0.070313
2 0.663086 0.246745 0.068359 0.131510
2 0.691895 0.319661 0.073242 0.126302
0 0.552246 0.276693 0.086914 0.061198
0 0.586426 0.338542 0.098633 0.067708
0 0.722168 0.389323 0.073242 0.119792