2 0.180176 0.063802 0.118164 0.098958
2 0.197754 0.124349 0.125977 0.100260
1 0.618164 0.771484 0.103516 0.225260
1 0.902832 0.642578 0.100586 0.243490
1 0.853027 0.662109 0.106445 0.233073
0 0.541016 0.889974 0.052734 0.100260
0 0.308594 0.643229 0.070313 0.072917
0 0.280762 0.559245 0.073242 0.071615
0 0.246582 0.416016 0.069336 0.071615
0 0.199707 0.602214 0.063477 0.110677
0 0.054688 0.073568 0.056641 0.100260
0 0.084961 0.170573 0.046875 0.104167
0 0.111816 0.273438 0.055664 0.109375
0 0.139160 0.376953 0.055664 0.115885
0 0.171387 0.490885 0.055664 0.098958