0 0.831055 0.848958 0.048828 0.106771
0 0.826660 0.675130 0.057617 0.118490
0 0.766602 0.548177 0.070313 0.098958
2 0.681641 0.430339 0.083984 0.115885
2 0.602051 0.318359 0.084961 0.108073
0 0.679688 0.199219 0.070313 0.098958
0 0.521973 0.248047 0.086914 0.082031
0 0.565430 0.101563 0.091797 0.091146
0 0.395996 0.224609 0.088867 0.063802
0 0.300293 0.291667 0.079102 0.096354
0 0.221680 0.402344 0.072266 0.106771
0 0.123047 0.335938 0.064453 0.117188
0 0.453125 0.068359 0.091797 0.058594
0 0.351563 0.085286 0.082031 0.066406
0 0.267578 0.136719 0.082031 0.101563
0 0.189453 0.216797 0.076172 0.097656