0 0.942383 0.099609 0.064453 0.102865
2 0.907715 0.140625 0.081055 0.148438
0 0.856934 0.160807 0.065430 0.110677
0 0.253418 0.910156 0.067383 0.070313
0 0.269531 0.962240 0.072266 0.075521
10 0.033203 0.784505 0.062500 0.105469
0 0.065430 0.753255 0.064453 0.102865
0 0.103516 0.729818 0.066406 0.108073
0 0.142090 0.701172 0.063477 0.113281
10 0.184570 0.667318 0.058594 0.102865
2 0.224121 0.636719 0.057617 0.106771
0 0.263184 0.610677 0.061523 0.114583
0 0.297363 0.576823 0.063477 0.106771
0 0.366699 0.543620 0.053711 0.097656
2 0.467285 0.459635 0.065430 0.101563
0 0.545410 0.404297 0.067383 0.108073
0 0.583496 0.371745 0.061523 0.102865
0 0.672363 0.305339 0.063477 0.108073
0 0.708984 0.281901 0.060547 0.097656
0 0.780273 0.218099 0.064453 0.105469