0 0.829590 0.078125 0.083008 0.072917
0 0.859863 0.196615 0.057617 0.114583
0 0.825195 0.162109 0.050781 0.102865
0 0.787109 0.154297 0.046875 0.105469
0 0.632324 0.330078 0.053711 0.097656
0 0.967285 0.483724 0.065430 0.123698
0 0.828125 0.468750 0.056641 0.109375
0 0.752441 0.504557 0.057617 0.105469
0 0.936035 0.712240 0.069336 0.075521
0 0.958984 0.739583 0.078125 0.075521
0 0.558594 0.910156 0.076172 0.085938
0 0.409668 0.813802 0.059570 0.111979
0 0.626465 0.126302 0.059570 0.114583
0 0.594727 0.155599 0.058594 0.113281
0 0.557617 0.169271 0.060547 0.111979
0 0.506836 0.212240 0.082031 0.091146
2 0.498535 0.268229 0.092773 0.085938
0 0.480957 0.325521 0.077148 0.075521
0 0.466797 0.370443 0.076172 0.076823
0 0.442871 0.472656 0.081055 0.062500
0 0.566895 0.527344 0.079102 0.091146
0 0.583984 0.621094 0.048828 0.104167
0 0.423340 0.557292 0.086914 0.072917
0 0.448242 0.611328 0.074219 0.074219
0 0.468262 0.657552 0.086914 0.085938
0 0.285156 0.490885 0.060547 0.111979
0 0.319336 0.576823 0.056641 0.088542
0 0.270020 0.610026 0.061523 0.108073
0 0.159180 0.562500 0.060547 0.109375
0 0.199219 0.650391 0.056641 0.095052
0 0.229004 0.737630 0.053711 0.087240