0 0.948730 0.057943 0.057617 0.097656
0 0.909668 0.078125 0.067383 0.119792
0 0.876465 0.121745 0.049805 0.087240
0 0.837402 0.130859 0.059570 0.102865
0 0.802734 0.164714 0.066406 0.110677
0 0.757324 0.187500 0.061523 0.101563
0 0.949219 0.181641 0.058594 0.110677
0 0.879395 0.237630 0.057617 0.105469
0 0.846191 0.265625 0.059570 0.106771
0 0.812012 0.291016 0.063477 0.115885
10 0.770020 0.323568 0.077148 0.121094
0 0.474609 0.041016 0.089844 0.053385
0 0.477051 0.098307 0.075195 0.061198
0 0.350586 0.167969 0.070313 0.119792
0 0.315918 0.200521 0.063477 0.101563
0 0.279785 0.231771 0.065430 0.114583
0 0.520508 0.195313 0.082031 0.072917
0 0.535156 0.253906 0.085938 0.075521
0 0.564941 0.309245 0.075195 0.102865
0 0.588867 0.369141 0.062500 0.100260
0 0.968262 0.483073 0.063477 0.117188
2 0.934082 0.501953 0.071289 0.121094
0 0.896973 0.532552 0.061523 0.106771
0 0.862793 0.555990 0.069336 0.114583
0 0.823730 0.583333 0.061523 0.104167
0 0.941895 0.617839 0.077148 0.084635
2 0.811523 0.689453 0.072266 0.082031
0 0.782715 0.598307 0.061523 0.108073
10 0.747070 0.628906 0.066406 0.114583
0 0.710938 0.659505 0.062500 0.105469
0 0.669434 0.670573 0.067383 0.109375
0 0.639648 0.710286 0.068359 0.110677
0 0.608887 0.736328 0.065430 0.108073
0 0.571289 0.763021 0.066406 0.106771
0 0.531738 0.783203 0.069336 0.102865
0 0.496582 0.813151 0.065430 0.108073
0 0.459961 0.828776 0.066406 0.108073
0 0.423828 0.860677 0.068359 0.114583
0 0.387207 0.884115 0.059570 0.109375
0 0.345703 0.901693 0.062500 0.102865
0 0.314453 0.934896 0.058594 0.111979
0 0.283203 0.954427 0.056641 0.091146
2 0.684570 0.927734 0.085938 0.089844
2 0.604004 0.968099 0.079102 0.063802
2 0.901367 0.841797 0.089844 0.084635
0 0.933105 0.889323 0.081055 0.072917
0 0.943359 0.932943 0.085938 0.079427
0 0.539551 0.539063 0.041992 0.122396
0 0.500488 0.576172 0.043945 0.110677
10 0.443359 0.619792 0.048828 0.119792
0 0.393555 0.636068 0.042969 0.113281
0 0.352539 0.669271 0.044922 0.111979
0 0.307617 0.697266 0.048828 0.118490
0 0.263672 0.725911 0.046875 0.115885
0 0.221191 0.750651 0.047852 0.115885
0 0.063965 0.635417 0.084961 0.088542
0 0.044922 0.841797 0.082031 0.089844