0 0.212402 0.047526 0.069336 0.076823
0 0.677734 0.184896 0.068359 0.075521
0 0.364746 0.392578 0.057617 0.063802
0 0.116211 0.610026 0.060547 0.074219
0 0.082520 0.720052 0.067383 0.078125
0 0.145996 0.667969 0.067383 0.080729
0 0.208984 0.608724 0.072266 0.079427
0 0.266113 0.557292 0.069336 0.075521
0 0.332031 0.492839 0.068359 0.071615
0 0.448242 0.175781 0.042969 0.096354
0 0.414063 0.206380 0.039063 0.089844
0 0.383301 0.244141 0.040039 0.105469
0 0.346680 0.256510 0.039063 0.085938
0 0.314941 0.291667 0.041992 0.096354
0 0.254395 0.341797 0.038086 0.089844
2 0.225586 0.376953 0.042969 0.139323
0 0.166016 0.427734 0.042969 0.092448
0 0.138184 0.455729 0.038086 0.080729
0 0.108398 0.483073 0.041016 0.088542
0 0.073730 0.503906 0.036133 0.072917
0 0.046875 0.531250 0.042969 0.096354
0 0.396973 0.102865 0.041992 0.098958
0 0.368164 0.136068 0.042969 0.076823
0 0.335449 0.162760 0.047852 0.098958
0 0.243164 0.245443 0.041016 0.082031
0 0.211426 0.261068 0.040039 0.079427
0 0.180664 0.292969 0.042969 0.093750
0 0.120605 0.351563 0.045898 0.096354
0 0.089355 0.382161 0.045898 0.100260
0 0.062012 0.404948 0.041992 0.091146
0 0.031738 0.441406 0.045898 0.093750