14 0.901855 0.247396 0.055664 0.104167
14 0.947754 0.424479 0.055664 0.145833
14 0.896484 0.440104 0.062500 0.143229
14 0.798828 0.273438 0.068359 0.164063
14 0.853027 0.471354 0.057617 0.156250
14 0.802246 0.482422 0.053711 0.136719
14 0.750000 0.526693 0.074219 0.149740
14 0.705078 0.544271 0.058594 0.169271
14 0.600098 0.606120 0.063477 0.152344
14 0.554199 0.600911 0.049805 0.131510
14 0.590332 0.871094 0.100586 0.257813
14 0.750488 0.293620 0.061523 0.154948
14 0.696289 0.310547 0.062500 0.170573
0 0.047363 0.182943 0.051758 0.100260
0 0.083008 0.166667 0.050781 0.093750
0 0.123047 0.154297 0.046875 0.100260
0 0.176758 0.237630 0.050781 0.092448
0 0.144531 0.259766 0.054688 0.095052
0 0.070801 0.283854 0.045898 0.101563
0 0.237793 0.447266 0.045898 0.100260
0 0.258301 0.542969 0.047852 0.101563
0 0.163574 0.481771 0.047852 0.098958
0 0.125488 0.494141 0.051758 0.102865
0 0.151855 0.591797 0.047852 0.097656
0 0.312012 0.759766 0.045898 0.108073
0 0.280273 0.782552 0.046875 0.093750
0 0.240234 0.788411 0.050781 0.105469
0 0.204590 0.808594 0.051758 0.104167
0 0.334473 0.848307 0.045898 0.097656
0 0.306152 0.877604 0.051758 0.101563
0 0.267090 0.886068 0.047852 0.097656