14 0.790039 0.238281 0.064453 0.158854
14 0.903320 0.406901 0.070313 0.186198
14 0.858398 0.469401 0.085938 0.220052
14 0.787109 0.496094 0.083984 0.197917
14 0.732422 0.505859 0.070313 0.178385
14 0.676758 0.542969 0.074219 0.210938
14 0.611328 0.561849 0.068359 0.178385
14 0.552246 0.606771 0.084961 0.213542
14 0.505859 0.631510 0.076172 0.210938
14 0.440918 0.640625 0.069336 0.179688
14 0.385742 0.681641 0.078125 0.209635
14 0.268555 0.743490 0.097656 0.231771
14 0.207520 0.723958 0.057617 0.130208
14 0.164063 0.796224 0.085938 0.233073
14 0.041504 0.822266 0.073242 0.186198
14 0.735352 0.268229 0.062500 0.143229
14 0.668945 0.283854 0.074219 0.158854
14 0.611816 0.296875 0.088867 0.223958
14 0.560547 0.335938 0.066406 0.187500
14 0.505371 0.358724 0.077148 0.207031
14 0.446777 0.394531 0.075195 0.187500
14 0.382324 0.395182 0.086914 0.238281
14 0.327637 0.426432 0.081055 0.222656
14 0.269043 0.446615 0.075195 0.234375
14 0.215820 0.489583 0.072266 0.177083
14 0.157715 0.516276 0.065430 0.183594
14 0.103516 0.544922 0.070313 0.207031
14 0.039063 0.580078 0.060547 0.157552