14 0.503906 0.201172 0.128906 0.095052
14 0.642090 0.645833 0.221680 0.143229
0 0.271484 0.105469 0.033203 0.083333
0 0.235352 0.102865 0.033203 0.078125
0 0.202637 0.117839 0.034180 0.087240
0 0.169922 0.125651 0.035156 0.087240
0 0.136719 0.130208 0.033203 0.091146
0 0.282227 0.303385 0.037109 0.088542
0 0.294434 0.391927 0.034180 0.088542
0 0.156738 0.326823 0.038086 0.091146
2 0.194336 0.316406 0.037109 0.101563
0 0.222656 0.307292 0.035156 0.083333
0 0.232910 0.399089 0.036133 0.092448
0 0.201660 0.410156 0.036133 0.098958
0 0.161621 0.418620 0.032227 0.082031
0 0.280762 0.585286 0.034180 0.084635
0 0.247559 0.591146 0.036133 0.091146
0 0.213379 0.593750 0.036133 0.088542
0 0.181152 0.602865 0.036133 0.083333
0 0.187988 0.688151 0.032227 0.084635
0 0.218262 0.692057 0.032227 0.087240
0 0.251465 0.681641 0.034180 0.092448
2 0.285156 0.664714 0.035156 0.087240
0 0.297852 0.867839 0.037109 0.089844
0 0.265625 0.875000 0.033203 0.088542
0 0.237793 0.878906 0.034180 0.096354
0 0.208008 0.888021 0.035156 0.083333