0 0.024414 0.046224 0.048828 0.092448
0 0.052734 0.141276 0.048828 0.097656
0 0.082520 0.228516 0.041992 0.084635
0 0.108887 0.320964 0.045898 0.089844
0 0.129395 0.413411 0.047852 0.084635
0 0.162109 0.505859 0.046875 0.097656
0 0.185547 0.608073 0.058594 0.101563
0 0.221680 0.707682 0.050781 0.092448
0 0.228516 0.107422 0.048828 0.102865
0 0.227051 0.420573 0.047852 0.088542
0 0.254883 0.195313 0.048828 0.093750
0 0.282715 0.294922 0.053711 0.110677
0 0.310059 0.388021 0.051758 0.093750
0 0.338867 0.492839 0.054688 0.097656
0 0.366699 0.589844 0.045898 0.085938
0 0.345215 0.635417 0.063477 0.072917
0 0.413086 0.737630 0.048828 0.089844
0 0.948730 0.653646 0.069336 0.067708
0 0.843750 0.710938 0.072266 0.072917
0 0.768066 0.754557 0.067383 0.066406
0 0.696777 0.798828 0.073242 0.071615
0 0.626465 0.836589 0.063477 0.069010
0 0.942383 0.784505 0.064453 0.066406
0 0.806641 0.857422 0.078125 0.071615
2 0.735352 0.897135 0.080078 0.075521
0 0.666016 0.936849 0.068359 0.066406