0 0.039063 0.255208 0.064453 0.065104
0 0.608887 0.073568 0.053711 0.095052
0 0.644043 0.176432 0.053711 0.097656
0 0.672363 0.279948 0.051758 0.093750
0 0.702637 0.376953 0.045898 0.089844
0 0.726563 0.463542 0.046875 0.096354
2 0.766602 0.595052 0.062500 0.127604
0 0.805664 0.740234 0.050781 0.100260
0 0.830566 0.838542 0.041992 0.093750
0 0.858398 0.936198 0.054688 0.109375
0 0.154297 0.631510 0.066406 0.065104
0 0.160645 0.677083 0.067383 0.065104
0 0.171875 0.723307 0.068359 0.063802
0 0.191895 0.759115 0.061523 0.065104
0 0.214355 0.840495 0.061523 0.066406
0 0.229004 0.888672 0.063477 0.066406