0 0.050293 0.326823 0.057617 0.164063
0 0.161621 0.243490 0.075195 0.153646
0 0.349121 0.191406 0.075195 0.164063
0 0.466797 0.145182 0.060547 0.154948
0 0.527832 0.121745 0.071289 0.178385
0 0.606445 0.130208 0.066406 0.145833
2 0.937988 0.248698 0.086914 0.182292
0 0.954102 0.742839 0.074219 0.175781
2 0.531250 0.914714 0.072266 0.170573
0 0.741211 0.445313 0.076172 0.171875
0 0.675781 0.458333 0.072266 0.174479
0 0.604004 0.484375 0.071289 0.148438
0 0.538086 0.503255 0.082031 0.167969
0 0.343262 0.658854 0.127930 0.080729
0 0.349121 0.755859 0.122070 0.092448