0 0.097656 0.160807 0.064453 0.134115
0 0.123535 0.576823 0.071289 0.122396
0 0.180176 0.544271 0.055664 0.125000
2 0.315430 0.618490 0.117188 0.098958
0 0.273438 0.507813 0.054688 0.114583
0 0.328125 0.483724 0.062500 0.121094
0 0.415527 0.440104 0.096680 0.072917
0 0.419922 0.504557 0.101563 0.076823
0 0.455078 0.619141 0.091797 0.071615
0 0.608887 0.423177 0.057617 0.135417
0 0.651855 0.400391 0.057617 0.144531
0 0.701172 0.388672 0.052734 0.144531
0 0.749512 0.376302 0.051758 0.138021
0 0.799316 0.356120 0.053711 0.126302
0 0.904785 0.272135 0.092773 0.098958
0 0.793945 0.464193 0.083984 0.074219