2 0.104980 0.103516 0.063477 0.175781
2 0.159180 0.113281 0.072266 0.177083
2 0.213379 0.141276 0.077148 0.183594
2 0.377930 0.184245 0.070313 0.175781
2 0.434082 0.194661 0.071289 0.178385
2 0.486328 0.211589 0.076172 0.175781
2 0.543457 0.234375 0.063477 0.156250
2 0.595703 0.243490 0.082031 0.187500
2 0.170410 0.521484 0.088867 0.212240
0 0.169922 0.692708 0.060547 0.122396
0 0.703125 0.298828 0.060547 0.126302
0 0.760742 0.310547 0.070313 0.147135
0 0.814453 0.315104 0.066406 0.145833
0 0.868164 0.331380 0.070313 0.134115
0 0.915039 0.352214 0.062500 0.128906
0 0.872070 0.696615 0.060547 0.145833
0 0.887695 0.858073 0.072266 0.143229
2 0.252441 0.513672 0.069336 0.160156