0 0.652344 0.300130 0.070313 0.165365
0 0.145020 0.164063 0.077148 0.161458
0 0.210449 0.169271 0.069336 0.148438
0 0.265137 0.190755 0.069336 0.149740
0 0.321289 0.216797 0.070313 0.144531
0 0.491699 0.245443 0.065430 0.131510
0 0.464844 0.362630 0.115234 0.084635
0 0.633301 0.685547 0.073242 0.149740
0 0.291504 0.881510 0.116211 0.101563
2 0.236328 0.720052 0.070313 0.174479
0 0.205078 0.564453 0.058594 0.136719
0 0.318359 0.580729 0.062500 0.143229
0 0.369141 0.608724 0.060547 0.126302
0 0.417480 0.613281 0.069336 0.143229
2 0.473633 0.625000 0.076172 0.158854
0 0.532715 0.646484 0.063477 0.139323
0 0.584961 0.669271 0.080078 0.158854