0 0.861816 0.152995 0.092773 0.110677
2 0.832031 0.214193 0.093750 0.123698
2 0.776367 0.243490 0.097656 0.117188
0 0.395508 0.759115 0.068359 0.145833
0 0.352539 0.834635 0.060547 0.138021
0 0.304688 0.906250 0.070313 0.148438
0 0.435059 0.097005 0.106445 0.069010
0 0.407227 0.161458 0.095703 0.067708
0 0.392578 0.323568 0.085938 0.121094
0 0.355469 0.283203 0.085938 0.118490
2 0.270996 0.197917 0.086914 0.125000
2 0.228516 0.162109 0.085938 0.126302
2 0.289551 0.043620 0.100586 0.071615
2 0.154785 0.069661 0.084961 0.118490
2 0.499023 0.570964 0.070313 0.141927