2 0.125000 0.031250 0.097656 0.062500
2 0.216309 0.094401 0.083008 0.123698
2 0.048828 0.248047 0.091797 0.141927
2 0.093262 0.299479 0.088867 0.140625
2 0.134277 0.353516 0.077148 0.121094
2 0.173828 0.402344 0.074219 0.109375
2 0.283203 0.175130 0.087891 0.128906
2 0.362305 0.251953 0.074219 0.128906
2 0.435059 0.332031 0.073242 0.132813
0 0.252441 0.465495 0.075195 0.113281
0 0.293945 0.504557 0.076172 0.126302
2 0.329102 0.555990 0.074219 0.117188
2 0.406738 0.637370 0.075195 0.110677
2 0.445801 0.679036 0.073242 0.113281
2 0.518555 0.404297 0.076172 0.118490
0 0.790527 0.645833 0.084961 0.104167
0 0.755371 0.707031 0.086914 0.114583
2 0.911621 0.773438 0.098633 0.117188