2 0.700684 0.496745 0.133789 0.154948
0 0.678711 0.657552 0.082031 0.109375
0 0.649902 0.624349 0.088867 0.121094
0 0.607422 0.570964 0.087891 0.128906
0 0.524414 0.746094 0.085938 0.101563
0 0.432129 0.789063 0.083008 0.122396
2 0.372559 0.741536 0.102539 0.152344
0 0.424805 0.638021 0.089844 0.106771
0 0.338867 0.675781 0.082031 0.109375
0 0.307129 0.627604 0.073242 0.101563
0 0.186523 0.545573 0.097656 0.127604
0 0.150879 0.475260 0.088867 0.114583
0 0.501465 0.439453 0.094727 0.128906
2 0.070801 0.238281 0.081055 0.125000