0 0.827637 0.468099 0.083008 0.102865
0 0.897949 0.550130 0.077148 0.108073
0 0.867676 0.595052 0.079102 0.106771
0 0.839844 0.636719 0.080078 0.101563
0 0.610352 0.180990 0.085938 0.114583
0 0.225586 0.117188 0.085938 0.114583
0 0.515625 0.314453 0.074219 0.097656
10 0.168945 0.378906 0.068359 0.096354
0 0.416016 0.442057 0.078125 0.108073
0 0.460938 0.582031 0.080078 0.101563
0 0.393555 0.671875 0.080078 0.104167
0 0.481934 0.932292 0.084961 0.111979
0 0.670898 0.680339 0.078125 0.105469
0 0.768555 0.722656 0.076172 0.096354
0 0.739258 0.772135 0.072266 0.098958
0 0.711914 0.820313 0.080078 0.111979
0 0.683594 0.858073 0.076172 0.104167
0 0.652832 0.895833 0.081055 0.101563
0 0.159668 0.049479 0.075195 0.098958