0 0.221191 0.128906 0.073242 0.114583
0 0.100098 0.319661 0.083008 0.126302
0 0.437012 0.145833 0.079102 0.114583
0 0.756836 0.298177 0.074219 0.085938
0 0.732910 0.350260 0.081055 0.098958
0 0.677246 0.445313 0.083008 0.104167
0 0.648926 0.485026 0.088867 0.100260
2 0.621582 0.529948 0.092773 0.111979
0 0.583008 0.583984 0.082031 0.095052
2 0.555664 0.647135 0.105469 0.125000
2 0.522949 0.699219 0.104492 0.122396
0 0.817383 0.630859 0.093750 0.095052
0 0.735352 0.852214 0.085938 0.105469
0 0.744141 0.757161 0.078125 0.089844