14 0.326172 0.061849 0.048828 0.113281
0 0.042969 0.375000 0.070313 0.049479
14 0.110352 0.250651 0.064453 0.055990
14 0.132324 0.339193 0.075195 0.089844
0 0.149902 0.404297 0.067383 0.055990
0 0.166016 0.445313 0.068359 0.046875
0 0.157227 0.502604 0.066406 0.049479
0 0.157227 0.544922 0.076172 0.048177
14 0.357422 0.391927 0.064453 0.153646
14 0.348633 0.719401 0.095703 0.410156
14 0.811523 0.119792 0.121094 0.096354
14 0.867188 0.264974 0.156250 0.126302
14 0.904297 0.326823 0.173828 0.158854
14 0.911621 0.395182 0.176758 0.136719
14 0.880371 0.825521 0.081055 0.205729