14 0.085938 0.089844 0.171875 0.135417
14 0.108398 0.247396 0.150391 0.145833
14 0.140625 0.311198 0.164063 0.135417
14 0.043457 0.522135 0.071289 0.203125
14 0.166992 0.598307 0.185547 0.121094
14 0.154785 0.392578 0.147461 0.126302
14 0.373047 0.495443 0.132813 0.110677
14 0.882324 0.420573 0.120117 0.263021
14 0.385254 0.565104 0.088867 0.080729
14 0.411133 0.630208 0.117188 0.111979
14 0.453613 0.694010 0.155273 0.130208
14 0.473633 0.767578 0.132813 0.110677
14 0.483887 0.848958 0.108398 0.088542
14 0.527344 0.910156 0.150391 0.119792