0 0.745605 0.216146 0.079102 0.078125
2 0.169434 0.212240 0.077148 0.083333
0 0.370605 0.147135 0.088867 0.083333
0 0.397461 0.263021 0.085938 0.088542
0 0.294434 0.593099 0.079102 0.084635
0 0.516602 0.625000 0.076172 0.075521
0 0.608887 0.570964 0.081055 0.076823
0 0.563477 0.769531 0.087891 0.075521
0 0.583496 0.815755 0.079102 0.074219
0 0.678711 0.814453 0.082031 0.087240
0 0.700684 0.857422 0.086914 0.071615
0 0.715332 0.905599 0.079102 0.066406
0 0.729980 0.955729 0.077148 0.075521
0 0.797363 0.357422 0.079102 0.071615