14 0.875977 0.135417 0.056641 0.044271
14 0.606445 0.658203 0.074219 0.058594
14 0.893555 0.738932 0.033203 0.110677
14 0.906250 0.852865 0.039063 0.104167
14 0.143555 0.670573 0.050781 0.164063
14 0.102539 0.669922 0.054688 0.167969
14 0.058105 0.672526 0.051758 0.170573
14 0.116699 0.498047 0.032227 0.100260
14 0.085449 0.499349 0.036133 0.097656
14 0.022949 0.501953 0.030273 0.082031
2 0.307129 0.153646 0.067383 0.049479
0 0.311035 0.212891 0.057617 0.045573
0 0.333496 0.339844 0.055664 0.041667
0 0.326172 0.386068 0.068359 0.042969
0 0.329102 0.430339 0.062500 0.045573
14 0.390137 0.399740 0.034180 0.111979
14 0.420410 0.394531 0.038086 0.101563
14 0.527344 0.396484 0.101563 0.055990
14 0.882324 0.399740 0.040039 0.070313
14 0.854004 0.392578 0.028320 0.074219
14 0.829102 0.392578 0.031250 0.082031
14 0.807617 0.393880 0.041016 0.079427
14 0.778809 0.399740 0.040039 0.080729
14 0.753906 0.405599 0.039063 0.076823
14 0.731445 0.396484 0.041016 0.079427
14 0.687500 0.376953 0.042969 0.082031
14 0.666504 0.320964 0.047852 0.069010
14 0.685547 0.294922 0.044922 0.074219
14 0.707520 0.290365 0.041992 0.078125
14 0.735352 0.295573 0.042969 0.085938
14 0.757324 0.287760 0.041992 0.078125
14 0.824707 0.130859 0.057617 0.040365
14 0.766602 0.130208 0.066406 0.039063
14 0.685547 0.138021 0.070313 0.044271
14 0.668945 0.169922 0.076172 0.048177
14 0.748535 0.219401 0.034180 0.061198
14 0.932617 0.292318 0.035156 0.069010
14 0.905273 0.291667 0.037109 0.067708
14 0.880859 0.293620 0.039063 0.063802
14 0.857422 0.289063 0.041016 0.072917
14 0.825195 0.288411 0.042969 0.071615
14 0.799805 0.294922 0.035156 0.071615