14 0.166504 0.051432 0.157227 0.069010
14 0.156250 0.111328 0.138672 0.095052
14 0.138184 0.174479 0.118164 0.070313
14 0.152832 0.247396 0.149414 0.083333
14 0.135742 0.304688 0.125000 0.072917
14 0.145508 0.380859 0.138672 0.076823
14 0.143555 0.441406 0.142578 0.083333
14 0.138672 0.509766 0.148438 0.076823
14 0.126465 0.570964 0.131836 0.069010
14 0.723633 0.077474 0.125000 0.095052
14 0.730957 0.186849 0.118164 0.102865
14 0.700684 0.298177 0.092773 0.075521
14 0.612305 0.352214 0.093750 0.076823
14 0.713379 0.479818 0.086914 0.207031
14 0.667969 0.885417 0.101563 0.062500
14 0.654785 0.762370 0.155273 0.108073