14 0.375000 0.130208 0.072266 0.046875
14 0.741211 0.156901 0.056641 0.063802
14 0.735352 0.261068 0.076172 0.055990
14 0.750000 0.455729 0.070313 0.046875
14 0.748047 0.688151 0.080078 0.063802
14 0.754395 0.760417 0.071289 0.046875
14 0.750977 0.854818 0.078125 0.071615
14 0.745605 0.895833 0.071289 0.065104
14 0.722656 0.955078 0.076172 0.084635
14 0.385742 0.227214 0.064453 0.045573
14 0.395508 0.280599 0.080078 0.053385
14 0.401367 0.396484 0.076172 0.050781
14 0.379883 0.427734 0.078125 0.055990
14 0.381348 0.461589 0.061523 0.042969
14 0.374023 0.576823 0.072266 0.059896
14 0.349121 0.636068 0.067383 0.050781
14 0.350586 0.670573 0.070313 0.054688
14 0.344727 0.712891 0.078125 0.069010
14 0.331055 0.742839 0.076172 0.063802
14 0.325195 0.775391 0.064453 0.063802
14 0.314453 0.807943 0.066406 0.063802
14 0.297363 0.836589 0.063477 0.063802
14 0.288086 0.869141 0.068359 0.084635
14 0.274902 0.916667 0.079102 0.078125
14 0.247559 0.961589 0.069336 0.076823