2002 1
2009 1
2008 1
2014 1
2005 1
2013 1
2011 1
2003 1
2018 -1
2007 1
2015 1
2017 -1
2020 1
2022 1
2016 1
2006 1
2004 1
2021 1
2026 1
2024 1
2029 1
2031 1
2032 1
2036 1
2033 1
2030 1
2027 1
2039 -1
2038 -1
2034 1
2028 1
2045 -1
2047 -1
2050 -1
2041 -1
2053 -1
2055 1
2043 -1
2048 -1
2060 1
2056 -1
2054 -1
2057 -1
2063 -1
2061 1
2037 1
2062 1
2066 -1
2064 1
2067 -1
2070 -1
2074 -1
2071 -1
2069 -1
2072 -1
2075 -1
2065 -1
2076 1
2077 -1
2080 -1
2081 1
2084 1
2082 1
2083 1
2089 -1
2088 1
2092 1
2090 -1
2093 1
2078 -1
2095 1
2096 1
2098 1
2099 1
2102 1
2091 1
2103 1
2106 1
2110 -1
2108 1
2109 1
2111 -1
2112 1
2113 -1
2116 -1
2115 -1
2117 -1
2118 1
2101 -1
2122 1
2100 1
2114 -1
2123 1
2125 1
2124 1
2126 1
2127 1
2128 1
2131 1
2129 1
2121 1
2132 1
2130 1
2133 -1
2134 -1
2138 1
2141 1
2137 -1
2139 1
2140 1
2145 1
2146 1
2147 -1
2144 1
2148 1
2152 -1
2150 1
2151 -1
2149 1
2153 -1
2154 1
2156 -1
2155 1
2157 1
2159 -1
2158 -1
2161 -1
2163 -1
2162 -1
2164 -1
2136 1
2165 -1
2168 1
2169 -1
2171 -1
2172 1
2170 -1
2174 -1
2175 -1
2178 -1
2176 -1
2180 -1
2173 1
2177 -1
2182 -1
2184 -1
2181 -1
2186 -1
2189 -1
2188 -1
2190 -1
2191 -1
2192 -1
2185 -1
2196 1
2197 -1
2201 1
2198 1
2199 1
2200 1
2202 -1
2203 1
2205 -1
2208 1
2204 1
2206 1
2213 -1
2214 -1
2212 -1
2216 1
2211 -1
2217 1
2215 1
2221 1
2218 1
2219 1
2223 -1
2224 1
2226 1
2194 -1
2229 1
2232 1
2235 1
2234 1
2231 1
2228 1
2237 1
2239 1
2238 1
2236 1
2241 1
2247 -1
2243 1
2244 1
2245 -1
2246 -1
2249 -1
2251 1
2230 1
2253 1
2254 -1
2250 -1
2258 1
2256 1
2261 1
2257 1
2263 1
2264 1
2268 1
2267 -1
2269 1
2270 1
2248 -1
2272 1
2275 1
2276 1
2279 1
2281 1
2280 1
2282 1
2284 1
2283 1
2285 1
2289 1
2252 1
2293 1
2291 1
2294 1
2296 1
2295 1
2303 1
2286 1
2305 1
2304 1
2308 1
2306 1
2310 1
2311 1
2300 1
2010 1
2313 1
2299 1
2314 1
2287 1
2288 1
2315 1
2316 1
2321 1
2322 1
2317 -1
2324 1
2297 1
2326 1
2320 1
2327 1
2319 1
2328 1
2329 1
2330 1
2332 1
2333 1
2338 -1
2336 1
2337 1
2340 1
2341 1
2343 1
2344 1
2345 1
2346 1
2347 1
2352 -1
2355 -1
2356 -1
2353 -1
2358 -1
2354 -1
2351 -1
2357 1
2362 1
2360 -1
2363 1
2325 1
2361 1
2364 1
2349 1
2365 1
2366 -1
2359 -1
2371 -1
2370 -1
2368 -1
2373 -1
2374 -1
2372 -1
2331 1
2375 -1
2378 -1
2381 -1
2379 -1
2386 1
2384 1
2387 -1
2388 -1
2391 -1
2392 -1
2390 -1
2394 1
2376 -1
2396 1
2398 1
2397 1
2389 -1
2402 1
2383 -1
2399 1
2401 1
2400 1
2405 1
2403 1
2408 1
2406 1
2412 1
2414 1
2411 1
2416 1
2058 -1
2415 1
2418 1
2421 1
2420 1
2419 1
2413 1
2423 -1
2422 -1
2424 -1
2417 1
2425 -1
2395 1
2428 -1
2429 -1
2431 -1
2433 -1
2432 -1
2434 -1
2436 -1
2427 -1
2439 -1
2438 -1
2437 -1
2097 1
2307 1
2444 -1
2443 -1
2442 -1
2426 -1
2440 -1
2447 -1
2445 -1
2441 -1
2452 -1
2451 -1
2449 -1
2450 -1
2453 -1
2456 -1
2454 -1
2455 -1
2459 -1
2461 -1
2462 -1
2460 -1
2463 1
2464 1
2465 1
2468 1
2467 1
2466 1
2471 1
2470 1
2457 -1
2473 1
2475 1
2472 1
2458 -1
2474 1
2479 1
2478 1
2476 1
2446 -1
2477 1
2469 1
2448 -1
2487 1
2480 1
2484 1
2486 -1
2482 1
2483 1
2490 1
2494 1
2489 1
2491 1
2492 1
2488 1
2496 1
2485 1
2481 1
2497 1
2493 1
2498 1
2500 1
2495 1
2499 1
