3006 -1
3001 -1
3003 -1
3007 -1
3014 1
3005 -1
3015 -1
3012 -1
3018 -1
3019 -1
3009 -1
3022 -1
3016 -1
3025 -1
3024 -1
3031 -1
3027 -1
3029 -1
3033 1
3030 -1
3037 -1
3039 -1
3042 -1
3043 -1
3040 -1
3041 -1
3046 -1
3044 -1
3050 -1
3023 -1
3045 -1
3048 -1
3051 -1
3052 -1
3058 -1
3057 -1
3059 -1
3056 -1
3061 -1
3062 1
3063 1
3064 -1
3068 -1
3066 -1
3070 1
3065 -1
3072 -1
3074 -1
3075 -1
3069 -1
3073 -1
3076 -1
3079 -1
3078 -1
3077 -1
3060 -1
3082 -1
3080 -1
3081 -1
3088 -1
3086 -1
3091 -1
3090 -1
3095 -1
3093 -1
3083 -1
3094 -1
3089 -1
3049 -1
3097 -1
3087 -1
3096 -1
3103 -1
3098 -1
3100 -1
3102 -1
3101 -1
3099 -1
3104 -1
3107 1
3108 -1
3112 -1
3109 -1
3115 -1
3111 -1
3118 -1
3116 -1
3114 -1
3113 -1
3117 -1
3122 -1
3123 -1
3119 -1
3127 -1
3121 -1
3128 -1
3136 -1
3120 -1
3129 -1
3130 1
3138 -1
3137 -1
3132 -1
3142 -1
3139 -1
3135 1
3141 1
3143 -1
3140 -1
3133 1
3147 -1
3148 -1
3144 -1
3151 -1
3152 1
3153 1
3149 -1
3154 -1
3150 -1
3157 1
3146 -1
3158 -1
3159 1
3162 1
3161 1
3163 -1
3164 -1
3167 1
3166 -1
3170 -1
3177 -1
3171 1
3178 -1
3174 -1
3180 1
3176 -1
3175 -1
3181 -1
3183 -1
3184 -1
3186 -1
3179 -1
3185 -1
3190 -1
3191 -1
3192 -1
3193 -1
3197 -1
3198 -1
3201 1
3199 -1
3194 -1
3203 -1
3205 1
3202 -1
3208 -1
3209 -1
3206 -1
3210 -1
3211 -1
3215 -1
3213 -1
3204 -1
3214 -1
3217 -1
3216 -1
3155 -1
3219 -1
3220 1
3222 -1
3225 -1
3218 -1
3227 -1
3223 -1
3231 -1
3224 -1
3228 -1
3233 -1
3236 -1
3226 -1
3235 -1
3232 -1
3237 -1
3238 -1
3242 1
3244 -1
3243 -1
3240 -1
3239 -1
3246 -1
3245 -1
3248 -1
3249 1
3241 -1
3250 1
3251 -1
3255 -1
3247 -1
3256 -1
3252 -1
3259 -1
3262 1
3263 -1
3264 -1
3266 -1
3269 1
3271 -1
3272 -1
3267 -1
3270 -1
3274 -1
3261 -1
3279 -1
3275 1
3277 -1
3281 -1
3285 -1
3287 -1
3288 -1
3290 1
3291 -1
3292 -1
3278 -1
3293 -1
3295 -1
3282 -1
3294 -1
3276 -1
3297 -1
3284 -1
3280 -1
3301 -1
3302 -1
3299 -1
3303 -1
3253 -1
3307 -1
3300 -1
3305 1
3289 1
3311 -1
3314 -1
3309 -1
3313 -1
3310 -1
3312 -1
3318 -1
3315 -1
3320 -1
3308 -1
3316 -1
3306 -1
3321 -1
3323 -1
3325 1
3326 -1
3330 1
3296 -1
3327 -1
3329 1
3334 -1
3331 -1
3335 -1
3340 -1
3337 -1
3336 -1
3317 -1
3339 -1
3342 -1
3343 -1
3351 1
3350 1
3353 -1
3354 -1
3341 -1
3357 -1
3361 -1
3355 -1
3359 -1
3360 -1
3363 -1
3364 -1
3356 1
3366 -1
3369 -1
3365 -1
3362 -1
3372 -1
3371 -1
3370 -1
3377 -1
3319 1
3383 -1
3378 -1
3347 -1
3368 -1
3379 -1
3382 -1
3387 -1
3388 -1
3384 -1
3376 -1
3386 -1
3392 -1
3393 -1
3395 -1
3390 -1
3398 -1
3397 -1
3402 -1
3396 -1
3400 -1
3405 -1
3404 -1
3401 -1
3403 -1
3406 -1
3411 -1
3408 -1
3399 -1
3410 -1
3409 -1
3412 -1
3413 -1
3414 -1
3416 -1
3418 -1
3419 -1
3420 -1
3422 -1
3421 -1
3417 -1
3423 -1
3424 -1
3425 -1
3427 -1
3428 -1
3432 -1
3430 -1
3431 -1
3426 -1
3434 -1
3436 -1
3433 -1
3435 -1
3439 -1
3441 -1
3438 -1
3440 -1
3442 -1
3437 -1
3444 -1
3447 -1
3445 -1
3446 -1
3450 -1
3449 -1
3448 -1
3453 -1
3454 -1
3451 -1
3452 -1
3456 -1
3458 -1
3455 -1
3459 -1
3462 -1
3461 -1
3464 -1
3460 -1
3465 -1
3463 -1
3466 -1
3468 -1
3467 -1
3470 -1
3469 -1
3474 1
3471 -1
3472 -1
3473 -1
3476 1
3475 -1
3478 1
3477 -1
3481 -1
3480 -1
3479 1
3483 -1
3484 -1
3485 -1
3486 -1
3488 1
3487 1
3489 -1
3491 -1
3490 -1
3495 -1
3492 -1
3493 -1
3496 -1
3499 -1
3498 -1
3497 -1
3494 -1
3381 -1
3500 -1
