1505 1
1502 -1
1501 -1
1504 -1
1507 -1
1509 -1
1503 -1
1512 -1
1514 -1
1508 -1
1513 -1
1522 -1
1519 -1
1517 -1
1520 1
1515 1
1511 -1
1516 1
1526 -1
1525 -1
1524 -1
1528 1
1529 -1
1523 -1
1521 -1
1535 -1
1536 -1
1531 -1
1538 -1
1532 -1
1539 -1
1542 -1
1540 -1
1541 -1
1544 1
1546 -1
1547 -1
1545 -1
1548 -1
1549 -1
1533 -1
1554 -1
1552 -1
1555 1
1556 1
1553 -1
1558 -1
1559 -1
1560 -1
1563 -1
1564 -1
1565 -1
1571 -1
1568 -1
1573 1
1569 -1
1534 -1
1572 -1
1574 -1
1577 -1
1575 -1
1550 -1
1586 -1
1584 -1
1583 -1
1576 -1
1591 -1
1585 -1
1580 -1
1590 -1
1592 -1
1589 1
1597 -1
1595 -1
1596 -1
1588 1
1600 -1
1601 -1
1602 -1
1605 -1
1579 -1
1610 -1
1606 -1
1609 -1
1611 1
1604 -1
1614 -1
1615 -1
1613 1
1617 -1
1607 -1
1616 1
1618 -1
1619 -1
1594 -1
1621 -1
1620 -1
1626 -1
1624 -1
1628 -1
1625 -1
1629 -1
1631 -1
1636 -1
1630 1
1635 -1
1637 -1
1634 -1
1639 -1
1641 -1
1638 -1
1640 -1
1642 1
1623 -1
1608 -1
1646 -1
1648 -1
1647 -1
1653 1
1649 -1
1652 -1
1654 1
1655 -1
1661 -1
1657 1
1663 -1
1662 -1
1665 -1
1650 -1
1660 -1
1659 -1
1658 -1
1667 -1
1668 -1
1671 -1
1675 -1
1664 -1
1677 -1
1678 -1
1670 -1
1679 -1
1681 -1
1686 -1
1682 -1
1684 -1
1688 -1
1680 -1
1687 -1
1690 -1
1691 -1
1689 -1
1669 -1
1693 -1
1696 -1
1697 -1
1698 -1
1695 -1
1700 -1
1699 -1
1692 1
1705 1
1703 -1
1706 -1
1702 -1
1707 -1
1709 -1
1710 -1
1711 1
1712 -1
1708 -1
1666 -1
1713 -1
1716 -1
1714 -1
1717 -1
1721 1
1718 -1
1723 1
1720 1
1722 1
1724 1
1728 -1
1719 -1
1727 -1
1733 -1
1736 -1
1730 -1
1729 -1
1732 1
1738 -1
1737 -1
1735 -1
1734 -1
1741 -1
1740 -1
1743 1
1747 -1
1731 -1
1748 1
1746 -1
1750 -1
1749 -1
1744 -1
1751 -1
1756 -1
1754 -1
1755 -1
1745 -1
1757 1
1752 -1
1760 -1
1759 -1
1763 1
1764 1
1769 -1
1761 1
1767 -1
1770 -1
1762 1
1773 -1
1765 -1
1774 -1
1758 -1
1777 -1
1776 -1
1778 -1
1772 -1
1768 -1
1781 -1
1783 1
1766 -1
1780 1
1779 -1
1791 -1
1784 -1
1726 -1
1792 -1
1790 -1
1789 -1
1771 -1
1797 -1
1793 -1
1800 -1
1799 -1
1801 -1
1786 -1
1805 -1
1803 -1
1804 -1
1807 -1
1811 -1
1810 -1
1806 -1
1813 -1
1812 -1
1787 -1
1814 -1
1816 -1
1809 -1
1820 -1
1822 1
1823 -1
1818 -1
1819 -1
1821 -1
1824 -1
1827 -1
1832 -1
1830 -1
1828 -1
1826 -1
1834 -1
1833 -1
1835 -1
1836 1
1840 -1
1839 -1
1838 1
1845 -1
1842 -1
1841 1
1849 -1
1846 -1
1850 -1
1837 1
1851 -1
1857 -1
1854 -1
1852 -1
1853 -1
1858 -1
1859 -1
1856 -1
1855 -1
1862 -1
1861 -1
1864 -1
1868 -1
1866 1
1865 -1
1867 -1
1869 -1
1870 -1
1874 -1
1878 -1
1880 -1
1877 -1
1883 -1
1884 -1
1881 -1
1886 -1
1860 -1
1888 -1
1890 -1
1887 -1
1892 -1
1889 -1
1896 -1
1891 -1
1894 -1
1899 -1
1895 -1
1900 -1
1898 -1
1897 -1
1901 -1
1903 -1
1902 -1
1905 -1
1911 -1
1906 -1
1909 -1
1913 -1
1915 -1
1910 -1
1917 -1
1912 -1
1921 -1
1920 -1
1923 -1
1922 -1
1925 -1
1924 -1
1926 -1
1918 -1
1929 -1
1927 -1
1933 -1
1934 -1
1935 -1
1937 -1
1936 -1
1942 -1
1940 -1
1941 -1
1938 -1
1943 -1
1944 -1
1947 -1
1946 -1
1914 -1
1939 -1
1949 -1
1948 -1
1945 -1
1952 1
1953 -1
1954 -1
1951 1
1956 -1
1930 -1
1959 -1
1958 -1
1955 -1
1961 -1
1950 1
1962 -1
1965 1
1964 1
1967 -1
1968 -1
1970 -1
1966 1
1972 -1
1969 -1
1971 -1
1973 -1
1977 -1
1976 -1
1982 -1
1981 -1
1978 -1
1985 -1
1986 -1
1988 -1
1983 -1
1987 -1
1992 1
1990 1
1993 1
1995 -1
1991 1
1996 -1
1994 -1
1997 -1
1984 -1
1998 1
2000 1
1999 1
