4502 -1
4509 -1
4510 -1
4505 -1
4501 -1
4503 -1
4508 -1
4514 -1
4516 1
4515 1
4520 -1
4512 -1
4522 -1
4525 -1
4524 -1
4529 -1
4526 -1
4521 -1
4528 -1
4523 -1
4530 -1
4527 -1
4536 -1
4534 -1
4538 -1
4537 -1
4539 -1
4535 -1
4540 -1
4541 -1
4543 -1
4544 -1
4545 -1
4551 -1
4550 -1
4548 -1
4504 1
4555 -1
4556 -1
4557 -1
4559 -1
4561 -1
4560 -1
4553 -1
4562 -1
4565 -1
4564 -1
4567 -1
4573 1
4566 -1
4572 1
4575 1
4570 -1
4577 -1
4546 -1
4578 -1
4580 -1
4563 -1
4579 -1
4584 1
4582 1
4585 1
4586 1
4531 -1
4591 1
4594 1
4593 1
4595 1
4596 -1
4599 -1
4598 -1
4587 1
4600 -1
4518 1
4601 -1
4603 -1
4604 -1
4602 -1
4605 -1
4606 -1
4588 1
4609 -1
4612 -1
4614 -1
4615 -1
4616 -1
4617 -1
4619 -1
4620 -1
4621 -1
4625 -1
4626 -1
4628 -1
4632 -1
4635 -1
4629 -1
4633 -1
4634 -1
4631 -1
4636 -1
4637 -1
4592 1
4638 -1
4640 -1
4642 -1
4639 -1
4644 -1
4643 -1
4645 -1
4607 -1
4647 -1
4608 -1
4648 -1
4651 -1
4649 -1
4650 -1
4654 -1
4652 -1
4656 -1
4653 -1
4659 -1
4664 -1
4657 -1
4661 -1
4663 -1
4667 -1
4666 -1
4662 -1
4668 -1
4671 -1
4670 -1
4672 -1
4673 -1
4674 -1
4675 1
4676 1
4680 -1
4677 -1
4684 -1
4686 -1
4688 -1
4687 -1
4690 -1
4683 -1
4691 -1
4693 -1
4658 -1
4694 -1
4692 -1
4696 -1
4695 -1
4681 -1
4697 -1
4699 -1
4669 -1
4701 -1
4610 -1
4703 -1
4700 -1
4709 -1
4719 -1
4714 -1
4717 -1
4718 -1
4720 -1
4715 -1
4724 -1
4722 -1
4729 -1
4713 -1
4726 -1
4727 -1
4731 -1
4723 -1
4706 -1
4730 -1
4704 -1
4725 -1
4735 -1
4710 -1
4738 -1
4737 -1
4740 -1
4734 -1
4742 -1
4702 -1
4739 -1
4741 -1
4744 -1
4746 -1
4750 -1
4747 1
4749 -1
4743 -1
4748 1
4754 -1
4752 -1
4753 -1
4755 -1
4757 -1
4732 -1
4759 -1
4761 -1
4767 -1
4758 -1
4766 -1
4765 -1
4770 -1
4771 -1
4772 -1
4775 -1
4773 -1
4778 -1
4777 -1
4779 -1
4781 -1
4780 -1
4782 -1
4784 -1
4764 -1
4783 -1
4785 -1
4789 -1
4786 -1
4788 -1
4792 -1
4793 -1
4790 -1
4795 -1
4797 -1
4791 -1
4796 -1
4799 -1
4803 -1
4768 -1
4804 -1
4802 -1
4801 -1
4806 1
4807 1
4810 1
4808 1
4814 1
4812 1
4809 1
4813 1
4816 1
4818 1
4815 1
4820 -1
4817 1
4822 -1
4824 -1
4819 1
4825 -1
4823 -1
4829 -1
4832 -1
4828 -1
4831 -1
4774 -1
4830 -1
4835 -1
4837 1
4836 -1
4838 -1
4843 -1
4841 -1
4844 -1
4845 -1
4839 -1
4842 -1
4847 -1
4848 -1
4850 -1
4849 -1
4800 -1
4852 -1
4855 -1
4856 -1
4733 -1
4859 -1
4858 -1
4853 -1
4861 -1
4857 -1
4865 -1
4862 -1
4863 -1
4864 -1
4868 -1
4866 -1
4867 -1
4869 -1
4872 -1
4871 -1
4873 -1
4876 -1
4874 -1
4875 -1
4881 -1
4833 -1
4880 -1
4877 -1
4885 -1
4879 -1
4886 -1
4883 -1
4889 -1
4890 -1
4887 -1
4888 -1
4894 -1
4893 -1
4892 -1
4898 -1
4895 -1
4901 -1
4902 -1
4899 -1
4905 -1
4903 -1
4909 -1
4907 -1
4908 -1
4906 -1
4912 1
4760 -1
4913 1
4915 -1
4916 -1
4910 1
4920 -1
4923 -1
4914 -1
4925 -1
4919 -1
4811 1
4922 -1
4926 -1
4928 -1
4927 -1
4930 -1
4931 -1
4911 1
4935 -1
4933 -1
4938 -1
4936 -1
4932 -1
4940 -1
4937 -1
4941 -1
4947 -1
4946 -1
4945 -1
4949 -1
4942 -1
4951 -1
4953 -1
4954 -1
4939 -1
4958 1
4959 1
4957 1
4944 -1
4955 1
4962 1
4965 1
4966 1
4968 1
4960 1
4971 1
4967 1
4970 1
4975 1
4950 -1
4972 1
4979 1
4981 1
4978 1
4983 1
4980 1
4977 1
4982 1
4984 1
4986 1
4956 1
4973 1
4976 1
4987 1
4921 -1
4993 1
4990 1
4988 1
4964 1
4997 1
4995 1
4991 1
4994 1
5000 1
4985 1
4999 1
4989 1
4992 1
4998 1
4996 1
